1 0.953461 0.0354492 0.0930786 0.0708984
0 0.668091 0.793945 0.368164 0.271484
0 0.716492 0.296289 0.515747 0.530859
0 0.1577 0.0480469 0.315399 0.0960938
0 0.533997 0.252539 0.168213 0.165234
0 0.397125 0.275586 0.483215 0.417578
1 0.586761 0.249219 0.270569 0.160156
0 0.140442 0.0838379 0.280884 0.167676
0 0.364197 0.0178223 0.333252 0.0356445
1 0.960205 0.0428711 0.0795898 0.0857422
0 0.72641 0.187061 0.457825 0.304785
1 0.139252 0.152344 0.278503 0.264844
0 0.307068 0.255469 0.472107 0.38125
0 0.630005 0.819531 0.409424 0.296875
0 0.309647 0.18418 0.483612 0.267578
0 0.199753 0.0274902 0.387604 0.0549805
0 0.310242 0.0191895 0.297546 0.0383789
0 0.610168 0.230859 0.31897 0.197266
0 0.412994 0.0170166 0.32135 0.0340332
0 0.813217 0.304297 0.373566 0.533594
0 0.466156 0.0254395 0.426086 0.0508789
0 0.785522 0.349219 0.40625 0.526563
0 0.490356 0.288281 0.0714111 0.071875
0 0.551453 0.0327637 0.656982 0.0655273
1 0.591522 0.871484 0.349915 0.257031
0 0.139252 0.152344 0.278503 0.264844
1 0.947906 0.178418 0.104187 0.356836
0 0.445129 0.322461 0.690308 0.480078
0 0.666107 0.84668 0.361023 0.281641
1 0.666107 0.84668 0.361023 0.281641
0 0.94989 0.900781 0.10022 0.198437
1 0.0670471 0.144043 0.134094 0.288086
0 0.269577 0.281836 0.539154 0.508203
0 0.559387 0.221045 0.214233 0.212598
0 0.538757 0.0280273 0.460205 0.0560547
0 0.140045 0.294922 0.28009 0.572656
1 0.672852 0.860937 0.460205 0.278125
0 0.754181 0.0440918 0.322937 0.0881836
0 0.613342 0.287109 0.334045 0.214062
1 0.307068 0.255469 0.472107 0.38125
0 0.871536 0.377344 0.256927 0.464844
1 0.0884705 0.854102 0.176941 0.291797
0 0.66214 0.387109 0.564148 0.695312
1 0.610168 0.230859 0.31897 0.197266
0 0.586761 0.249219 0.270569 0.160156
0 0.672852 0.860937 0.460205 0.278125
0 0.811829 0.0507324 0.376343 0.101465
0 0.474884 0.283203 0.560974 0.207813
0 0.266602 0.663281 0.407837 0.340625
1 0.157204 0.916406 0.314407 0.167187
0 0.0670471 0.144043 0.134094 0.288086
0 0.142624 0.149902 0.285248 0.299805
0 0.274338 0.183252 0.537567 0.336621
1 0.397125 0.275586 0.483215 0.417578
1 0.474884 0.283203 0.560974 0.207813
1 0.958618 0.404004 0.0827637 0.74043
1 0.259857 0.698438 0.416565 0.396875
1 0.329681 0.679688 0.440369 0.35625
1 0.533997 0.252539 0.168213 0.165234
0 0.909424 0.898438 0.181152 0.1875
1 0.0963058 0.32168 0.192612 0.643359
0 0.620087 0.320117 0.364197 0.269141
1 0.9245 0.22832 0.151001 0.438672
0 0.569603 0.259375 0.711136 0.41875
1 0.559387 0.221045 0.214233 0.212598
1 0.951477 0.61875 0.0970459 0.659375
0 0.0884705 0.854102 0.176941 0.291797
1 0.1577 0.0480469 0.315399 0.0960938
0 0.397621 0.21167 0.447311 0.340723
0 0.688721 0.877344 0.387207 0.245312
0 0.958618 0.894531 0.0827637 0.207813
1 0.876297 0.90625 0.247406 0.1875
1 0.813217 0.304297 0.373566 0.533594
0 0.934814 0.277734 0.130371 0.472656
0 0.664124 0.448438 0.449097 0.601562
1 0.198364 0.929688 0.396729 0.140625
1 0.114059 0.110645 0.228119 0.221289
1 0.0859909 0.187305 0.171982 0.374609
0 0.234863 0.106836 0.357056 0.213672
0 0.777313 0.234033 0.445374 0.355371
0 0.922516 0.369922 0.154968 0.582031
1 0.688721 0.877344 0.387207 0.245312
0 0.664124 0.223242 0.512573 0.394141
1 0.305531 0.767969 0.40377 0.307813
0 0.68396 0.0336914 0.36499 0.0673828
0 0.582397 0.850781 0.384033 0.267188
0 0.66571 0.744141 0.379272 0.416406
1 0.926086 0.381641 0.147827 0.702344
0 0.0963058 0.32168 0.192612 0.643359
1 0.269577 0.281836 0.539154 0.508203
1 0.668091 0.793945 0.368164 0.271484
1 0.959808 0.882812 0.0803833 0.214062
1 0.127747 0.904688 0.255493 0.190625
1 0.826706 0.0393066 0.346588 0.0786133
0 0.465065 0.337891 0.796432 0.605469
0 0.239426 0.705469 0.462189 0.460938
1 0.0765686 0.706641 0.153137 0.586719
1 0.811829 0.0507324 0.376343 0.101465
1 0.309647 0.18418 0.483612 0.267578
0 0.778381 0.487598 0.27771 0.56543
0 0.645081 0.29043 0.391968 0.398047
1 0.288422 0.625391 0.486389 0.450781
1 0.630005 0.819531 0.409424 0.296875
0 0.826706 0.0393066 0.346588 0.0786133
1 0.716492 0.296289 0.515747 0.530859
1 0.938385 0.335938 0.12323 0.540625
0 0.288422 0.625391 0.486389 0.450781
0 0.818176 0.0686523 0.363647 0.137305
0 0.342377 0.122754 0.421326 0.209961
1 0.96814 0.489746 0.0637207 0.773633
0 0.354279 0.653906 0.53717 0.370313
0 0.127747 0.904688 0.255493 0.190625
1 0.199753 0.0274902 0.387604 0.0549805
0 0.517731 0.215039 0.580017 0.372266
1 0.500671 0.36543 0.822021 0.491797
1 0.956238 0.819531 0.0875244 0.295312
0 0.32497 0.0880859 0.351402 0.176172
1 0.102257 0.428906 0.204514 0.857813
0 0.802185 0.390234 0.245972 0.383594
0 0.207489 0.305078 0.414978 0.561719
0 0.748627 0.434473 0.332458 0.526367
1 0.0827179 0.767578 0.165436 0.464844
1 0.142426 0.236719 0.284851 0.409375
1 0.613342 0.287109 0.334045 0.214062
0 0.0769157 0.660937 0.153831 0.5625
0 0.390381 0.0849609 0.416565 0.169922
0 0.157204 0.916406 0.314407 0.167187
0 0.753906 0.904688 0.492188 0.190625
0 0.230103 0.150488 0.460205 0.280664
0 0.586761 0.291797 0.495911 0.542188
1 0.72641 0.187061 0.457825 0.304785
0 0.947906 0.178418 0.104187 0.356836
1 0.130028 0.330078 0.260056 0.658594
1 0.645874 0.243164 0.396729 0.429297
0 0.124573 0.638281 0.244781 0.335938
1 0.332062 0.817187 0.469727 0.285937
1 0.785522 0.349219 0.40625 0.526563
1 0.244385 0.966406 0.438782 0.0671875
0 0.954254 0.0428711 0.0914917 0.0857422
0 0.27771 0.599219 0.460999 0.640625
1 0.364197 0.0178223 0.333252 0.0356445
1 0.754181 0.0440918 0.322937 0.0881836
1 0.764099 0.467578 0.284058 0.546875
0 0.151154 0.725781 0.293579 0.482812
1 0.620087 0.883008 0.533997 0.233984
0 0.845154 0.936328 0.309692 0.127344
1 0.569603 0.259375 0.711136 0.41875
1 0.871536 0.377344 0.256927 0.464844
0 0.279297 0.416016 0.464966 0.289844
1 0.753906 0.904688 0.492188 0.190625
0 0.490753 0.0896484 0.312622 0.179297
0 0.123779 0.231055 0.247559 0.451172
0 0.129433 0.396094 0.258865 0.792188
0 0.827301 0.504004 0.345398 0.773242
1 0.827301 0.504004 0.345398 0.773242
1 0.94989 0.900781 0.10022 0.198437
0 0.12011 0.169336 0.240219 0.338672
1 0.914185 0.288867 0.171631 0.509766
1 0.944336 0.864844 0.111328 0.229687
1 0.275726 0.0193359 0.32135 0.0386719
0 0.0859909 0.187305 0.171982 0.374609
0 0.845947 0.429785 0.308105 0.53418
0 0.27771 0.475098 0.479248 0.476367
1 0.11277 0.644922 0.22554 0.286719
0 0.305531 0.767969 0.40377 0.307813
1 0.142624 0.149902 0.285248 0.299805
0 0.402679 0.135645 0.423706 0.23418
1 0.94751 0.0883789 0.10498 0.176758
1 0.412994 0.0170166 0.32135 0.0340332
1 0.258469 0.156836 0.516937 0.288672
0 0.476868 0.152344 0.4729 0.263281
0 0.964172 0.0778809 0.0716553 0.155762
1 0.397621 0.21167 0.447311 0.340723
1 0.880859 0.557422 0.238281 0.797656
1 0.546791 0.911719 0.528244 0.176563
1 0.845154 0.936328 0.309692 0.127344
1 0.777313 0.234033 0.445374 0.355371
1 0.941956 0.447656 0.116089 0.815625
1 0.0805855 0.562598 0.161171 0.756055
0 0.876297 0.90625 0.247406 0.1875
1 0.466156 0.0254395 0.426086 0.0508789
0 0.671265 0.113306 0.458618 0.188232
0 0.332062 0.817187 0.469727 0.285937
0 0.620087 0.883008 0.533997 0.233984
1 0.551453 0.0327637 0.656982 0.0655273
0 0.0990829 0.453125 0.198166 0.898438
1 0.454254 0.439844 0.787903 0.817187
1 0.0805359 0.671484 0.161072 0.353906
1 0.677216 0.387598 0.484802 0.579492
0 0.893951 0.43125 0.212097 0.707812
1 0.897125 0.417969 0.20575 0.751562
1 0.837021 0.16543 0.325958 0.330859
0 0.958618 0.404004 0.0827637 0.74043
1 0.119415 0.782031 0.238831 0.435937
1 0.68396 0.0336914 0.36499 0.0673828
1 0.802185 0.390234 0.245972 0.383594
0 0.315399 0.358203 0.53479 0.417188
0 0.96814 0.489746 0.0637207 0.773633
0 0.953857 0.663672 0.0922852 0.577344
1 0.819962 0.851758 0.360077 0.215234
0 0.956238 0.819531 0.0875244 0.295312
0 0.198364 0.929688 0.396729 0.140625
0 0.338409 0.361133 0.618103 0.558984
0 0.411705 0.418359 0.7397 0.725781
1 0.104538 0.710938 0.209076 0.48125
0 0.620087 0.122168 0.626038 0.200195
0 0.0827179 0.767578 0.165436 0.464844
0 0.557106 0.228516 0.406052 0.424219
0 0.701416 0.101392 0.371338 0.155029
0 0.815796 0.129004 0.368408 0.226367
1 0.538757 0.0280273 0.460205 0.0560547
0 0.119415 0.782031 0.238831 0.435937
1 0.12011 0.169336 0.240219 0.338672
1 0.689117 0.761328 0.351501 0.380469
1 0.414978 0.953125 0.703003 0.09375
0 0.777588 0.105835 0.417358 0.145361
1 0.517731 0.215039 0.580017 0.372266
1 0.845947 0.429785 0.308105 0.53418
0 0.364197 0.617871 0.64032 0.55957
0 0.20015 0.56416 0.364594 0.481055
1 0.451378 0.923437 0.488968 0.153125
0 0.546791 0.911719 0.528244 0.176563
1 0.620087 0.320117 0.364197 0.269141
0 0.944336 0.864844 0.111328 0.229687
1 0.396729 0.903125 0.411011 0.19375
0 0.546692 0.0794434 0.393555 0.158887
0 0.601044 0.136523 0.400696 0.232031
1 0.316391 0.892187 0.491547 0.215625
1 0.909424 0.898438 0.181152 0.1875
0 0.565735 0.073291 0.61731 0.146582
1 0.633179 0.329883 0.455444 0.596484
1 0.479248 0.353516 0.603027 0.45
0 0.942352 0.596875 0.115295 0.746875
0 0.240417 0.349609 0.42688 0.457031
1 0.364197 0.617871 0.64032 0.55957
0 0.676025 0.0755859 0.357056 0.151172
1 0.672852 0.685938 0.380859 0.503125
1 0.192413 0.879687 0.384827 0.226562
0 0.927673 0.498437 0.144653 0.828125
0 0.799805 0.434473 0.377686 0.72168
0 0.144112 0.863867 0.288223 0.259766
0 0.209869 0.8875 0.407043 0.209375
0 0.0946198 0.68125 0.18924 0.4375
1 0.20015 0.56416 0.364594 0.481055
0 0.415077 0.758594 0.502853 0.382812
1 0.964172 0.0778809 0.0716553 0.155762
0 0.0805359 0.671484 0.161072 0.353906
0 0.244385 0.966406 0.438782 0.0671875
0 0.612946 0.0732422 0.4245 0.146484
0 0.209869 0.84375 0.407043 0.203125
0 0.247162 0.402734 0.367371 0.375
0 0.861816 0.850781 0.276367 0.292188
0 0.260651 0.795117 0.368958 0.253516
0 0.886017 0.544531 0.227966 0.842188
1 0.774536 0.93125 0.450928 0.1375
0 0.451378 0.923437 0.488968 0.153125
0 0.819962 0.851758 0.360077 0.215234
1 0.428566 0.700391 0.466354 0.339844
0 0.414978 0.953125 0.703003 0.09375
0 0.694275 0.643359 0.369751 0.571094
0 0.436798 0.820312 0.487183 0.2875
0 0.428566 0.700391 0.466354 0.339844
1 0.415077 0.758594 0.502853 0.382812
1 0.121796 0.510156 0.243591 0.807813
1 0.180016 0.555469 0.360031 0.629687
1 0.436798 0.820312 0.487183 0.2875
1 0.133003 0.80957 0.266006 0.330859
1 0.352295 0.866797 0.407837 0.266406
1 0.81044 0.892187 0.37912 0.20625
1 0.144112 0.863867 0.288223 0.259766
0 0.807068 0.669922 0.385864 0.553906
1 0.234863 0.106836 0.357056 0.213672
1 0.696655 0.482812 0.457031 0.684375
0 0.407043 0.501172 0.57605 0.564844
0 0.774536 0.93125 0.450928 0.1375
1 0.390381 0.0849609 0.416565 0.169922
1 0.351105 0.328125 0.677612 0.528906
1 0.799805 0.434473 0.377686 0.72168
0 0.546295 0.438281 0.430847 0.420312
0 0.180016 0.555469 0.360031 0.629687
1 0.818176 0.0686523 0.363647 0.137305
1 0.27771 0.475098 0.479248 0.476367
0 0.837021 0.16543 0.325958 0.330859
0 0.432831 0.617969 0.46814 0.295312
1 0.633972 0.76875 0.425293 0.415625
1 0.861816 0.850781 0.276367 0.292188
0 0.133003 0.80957 0.266006 0.330859
1 0.473 0.898438 0.442551 0.178125
1 0.260651 0.795117 0.368958 0.253516
0 0.94751 0.0883789 0.10498 0.176758
1 0.264618 0.5625 0.441162 0.596875
0 0.706573 0.552344 0.338806 0.6125
1 0.847931 0.67041 0.304138 0.616992
1 0.402679 0.135645 0.423706 0.23418
1 0.432831 0.617969 0.46814 0.295312
0 0.435509 0.588281 0.704788 0.664062
0 0.434021 0.560938 0.456238 0.31875
1 0.536774 0.889063 0.526062 0.20625
1 0.32497 0.0880859 0.351402 0.176172
1 0.342377 0.122754 0.421326 0.209961
1 0.957428 0.0331543 0.085144 0.0663086
0 0.493927 0.283789 0.0698242 0.0722656
0 0.125565 0.499219 0.0952148 0.0984375
0 0.190231 0.6875 0.0460205 0.0453125
1 0.683167 0.652344 0.0571289 0.05625
1 0.939453 0.0304199 0.0983887 0.0608398
0 0.716095 0.485938 0.0753784 0.0703125
1 0.960999 0.0229248 0.0780029 0.0458496
1 0.0243988 0.8125 0.0487976 0.0734375
0 0.114853 0.508594 0.0801392 0.0875
0 0.376198 0.493359 0.0807343 0.0867188
0 0.363403 0.497656 0.0904541 0.096875
0 0.698242 0.492188 0.0753784 0.0765625
0 0.714111 0.498437 0.0825195 0.09375
0 0.801392 0.98125 0.0380859 0.034375
0 0.131516 0.485938 0.0678406 0.0703125
1 0.853485 0.0279785 0.29303 0.055957
0 0.858643 0.036499 0.282715 0.072998
0 0.135086 0.499219 0.0761719 0.0859375
1 0.953857 0.0399414 0.0922852 0.0798828
1 0.858643 0.036499 0.282715 0.072998
0 0.48877 0.291797 0.0682373 0.0726563
1 0.23288 0.217969 0.0603027 0.059375
0 0.853485 0.0279785 0.29303 0.055957
1 0.0732956 0.957422 0.12735 0.0851562
1 0.417358 0.507422 0.0983887 0.0976562
0 0.766998 0.0413574 0.466003 0.0827148
1 0.530029 0.233594 0.177734 0.161719
0 0.953857 0.0399414 0.0922852 0.0798828
0 0.955444 0.0258789 0.0891113 0.0517578
0 0.809448 0.784766 0.381104 0.430469
1 0.955444 0.0258789 0.0891113 0.0517578
0 0.817459 0.840625 0.234467 0.289062
0 0.791794 0.454297 0.416412 0.46875
0 0.831543 0.453906 0.0349121 0.0359375
1 0.609375 0.27168 0.338013 0.318359
1 0.503052 0.226904 0.103149 0.153223
0 0.163551 0.916797 0.327103 0.166406
0 0.692688 0.457031 0.442749 0.448438
0 0.965759 0.898828 0.0684814 0.202344
0 0.766403 0.960938 0.467194 0.078125
1 0.714111 0.390234 0.476074 0.448438
0 0.609375 0.27168 0.338013 0.318359
1 0.614136 0.247656 0.322144 0.18125
0 0.0904541 0.132812 0.180908 0.265625
0 0.955444 0.0400391 0.0891113 0.0800781
0 0.0700226 0.934375 0.140045 0.13125
1 0.760651 0.450684 0.478699 0.46582
0 0.815598 0.880078 0.368805 0.239844
0 0.865784 0.464453 0.268433 0.488281
1 0.0391769 0.802344 0.0783539 0.103125
0 0.175751 0.916406 0.351501 0.167187
1 0.955444 0.0400391 0.0891113 0.0800781
0 0.530029 0.233594 0.177734 0.161719
0 0.714111 0.390234 0.476074 0.448438
0 0.577637 0.917969 0.449097 0.164062
0 0.674835 0.919922 0.345154 0.160156
1 0.766403 0.960938 0.467194 0.078125
0 0.957031 0.954297 0.0859375 0.0914062
1 0.692688 0.457031 0.442749 0.448438
1 0.190479 0.6875 0.0451279 0.04375
1 0.941833 0 0.112671 0
1 0.8396 0.106934 0.320801 0.213867
1 0.519714 0.260352 0.138062 0.307422
0 0.939575 0.905469 0.12085 0.189063
1 0.766998 0.0413574 0.466003 0.0827148
0 0.518921 0.237061 0.263428 0.262598
0 0.595886 0.361133 0.322144 0.363672
1 0.939575 0.905469 0.12085 0.189063
0 0.519714 0.260352 0.138062 0.307422
0 0.614136 0.247656 0.322144 0.18125
1 0.595886 0.361133 0.322144 0.363672
0 0.586365 0.428906 0.328491 0.383594
0 0.645874 0.910156 0.349121 0.164062
0 0.955048 0.902344 0.0899048 0.195312
1 0.175751 0.916406 0.351501 0.167187
0 0.8396 0.106934 0.320801 0.213867
0 0.194397 0.659375 0.388794 0.398438
0 0.736847 0.068457 0.526306 0.136914
1 0.650635 0.252539 0.399902 0.220703
0 0.246418 0.433496 0.349815 0.28457
1 0.955048 0.902344 0.0899048 0.195312
0 0.819565 0.984766 0.36087 0.0304688
0 0.570892 0.898438 0.416565 0.203125
0 0.299927 0.742188 0.197571 0.242188
0 0.891174 0.871289 0.217651 0.257422
0 0.697845 0.0871094 0.0666504 0.0716797
0 0.154327 0.163477 0.308655 0.326953
0 0.285645 0.160742 0.439575 0.252734
0 0.318176 0.438672 0.296753 0.390625
0 0.520607 0.914062 0.553635 0.171875
1 0.285645 0.160742 0.439575 0.252734
0 0.411011 0.223828 0.435608 0.234375
1 0.586365 0.428906 0.328491 0.383594
0 0.706177 0.907812 0.201538 0.178125
0 0.754578 0.900391 0.369751 0.199219
1 0.163551 0.916797 0.327103 0.166406
0 0.408234 0.256641 0.266602 0.292969
0 0.492737 0.236914 0.176147 0.181641
0 0.752991 0.868555 0.176147 0.194141
0 0.503052 0.226904 0.103149 0.153223
1 0.566528 0.248877 0.207886 0.170215
1 0.712128 0.318945 0.473694 0.351172
0 0.275726 0.34375 0.42926 0.371094
0 0.227722 0.569531 0.455444 0.304688
1 0.577637 0.917969 0.449097 0.164062
1 0.442749 0.811719 0.0841064 0.08125
0 0.130325 0.123926 0.260651 0.247852
1 0.618896 0.221924 0.403076 0.31709
1 0.492737 0.236914 0.176147 0.181641
0 0.850708 0.815234 0.298584 0.369531
1 0.63913 0.923437 0.389587 0.153125
1 0.819565 0.984766 0.36087 0.0304688
1 0.0904541 0.132812 0.180908 0.265625
0 0.535583 0.392188 0.287231 0.317187
0 0.186264 0.483984 0.372528 0.157813
1 0.817459 0.840625 0.234467 0.289062
0 0.386513 0.852344 0.334641 0.2625
1 0.965759 0.898828 0.0684814 0.202344
0 0.342426 0.200195 0.399803 0.219141
0 0.281281 0.287891 0.478455 0.402344
0 0.650635 0.252539 0.399902 0.220703
0 0.334839 0.784375 0.238037 0.204688
0 0.189983 0.455859 0.32621 0.289844
1 0.832062 0.459375 0.335876 0.470313
0 0.962585 0.802344 0.0748291 0.395312
0 0.280685 0.854688 0.0837097 0.059375
1 0.736847 0.068457 0.526306 0.136914
0 0.922913 0.27583 0.154175 0.349902
0 0.835037 0.543359 0.329926 0.486719
0 0.1576 0.733594 0.315201 0.190625
1 0.835434 0.88125 0.329132 0.2375
0 0.257526 0.15332 0.369652 0.306641
1 0.342426 0.200195 0.399803 0.219141
0 0.231689 0.351562 0.461792 0.451562
0 0.193405 0.361328 0.365387 0.386719
1 0.809448 0.784766 0.381104 0.430469
0 0.655396 0.0496582 0.436401 0.0993164
0 0.306473 0.108984 0.36618 0.217969
0 0.967346 0.153418 0.0653076 0.306836
0 0.13826 0.188086 0.27652 0.164844
0 0.84079 0.206641 0.31842 0.408594
0 0.230698 0.23457 0.444733 0.279687
0 0.3396 0.366016 0.4729 0.417969
0 0.620087 0.505859 0.418152 0.463281
0 0.859634 0.599609 0.280731 0.357031
0 0.293182 0.505078 0.497498 0.233594
0 0.278107 0.675391 0.413391 0.417969
0 0.824524 0.740625 0.350952 0.509375
0 0.773621 0.835547 0.185669 0.328906
0 0.170296 0.804883 0.340591 0.271484
0 0.517433 0.892187 0.445724 0.215625
1 0.957031 0.954297 0.0859375 0.0914062
1 0.411011 0.223828 0.435608 0.234375
0 0.618896 0.221924 0.403076 0.31709
1 0.408234 0.256641 0.266602 0.292969
0 0.566528 0.248877 0.207886 0.170215
0 0.712128 0.318945 0.473694 0.351172
0 0.194397 0.692578 0.388794 0.296094
1 0.13826 0.188086 0.27652 0.164844
1 0.518921 0.237061 0.263428 0.262598
0 0.967346 0.273633 0.0653076 0.440234
0 0.364246 0.292383 0.402184 0.385547
0 0.414284 0.44209 0.358444 0.458008
0 0.368958 0.471094 0.147583 0.167187
0 0.0866852 0.711328 0.17337 0.239844
1 0.645874 0.910156 0.349121 0.164062
1 0.869156 0.985156 0.261688 0.0296875
0 0.336029 0.230908 0.244385 0.278027
0 0.848129 0.341016 0.303741 0.501562
0 0.751801 0.506934 0.297546 0.436133
1 0.751801 0.506934 0.297546 0.436133
0 0.353882 0.530078 0.522095 0.266406
0 0.286835 0.716016 0.340393 0.291406
1 0.734741 0.869531 0.168213 0.260938
0 0.339203 0.79375 0.214233 0.278125
0 0.954651 0.0277344 0.0906982 0.0554687
0 0.19643 0.475391 0.260155 0.346094
1 0.535583 0.392188 0.287231 0.317187
0 0.964172 0.475781 0.0716553 0.478125
1 0.146294 0.475781 0.119614 0.148438
1 0.194397 0.659375 0.388794 0.398438
0 0.163353 0.849219 0.326706 0.301562
1 0.752991 0.868555 0.176147 0.194141
1 0.520607 0.914062 0.553635 0.171875
1 0.154327 0.163477 0.308655 0.326953
0 0.210464 0.189648 0.399506 0.160547
1 0.368958 0.471094 0.147583 0.167187
0 0.279346 0.745313 0.306175 0.204688
0 0.460999 0.870508 0.150757 0.199609
1 0.706177 0.907812 0.201538 0.178125
0 0.267742 0.195117 0.386513 0.237891
1 0.400795 0.474219 0.115646 0.154687
1 0.678802 0.836719 0.242004 0.304688
0 0.551849 0.209766 0.394348 0.419531
1 0.210464 0.189648 0.399506 0.160547
1 0.922913 0.27583 0.154175 0.349902
1 0.246418 0.433496 0.349815 0.28457
0 0.856262 0.660156 0.287476 0.371875
0 0.606995 0.855078 0.32373 0.289844
0 0.346344 0.162207 0.486389 0.324414
1 0.541534 0.370313 0.229309 0.264062
0 0.53717 0.508594 0.391968 0.467187
0 0.33345 0.632422 0.460602 0.441406
0 0.950684 0.162207 0.0986328 0.324414
1 0.92926 0.198633 0.141479 0.310937
1 0.336029 0.230908 0.244385 0.278027
0 0.965759 0.385938 0.0684814 0.432813
0 0.400795 0.474219 0.115646 0.154687
1 0.839203 0.167187 0.321594 0.334375
0 0.184528 0.461328 0.195091 0.341406
0 0.888794 0.492871 0.222412 0.40332
0 0.734741 0.869531 0.168213 0.260938
1 0.659363 0.896875 0.311035 0.20625
1 0.551849 0.209766 0.394348 0.419531
1 0.184528 0.461328 0.195091 0.341406
0 0.541534 0.370313 0.229309 0.264062
1 0.851501 0.78418 0.296997 0.387891
1 0.954651 0.0277344 0.0906982 0.0554687
1 0.310242 0.110742 0.44989 0.221484
1 0.267742 0.195117 0.386513 0.237891
1 0.713715 0.237939 0.441956 0.282715
0 0.936401 0.443359 0.127197 0.392969
1 0.189983 0.455859 0.32621 0.289844
1 0.318176 0.438672 0.296753 0.390625
0 0.599457 0.575 0.284851 0.26875
0 0.953857 0.7625 0.0922852 0.442187
1 0.749817 0.889063 0.133301 0.19375
0 0.479645 0.85332 0.174561 0.168359
0 0.504539 0.86543 0.271561 0.197266
1 0.754578 0.900391 0.369751 0.199219
1 0.346344 0.162207 0.486389 0.324414
0 0.453064 0.180176 0.48877 0.360352
0 0.55542 0.283398 0.241211 0.239453
0 0.168411 0.477734 0.19162 0.147656
1 0.853088 0.719531 0.293823 0.392188
1 0.962585 0.802344 0.0748291 0.395312
1 0.281281 0.287891 0.478455 0.402344
0 0.418945 0.415137 0.587952 0.488477
0 0.194595 0.46875 0.272552 0.179688
1 0.856262 0.660156 0.287476 0.371875
1 0.824524 0.740625 0.350952 0.509375
1 0.565338 0.815039 0.390381 0.369922
1 0.649841 0.857422 0.317383 0.285156
1 0.773621 0.835547 0.185669 0.328906
1 0.891174 0.871289 0.217651 0.257422
0 0.159584 0.882227 0.319168 0.235547
0 0.415672 0.916016 0.500076 0.167969
0 0.869156 0.985156 0.261688 0.0296875
0 0.92926 0.198633 0.141479 0.310937
1 0.275726 0.34375 0.42926 0.371094
1 0.19643 0.475391 0.260155 0.346094
1 0.53717 0.508594 0.391968 0.467187
1 0.859634 0.599609 0.280731 0.357031
1 0.460999 0.636328 0.452271 0.478906
0 0.957825 0.706641 0.0843506 0.439844
1 0.677612 0.776758 0.312622 0.421484
0 0.422516 0.892969 0.397522 0.214062
0 0.714905 0.0979492 0.0476074 0.0507812
1 0.55542 0.283398 0.241211 0.239453
0 0.137863 0.450684 0.275726 0.318945
0 0.282074 0.468066 0.430847 0.218555
0 0.828491 0.652734 0.343018 0.507031
0 0.565338 0.815039 0.390381 0.369922
1 0.563354 0.867773 0.331665 0.264453
0 0.950562 0.0303711 0.0793457 0.0607422
1 0.208878 0.181299 0.336029 0.206934
0 0.713715 0.237939 0.441956 0.282715
1 0.193405 0.361328 0.365387 0.386719
0 0.737122 0.8875 0.163452 0.196875
1 0.159584 0.882227 0.319168 0.235547
0 0.675629 0.0953125 0.581604 0.190625
1 0.230698 0.23457 0.444733 0.279687
0 0.482819 0.251563 0.417358 0.128125
0 0.942749 0.398047 0.114502 0.367188
0 0.146294 0.475781 0.119614 0.148438
1 0.835037 0.543359 0.329926 0.486719
0 0.092041 0.725 0.184082 0.384375
0 0.853088 0.719531 0.293823 0.392188
0 0.138756 0.868945 0.277512 0.262109
0 0.1455 0.895312 0.291 0.209375
0 0.587158 0.342969 0.210266 0.296875
1 0.083313 0.578906 0.166626 0.3625
0 0.877686 0.895312 0.244629 0.209375
0 0.22435 0.919922 0.4487 0.160156
1 0.840195 0.274219 0.319611 0.4625
0 0.176743 0.332227 0.353485 0.390234
0 0.12606 0.399219 0.252121 0.4125
1 0.620087 0.505859 0.418152 0.463281
0 0.964172 0.585156 0.0716553 0.451562
1 0.155716 0.486719 0.311432 0.15
0 0.491547 0.5875 0.522888 0.489062
0 0.550758 0.578516 0.394943 0.385156
0 0.235458 0.694141 0.470917 0.355469
1 0.2971 0.721875 0.28495 0.301562
1 0.0700226 0.934375 0.140045 0.13125
0 0.127375 0.20332 0.192364 0.153906
1 0.231689 0.351562 0.461792 0.451562
1 0.337814 0.333203 0.49234 0.421875
1 0.168411 0.477734 0.19162 0.147656
1 0.957825 0.0313721 0.0843506 0.0627441
0 0.493927 0.286719 0.0571289 0.0617188
1 0.0254898 0.80625 0.0509796 0.084375
1 0.407936 0.5875 0.0950165 0.1
1 0.0374908 0.805469 0.0749817 0.1
1 0.0223408 0.813281 0.0446815 0.065625
1 0.228119 0.219922 0.055542 0.0554687
1 0.189636 0.685156 0.0460205 0.046875
1 0.952148 0.0285645 0.0698242 0.0571289
1 0.955322 0.00769043 0.072998 0.0153809
1 0.416466 0.507812 0.0970001 0.0976562
1 0.85376 0.329102 0.125366 0.145703
1 0.958618 0.021582 0.0827637 0.0431641
1 0.971313 0.549219 0.057373 0.152344
1 0.850784 0.368555 0.142426 0.222266
1 0.974487 0.0263428 0.0510254 0.0526855
0 0.486389 0.283594 0.0491943 0.0527344
1 0.976471 0.510156 0.0470581 0.0734375
1 0.202133 0.228125 0.0392761 0.0515625
1 0.744263 0.607031 0.103149 0.109375
1 0.964966 0.0317383 0.0700684 0.0634766
1 0.491943 0.286328 0.0603027 0.0632813
1 0.847412 0.999219 0.130127 0.0015625
1 0.973694 0.517187 0.0526123 0.109375
1 0.434814 0.811133 0.0817261 0.0746094
1 0.552246 0.735937 0.0825195 0.0828125
1 0.103348 0.335547 0.0551453 0.0546875
1 0.957825 0.842188 0.0843506 0.0875
1 0.903076 0.0504883 0.193848 0.100977
0 0.903076 0.0504883 0.193848 0.100977
1 0.942627 0.0208496 0.0476074 0.0416992
1 1 0.521875 0 0.0875
0 0.0621872 0.95 0.124374 0.1
0 0.854874 0.932813 0.290253 0.134375
0 0.101959 0.944531 0.203918 0.110937
0 0.491943 0.272461 0.0523682 0.0453125
0 0.0401688 0.0861328 0.0803375 0.172266
0 0.840591 0.102734 0.318817 0.205469
1 0.681183 0.651172 0.0547485 0.0515625
0 0.872604 0.913672 0.238434 0.172656
0 0.811707 0.94375 0.290405 0.1125
1 1 0.538281 0 0.1125
1 0.840591 0.102734 0.318817 0.205469
0 0.0895615 0.9125 0.179123 0.165625
0 0.799805 0.9125 0.255493 0.175
0 0.134888 0.9625 0.269775 0.075
0 0.723236 0.904688 0.313416 0.15625
0 0.0862885 0.0544922 0.172577 0.108984
0 0.969727 0.0259277 0.0605469 0.0518555
0 0.156013 0.167285 0.312027 0.33457
1 0.876892 0.914062 0.246216 0.171875
0 0.855865 0.0334473 0.288269 0.0668945
0 0.836426 0.192969 0.327148 0.385938
0 0.74585 0.942969 0.352295 0.114063
1 0.866379 0.890625 0.267242 0.21875
1 0.94751 0.0252441 0.10498 0.0504883
0 0.866379 0.890625 0.267242 0.21875
0 0.668884 0.896875 0.314209 0.15
1 0.854874 0.932813 0.290253 0.134375
0 0.47171 0.190625 0.288025 0.38125
1 0.101959 0.944531 0.203918 0.110937
0 0.397423 0.194531 0.347733 0.389062
1 0.0895615 0.9125 0.179123 0.165625
0 0.891571 0.91875 0.216858 0.1625
0 0.799332 0.169238 0.401337 0.338477
0 0.422218 0.168555 0.412399 0.337109
0 0.666901 0.196484 0.475281 0.392969
1 0.969727 0.0259277 0.0605469 0.0518555
0 0.837418 0.275781 0.325165 0.440625
0 0.0957108 0.8875 0.191422 0.225
0 0.133499 0.871875 0.243195 0.25625
0 0.122986 0.901563 0.245178 0.18125
1 0.0401688 0.0861328 0.0803375 0.172266
0 0.94751 0.0252441 0.10498 0.0504883
0 0.654999 0.214844 0.34198 0.382812
0 0.176594 0.369141 0.310143 0.334375
0 0.560181 0.204297 0.341187 0.408594
0 0.176147 0.447266 0.342773 0.39375
1 0.94632 0.907812 0.107361 0.184375
0 0.790283 0.0410156 0.265015 0.0820312
0 0.217606 0.165527 0.431244 0.331055
0 0.969727 0.669141 0.0605469 0.349219
1 0.891571 0.91875 0.216858 0.1625
1 0.879944 1 0.134888 0
0 0.131714 0.844727 0.263428 0.310547
0 0.148972 0.196094 0.297943 0.378125
0 0.224945 0.541406 0.392761 0.377344
0 0.25589 0.656641 0.445129 0.438281
1 0.811707 0.94375 0.290405 0.1125
0 0.826904 0.214453 0.346191 0.427344
1 0.0621872 0.95 0.124374 0.1
0 0.690308 0.93125 0.358643 0.1375
1 0.855865 0.0334473 0.288269 0.0668945
0 0.185471 0.601172 0.359436 0.411719
0 0.304291 0.758203 0.459412 0.458594
0 0.662933 0.87207 0.291199 0.215234
1 0.134888 0.9625 0.269775 0.075
1 0.156013 0.167285 0.312027 0.33457
0 0.241211 0.182422 0.318176 0.364844
0 0.709351 0.88125 0.25708 0.203125
1 0.122986 0.901563 0.245178 0.18125
0 0.233871 0.395312 0.387604 0.382812
0 0.837616 0.82832 0.324768 0.343359
0 0.295166 0.193555 0.363403 0.387109
0 0.202282 0.952734 0.32859 0.0945313
0 0.555817 0.218359 0.487976 0.436719
0 0.194199 0.230029 0.275726 0.316504
0 0.550659 0.276367 0.138062 0.328516
0 0.543121 0.244141 0.149963 0.193359
0 0.889984 0.701563 0.220032 0.364062
0 0.361221 0.705078 0.4487 0.441406
1 0.875504 0.746875 0.248993 0.38125
0 0.962982 0.75 0.0740356 0.367188
0 0.293629 0.848437 0.358543 0.303125
1 0.0957108 0.8875 0.191422 0.225
1 0.723236 0.904688 0.313416 0.15625
1 0.799805 0.9125 0.255493 0.175
0 0.137466 0.135547 0.274933 0.271094
0 0.353287 0.242236 0.337616 0.399902
0 0.422913 0.244922 0.307861 0.389844
0 0.296753 0.601562 0.448303 0.4125
0 0.603027 0.870313 0.32373 0.246875
1 0.148972 0.196094 0.297943 0.378125
0 0.512573 0.246094 0.126953 0.3
0 0.879471 0.610156 0.241058 0.329688
0 0.870148 0.789844 0.259705 0.4
0 0.181255 0.847656 0.292091 0.304688
0 0.292786 0.233594 0.297546 0.359375
0 0.865784 0.853906 0.268433 0.292188
0 0.544312 0.930859 0.349121 0.138281
0 0.303497 0.176758 0.445923 0.353516
0 0.549072 0.336719 0.353088 0.364062
0 0.525269 0.871875 0.293579 0.25625
0 0.94632 0.907812 0.107361 0.184375
0 0.964172 0.919531 0.0716553 0.160938
0 0.866577 0.935156 0.266846 0.129688
0 0.0764198 0.146094 0.15284 0.292188
1 0.944336 0.035791 0.111328 0.071582
1 0.836426 0.192969 0.327148 0.385938
0 0.142822 0.391504 0.285645 0.362305
0 0.861618 0.55 0.276764 0.371875
1 0.879471 0.610156 0.241058 0.329688
0 0.303051 0.134473 0.400002 0.268945
0 0.493134 0.174219 0.395935 0.348437
0 0.221573 0.717188 0.420135 0.4625
1 0.838806 0.869141 0.322388 0.261719
0 0.293579 0.927344 0.319763 0.145313
1 0.74585 0.942969 0.352295 0.114063
0 0.90744 0.954297 0.18512 0.0914062
0 0.944336 0.035791 0.111328 0.071582
0 0.865585 0.200195 0.268829 0.400391
0 0.482025 0.253711 0.186462 0.347266
0 0.219193 0.273486 0.29953 0.320996
0 0.280289 0.283008 0.359833 0.349609
0 0.168015 0.123535 0.336029 0.24707
0 0.869553 0.446973 0.260895 0.401367
1 0.861618 0.55 0.276764 0.371875
0 0.489166 0.715234 0.434021 0.463281
0 0.336029 0.923437 0.310242 0.153125
0 0.600647 0.188672 0.436401 0.377344
1 0.515747 0.2 0.307861 0.4
0 0.603027 0.259961 0.209473 0.330859
0 0.335434 0.298828 0.381256 0.376563
1 0.907043 0.659766 0.185913 0.358594
1 0.969727 0.669141 0.0605469 0.349219
0 0.415771 0.65625 0.458618 0.415625
1 0.133499 0.871875 0.243195 0.25625
0 0.499977 0.923437 0.32988 0.153125
0 0.84198 0.373437 0.31604 0.445312
0 0.158791 0.664844 0.317581 0.40625
0 0.44751 0.7625 0.430054 0.45
0 0.410912 0.852539 0.392166 0.294922
1 0.0862885 0.0544922 0.172577 0.108984
1 0.217606 0.165527 0.431244 0.331055
0 0.878479 0.35083 0.243042 0.372559
0 0.287827 0.355664 0.412201 0.413672
0 0.152443 0.513965 0.304886 0.418945
1 0.866577 0.817969 0.266846 0.364062
0 0.742279 0.891406 0.242004 0.217187
1 0.668884 0.896875 0.314209 0.15
0 0.720459 0.0473633 0.252319 0.0947266
1 0.422218 0.168555 0.412399 0.337109
1 0.869553 0.446973 0.260895 0.401367
0 0.950684 0.79082 0.0986328 0.402734
1 0.865784 0.853906 0.268433 0.292188
1 0.790283 0.0410156 0.265015 0.0820312
0 0.745453 0.2125 0.400696 0.414062
0 0.145996 0.303516 0.291992 0.375781
0 0.287628 0.470313 0.427673 0.426562
0 0.852295 0.771875 0.29541 0.435937
0 0.183685 0.869531 0.238434 0.260938
1 0.709351 0.88125 0.25708 0.203125
0 0.445229 0.925781 0.364792 0.148438
1 0.0737915 0.776563 0.135086 0.145313
1 0.799332 0.169238 0.401337 0.338477
0 0.898315 0.244482 0.203369 0.330566
0 0.887405 0.300732 0.225189 0.37666
0 0.966553 0.564453 0.0668945 0.350781
0 0.12792 0.0386719 0.197224 0.0773437
0 0.853088 0.717188 0.293823 0.434375
0 0.109299 0.836914 0.218597 0.326172
1 0.121796 0.856836 0.243591 0.286328
0 0.0772629 0.921094 0.154526 0.157813
0 0.790283 0.8875 0.306274 0.225
1 0.826904 0.214453 0.346191 0.427344
0 0.416664 0.303906 0.331467 0.390625
0 0.503944 0.365039 0.35527 0.432422
0 0.88681 0.653516 0.226379 0.399219
0 0.80687 0.723437 0.386261 0.435937
0 0.379173 0.801562 0.409622 0.396875
0 0.25951 0.827344 0.37838 0.345313
0 0.504242 0.85332 0.338806 0.293359
0 0.16732 0.0395508 0.218002 0.0791016
0 0.305084 0.0437988 0.263428 0.0875977
1 0.241211 0.182422 0.318176 0.364844
1 0.176594 0.369141 0.310143 0.334375
0 0.482422 0.619531 0.457031 0.44375
0 0.550659 0.663281 0.416565 0.439063
1 0.243145 0.847852 0.356361 0.304297
1 0.662933 0.87207 0.291199 0.215234
0 0.258717 0.0424805 0.257774 0.0849609
0 0.965363 0.189209 0.0692749 0.28252
1 0.397423 0.194531 0.347733 0.389062
0 0.510193 0.235352 0.138062 0.158984
1 0.543121 0.244141 0.149963 0.193359
1 0.143021 0.344141 0.286041 0.346094
1 0.176147 0.447266 0.342773 0.39375
0 0.168709 0.722266 0.337418 0.446094
0 0.574463 0.855859 0.368164 0.288281
0 0.209671 0.0415527 0.249146 0.0831055
0 0.350311 0.0450684 0.268188 0.0901367
0 0.39901 0.0454102 0.2668 0.0908203
1 0.549072 0.336719 0.353088 0.364062
0 0.108109 0.740625 0.216217 0.357812
0 0.209423 0.800977 0.400002 0.398047
0 0.228466 0.863477 0.297646 0.273047
1 0.0772629 0.921094 0.154526 0.157813
1 0.202282 0.952734 0.32859 0.0945313
1 0.466156 0.999219 0.132507 0.0015625
1 0.837418 0.275781 0.325165 0.440625
0 0.61969 0.355469 0.395142 0.421094
0 0.836227 0.474219 0.327545 0.459375
0 0.954651 0.504297 0.0906982 0.389062
1 0.964172 0.919531 0.0716553 0.160938
1 0.866577 0.935156 0.266846 0.129688
0 0.44751 0.0463867 0.269775 0.0927734
1 0.504242 0.200586 0.474487 0.401172
1 0.609375 0.212891 0.480835 0.425781
0 0.967743 0.218701 0.0645142 0.25166
0 0.357452 0.570215 0.474487 0.443945
1 0.962982 0.75 0.0740356 0.367188
1 0.137665 0.830469 0.27533 0.339063
1 0.181255 0.847656 0.292091 0.304688
1 0.295166 0.193555 0.363403 0.387109
1 0.615723 0.21582 0.333252 0.406641
0 0.605408 0.425 0.371338 0.465625
0 0.960602 0.447656 0.0787964 0.3875
1 0.966553 0.564453 0.0668945 0.350781
1 0.224945 0.541406 0.392761 0.377344
0 0.15036 0.804688 0.30072 0.390625
1 0.742279 0.891406 0.242004 0.217187
0 0.0751305 0.932813 0.150261 0.134375
1 0.690308 0.93125 0.358643 0.1375
1 0.512573 0.246094 0.126953 0.3
1 0.550659 0.276367 0.138062 0.328516
1 0.878479 0.35083 0.243042 0.372559
1 0.158791 0.664844 0.317581 0.40625
0 0.5336 0.764844 0.478455 0.446875
1 0.848923 0.801172 0.302155 0.397656
0 0.587158 0.894531 0.3396 0.157813
0 0.49353 0.0499023 0.286438 0.0998047
1 0.0764198 0.146094 0.15284 0.292188
1 0.482025 0.253711 0.186462 0.347266
0 0.463478 0.259814 0.193405 0.26709
1 0.152443 0.513965 0.304886 0.418945
0 0.536774 0.896875 0.305481 0.16875
0 0.661743 0.0504883 0.261841 0.100977
0 0.843765 0.798633 0.312469 0.402734
1 0.293579 0.927344 0.319763 0.145313
1 0.303497 0.176758 0.445923 0.353516
1 0.723633 0.190625 0.460205 0.38125
0 0.769257 0.27793 0.438782 0.441797
1 0.119217 0.376465 0.238434 0.35332
1 0.185471 0.601172 0.359436 0.411719
1 0.25589 0.656641 0.445129 0.438281
1 0.950684 0.79082 0.0986328 0.402734
1 0.344311 0.850195 0.354774 0.299609
0 0.818176 0.853125 0.363647 0.29375
1 0.603027 0.870313 0.32373 0.246875
1 0.544312 0.930859 0.349121 0.138281
1 0.941956 1 0.116089 0
1 0.194199 0.230029 0.275726 0.316504
0 0.642303 0.858203 0.400696 0.283594
0 0.549866 0.051709 0.274536 0.103418
0 0.606995 0.0508301 0.261047 0.10166
1 0.119415 0.1375 0.238831 0.275
0 0.544212 0.589453 0.431839 0.461719
0 0.789215 0.614062 0.42157 0.457812
0 0.841583 0.619531 0.316833 0.426562
0 0.809525 0.652344 0.345551 0.401563
1 0.956238 0.0339844 0.0875244 0.0679687
0 0.493134 0.284766 0.0618896 0.0640625
1 0.407738 0.592188 0.106522 0.10625
1 0.964172 0.0308105 0.0716553 0.0616211
0 0.120804 0.503906 0.105927 0.0984375
0 0.415871 0.505859 0.109299 0.102344
1 0.976074 0.557031 0.0478516 0.18125
0 0.191223 0.6875 0.0476074 0.0476562
1 0.976074 0.508984 0.0478516 0.0804688
1 0.415871 0.505859 0.109299 0.102344
1 0.854553 0.332812 0.136475 0.136719
1 0.229309 0.223438 0.0618896 0.05625
0 0.129333 0.513281 0.0860901 0.0828125
1 0.964569 0.0118286 0.0708618 0.0236572
0 0.420532 0.524219 0.0888672 0.075
0 0.113365 0.516016 0.0735931 0.0726563
0 0.353683 0.515625 0.0646667 0.0625
0 0.699829 0.497656 0.106323 0.0984375
1 0.950562 0.0292969 0.0761719 0.0585938
1 0.960999 0.0355469 0.0780029 0.0710938
0 0.305084 0.914062 0.0733948 0.071875
0 0.957428 0.0329102 0.085144 0.0658203
0 0.201538 0.690625 0.06427 0.0632813
0 0.104736 0.507812 0.072403 0.0734375
1 0.979248 0.517578 0.0415039 0.127344
1 0.127052 0.50625 0.0997772 0.1
1 0.991547 0.561719 0.0169067 0.164062
0 0.401886 0.522266 0.0610962 0.0640625
1 0.976868 0.0253906 0.0462646 0.0507812
0 0.357452 0.523828 0.055542 0.046875
1 0.028019 0.810156 0.0560379 0.078125
1 0.995117 0.535547 0.00976562 0.136719
1 0.922913 0.180273 0.154175 0.145703
0 0.960083 0.0427612 0.0634766 0.0515869
0 0.391174 0.504687 0.129333 0.109375
1 0.977661 0.595312 0.0446777 0.101562
0 0.881256 0.646875 0.237488 0.28125
0 0.371735 0.503906 0.118225 0.101562
0 0.880264 0.696875 0.239471 0.282813
0 0.878281 0.55 0.243439 0.3
0 0.876892 0.393652 0.246216 0.306445
0 0.878281 0.496094 0.243439 0.314063
0 0.875305 0.298438 0.24939 0.291406
0 0.360229 0.505469 0.0841064 0.0796875
0 0.912598 0.0280029 0.174805 0.0560059
0 0.976868 0.0253906 0.0462646 0.0507812
0 0.881256 0.788281 0.237488 0.314063
0 0.876892 0.243701 0.246216 0.275098
0 0.699036 0.515625 0.072998 0.06875
0 0.0749817 0.0715332 0.149963 0.143066
0 0.878082 0.482129 0.243835 0.432617
1 0.87677 0.354297 0.0888672 0.0828125
0 0.0558395 0.949219 0.111679 0.101562
0 0.879272 0.842969 0.241455 0.303125
0 0.877487 0.88125 0.245026 0.2375
0 0.887207 0.140039 0.225586 0.280078
0 0.503448 0.908594 0.242798 0.153125
0 0.393555 0.2375 0.377686 0.394531
0 0.88443 0.291992 0.23114 0.441797
0 0.877487 0.90625 0.245026 0.1875
0 0.88324 0.388672 0.233521 0.432031
1 0.879471 0.601172 0.241058 0.2875
1 0.912598 0.0280029 0.174805 0.0560059
0 0.24617 0.909375 0.270966 0.171875
0 0.878876 0.198242 0.242249 0.273047
0 0.277512 0.873438 0.333649 0.253125
0 0.489464 0.934766 0.31282 0.130469
0 0.450584 0.27793 0.360428 0.373828
1 0.878479 0.539062 0.243042 0.404687
0 0.393951 0.171875 0.395142 0.34375
0 0.947388 0.0344238 0.0587158 0.0605469
0 0.491943 0.27793 0.074585 0.0617188
0 0.325714 0.256836 0.415771 0.405078
0 0.878281 0.836133 0.243439 0.327734
0 0.223557 0.281689 0.396332 0.353809
0 0.884033 0.639844 0.231934 0.415625
1 0.880264 0.696875 0.239471 0.282813
0 0.132309 0.85332 0.264618 0.262109
0 0.883041 0.926562 0.233917 0.146875
0 0.0959091 0.0432129 0.191818 0.0864258
0 0.612549 0.307227 0.317383 0.330078
0 0.21344 0.863281 0.334045 0.273438
0 0.731964 0.905469 0.297546 0.165625
0 0.394249 0.343164 0.39534 0.407422
0 0.446022 0.398047 0.388596 0.399219
0 0.884033 0.764063 0.231934 0.426562
0 0.174065 0.834375 0.348129 0.2875
0 0.474487 0.917969 0.189636 0.146875
0 0.376991 0.518359 0.0902557 0.06875
1 0.880264 0.433594 0.239471 0.442187
1 0.878479 0.442578 0.243042 0.322656
0 0.290405 0.920313 0.184875 0.159375
0 0.559387 0.901563 0.282471 0.15625
0 0.787903 0.915625 0.274536 0.16875
1 0.980438 0.609766 0.0391235 0.0710938
0 0.5093 0.17002 0.377884 0.340039
0 0.654602 0.316797 0.360229 0.375781
0 0.561073 0.6 0.393356 0.423438
0 0.106918 0.873633 0.213837 0.237109
0 0.118225 0.927344 0.23645 0.145313
0 0.440369 0.933594 0.284851 0.132812
0 0.88681 0.967188 0.226379 0.065625
0 0.88324 0.171191 0.233521 0.342383
0 0.502953 0.447754 0.393753 0.40918
0 0.389587 0.449219 0.417358 0.423438
0 0.563454 0.493359 0.383835 0.404687
0 0.650635 0.553809 0.422119 0.420508
0 0.279694 0.316797 0.42688 0.410156
0 0.587952 0.882617 0.325317 0.234766
0 0.0691299 0.936328 0.13826 0.127344
1 0.0749817 0.0715332 0.149963 0.143066
1 0.88443 0.291992 0.23114 0.441797
0 0.332855 0.40791 0.435608 0.42168
0 0.502655 0.671094 0.40863 0.4125
0 0.328094 0.764063 0.451477 0.410937
0 0.563354 0.94375 0.352295 0.1125
0 0.49839 0.243799 0.372726 0.37959
1 0.875305 0.298438 0.24939 0.291406
0 0.74585 0.326953 0.420532 0.403906
0 0.245575 0.768359 0.421326 0.396094
0 0.818771 0.751562 0.362457 0.4
0 0.729187 0.817383 0.466553 0.365234
0 0.758148 0.891406 0.334045 0.217187
0 0.282074 0.174902 0.404663 0.349805
0 0.281677 0.462891 0.445129 0.414844
0 0.88324 0.88125 0.233521 0.2375
0 0.697449 0.878906 0.341187 0.203125
0 0.611755 0.249414 0.303894 0.302734
0 0.568115 0.399316 0.36499 0.40293
0 0.395935 0.572656 0.396729 0.377344
0 0.500671 0.769922 0.42688 0.405469
1 0.0558395 0.949219 0.111679 0.101562
0 0.613342 0.175684 0.390381 0.351367
0 0.710144 0.27207 0.380859 0.374609
1 0.8759 0.349219 0.248199 0.29375
0 0.243195 0.372461 0.416565 0.407422
0 0.507713 0.332031 0.371536 0.372656
0 0.656189 0.415625 0.404663 0.4125
1 0.881256 0.788281 0.237488 0.314063
0 0.645874 0.821875 0.434814 0.35625
0 0.826309 0.810938 0.347382 0.373437
0 0.530029 0.889063 0.25708 0.221875
0 0.343964 0.946094 0.315796 0.107813
0 0.400299 0.941406 0.309448 0.117188
0 0.788025 0.27832 0.42395 0.396484
0 0.452171 0.49209 0.409622 0.38457
0 0.33226 0.926562 0.170197 0.14375
0 0.87233 0.913281 0.255341 0.173438
1 0.492737 0.286328 0.0626831 0.0632813
0 0.615723 0.357227 0.352295 0.399609
0 0.697845 0.514746 0.438782 0.418945
0 0.434914 0.721875 0.447311 0.421875
0 0.552246 0.716406 0.415771 0.420312
0 0.289612 0.810156 0.425293 0.379687
0 0.49353 0.826367 0.438782 0.347266
0 0.592712 0.844727 0.430054 0.310547
0 0.0894623 0.9 0.178925 0.165625
0 0.158295 0.940625 0.316589 0.11875
1 0.393951 0.171875 0.395142 0.34375
0 0.449493 0.196484 0.361023 0.370313
0 0.614136 0.454297 0.377686 0.414844
0 0.505432 0.554688 0.387207 0.394531
0 0.747437 0.562598 0.434814 0.416992
0 0.811035 0.564844 0.37793 0.408594
0 0.388794 0.805859 0.445129 0.388281
1 0.887207 0.140039 0.225586 0.280078
0 0.565338 0.256641 0.319763 0.355469
0 0.248749 0.514746 0.411804 0.404883
0 0.343964 0.506934 0.427673 0.404883
0 0.28743 0.568359 0.429657 0.405469
0 0.691895 0.605469 0.445923 0.426562
0 0.654999 0.720703 0.410217 0.411719
0 0.690308 0.782031 0.444336 0.382812
0 0.547089 0.814258 0.4245 0.371484
0 0.19162 0.9 0.291199 0.171875
0 0.417358 0.926953 0.21106 0.146094
0 0.674438 0.898438 0.280884 0.15625
0 0.203125 0.940625 0.334839 0.11875
0 0.242599 0.933594 0.332062 0.132812
0 0.299183 0.946094 0.273643 0.107813
1 0.88324 0.171191 0.233521 0.342383
0 0.19043 0.17793 0.334442 0.333203
0 0.750214 0.475 0.427673 0.414844
0 0.818176 0.493066 0.363647 0.385742
0 0.608185 0.65625 0.400696 0.415625
1 1 0.575781 0 0.142188
0 0.198364 0.328516 0.396729 0.4
0 0.794174 0.524902 0.411652 0.39707
0 0.386314 0.678906 0.4366 0.40625
0 0.816788 0.657031 0.366425 0.417188
0 0.281876 0.720703 0.447113 0.417969
0 0.598267 0.781055 0.422119 0.387891
0 0.853882 0.841406 0.292236 0.317187
0 0.822021 0.892969 0.301514 0.214062
0 0.623657 0.898438 0.290405 0.15625
1 0.118225 0.927344 0.23645 0.145313
0 0.805084 0.333594 0.389832 0.398438
0 0.200745 0.416797 0.401489 0.400781
0 0.341583 0.61875 0.422913 0.404687
0 0.440765 0.617188 0.414185 0.403125
0 0.201141 0.716406 0.402283 0.410937
0 0.16494 0.771484 0.32988 0.392969
0 0.689514 0.846289 0.439575 0.307422
0 0.338013 0.878906 0.261841 0.242188
0 0.707764 0.179883 0.409424 0.359766
0 0.186462 0.250977 0.36618 0.337891
0 0.836823 0.291064 0.326355 0.385059
0 0.846344 0.605469 0.307312 0.423438
0 0.835236 0.701563 0.329529 0.428125
1 0.879272 0.842969 0.241455 0.303125
0 0.795761 0.841406 0.408478 0.317187
1 0.877487 0.88125 0.245026 0.2375
0 0.36499 0.928906 0.21106 0.142188
0 0.823608 0.938672 0.341187 0.122656
0 0.842575 0.527734 0.31485 0.394531
0 0.243195 0.620703 0.419739 0.422656
0 0.786041 0.605859 0.427917 0.424219
0 0.786835 0.708594 0.426331 0.423438
1 0.878281 0.836133 0.243439 0.327734
0 0.969604 0.0425293 0.0603027 0.0486328
0 0.350708 0.153613 0.3396 0.307227
1 0.228714 0.177734 0.369354 0.352734
0 0.813812 0.176074 0.372375 0.352148
0 0.267792 0.221826 0.421326 0.340723
1 0.876892 0.243701 0.246216 0.275098
0 0.701416 0.376172 0.412598 0.402344
1 0.88324 0.88125 0.233521 0.2375
0 0.629608 0.942969 0.356262 0.114063
0 0.810638 0.23457 0.378723 0.367578
0 0.157402 0.290234 0.314804 0.372656
0 0.79953 0.446875 0.40094 0.384375
0 0.740692 0.659375 0.446716 0.407813
0 0.14431 0.709375 0.28862 0.371875
0 0.421425 0.895312 0.301315 0.209375
1 0.503448 0.908594 0.242798 0.153125
1 0.955444 0.020166 0.0891113 0.040332
0 0.880859 0.0777344 0.238281 0.155469
1 0.5093 0.17002 0.377884 0.340039
0 0.753784 0.231592 0.398315 0.373535
1 0.223557 0.281689 0.396332 0.353809
1 0.393555 0.2375 0.377686 0.394531
0 0.207836 0.573047 0.388893 0.400781
1 0.884033 0.639844 0.231934 0.415625
1 0.877487 0.90625 0.245026 0.1875
0 0.0608978 0.914062 0.121796 0.157813
1 0.976074 0.582812 0.0478516 0.135156
0 0.853882 0.44375 0.292236 0.396094
0 0.14798 0.488281 0.295959 0.373437
0 0.190231 0.820703 0.380463 0.358594
0 0.0635262 0.88125 0.127052 0.207813
0 0.836502 0.919531 0.221771 0.160938
1 0.489464 0.934766 0.31282 0.130469
1 1 0.512109 0 0.114844
0 0.082222 0.14375 0.164444 0.2875
0 0.143219 0.156445 0.253113 0.312891
0 0.456238 0.156934 0.32373 0.313867
0 0.82988 0.18623 0.34024 0.372461
0 0.102654 0.279492 0.205307 0.323047
1 0.612549 0.307227 0.317383 0.330078
1 0.654602 0.316797 0.360229 0.375781
0 0.101959 0.728906 0.203918 0.328125
0 0.544312 0.863477 0.380859 0.273047
1 0.888397 0.937109 0.223206 0.125781
0 0.738708 0.93125 0.361816 0.1375
1 0.88681 0.967188 0.226379 0.065625
0 0.813614 0.399219 0.372772 0.376563
0 0.102753 0.818945 0.205505 0.315234
0 0.340195 0.828125 0.416168 0.34375
1 0.563354 0.94375 0.352295 0.1125
0 0.68515 0.936719 0.349915 0.126563
0 0.556213 0.158301 0.328491 0.316602
1 0.325714 0.256836 0.415771 0.405078
0 0.167915 0.383594 0.335831 0.384375
1 0.884033 0.764063 0.231934 0.426562
0 0.442055 0.853906 0.418747 0.292188
0 0.347137 0.509375 0.0698242 0.06875
0 0.840271 0.135059 0.27771 0.270117
0 0.146591 0.598437 0.293182 0.35625
0 0.142227 0.9 0.284454 0.171875
1 0.613342 0.175684 0.390381 0.351367
0 0.821945 0.304688 0.35611 0.420312
1 0.74585 0.326953 0.420532 0.403906
0 0.104141 0.42666 0.208282 0.323242
0 0.828491 0.866406 0.343018 0.267188
1 0.0959091 0.0432129 0.191818 0.0864258
0 0.669678 0.149512 0.333252 0.299023
1 0.878876 0.198242 0.242249 0.273047
0 0.66333 0.225049 0.384033 0.346777
1 0.174065 0.834375 0.348129 0.2875
1 0.474487 0.917969 0.189636 0.146875
1 0.14064 0.174707 0.281281 0.324805
1 0.285248 0.369141 0.432434 0.408594
0 0.819168 0.411816 0.361664 0.381055
1 0.502655 0.671094 0.40863 0.4125
0 0.0937271 0.858203 0.187454 0.283594
1 0.158295 0.940625 0.316589 0.11875
0 0.859833 0.0518066 0.280334 0.103613
1 0.500671 0.283545 0.377686 0.380566
0 0.0757751 0.833594 0.15155 0.251563
1 0.87233 0.913281 0.255341 0.173438
1 0.958618 0.0308105 0.0827637 0.0616211
0 0.49353 0.283594 0.0587158 0.0570313
0 0.831543 0.457031 0.0380859 0.0390625
0 0.949768 0.028418 0.074585 0.0568359
1 0.949768 0.028418 0.074585 0.0568359
1 0.965363 0.0300537 0.0692749 0.0601074
0 0.503052 0.28125 0.0603027 0.0554687
1 0.442749 1 0.103149 0
1 0.466553 1 0.102356 0
1 0.417755 1 0.102356 0
1 0.845825 0.977734 0.114258 0.0445312
1 0.40377 1 0.100174 0
0 0.956238 0.0315918 0.0875244 0.0631836
1 0.390778 1 0.0983887 0
1 0.887085 1 0.101562 0
0 0.272552 0.854688 0.0650635 0.053125
1 0.445923 0.995313 0.104736 0.009375
1 0.302307 1 0.0999756 0
1 0.49353 0.283594 0.0587158 0.0570313
0 0.881454 0.692969 0.237091 0.404687
1 0.366577 1 0.0991821 0
0 0.881256 0.789062 0.237488 0.417188
0 0.882248 0.588672 0.235504 0.407031
0 0.66214 0.686719 0.0515747 0.059375
1 0.881454 0.692969 0.237091 0.404687
0 0.888 0.892969 0.223999 0.214062
0 0.884827 0.238281 0.230347 0.351562
0 0.880859 0.849805 0.238281 0.300391
1 0.901367 0.99375 0.104736 0.0125
0 0.883438 0.432031 0.233124 0.43125
0 0.326904 0.647656 0.338013 0.282813
0 0.846741 0.898438 0.306519 0.203125
1 0.883636 0.541797 0.232727 0.413281
1 0.910889 1 0.0983887 0
0 0.315399 0.509375 0.288025 0.269531
0 0.310589 0.554688 0.289711 0.267188
1 0.881256 0.789062 0.237488 0.417188
1 0.149765 1 0.0995789 0
0 0.878479 0.692969 0.243042 0.289062
1 0.888 0.892969 0.223999 0.214062
0 0.882446 0.967969 0.235107 0.0640625
0 0.194794 0.242236 0.260254 0.22959
0 0.387604 0.534375 0.332458 0.29375
0 0.876892 0.59375 0.246216 0.279687
0 0.875702 0.909766 0.248596 0.180469
1 0.886414 0.903125 0.227173 0.19375
0 0.0456734 0.955078 0.0913467 0.0898438
1 0.828369 0.990625 0.104736 0.01875
0 0.316391 0.466016 0.329681 0.30625
0 0.391968 0.592969 0.350708 0.335938
1 0.825195 1 0.101562 0
0 0.0640221 0.0601074 0.128044 0.120215
0 0.0760231 0.489453 0.152046 0.160156
0 0.077858 0.513672 0.155716 0.130469
0 0.402283 0.651563 0.36261 0.365625
0 0.829285 0.829102 0.341431 0.341797
0 0.886414 0.903125 0.227173 0.19375
1 0.493134 1 0.0991821 0
1 0.884232 0.280859 0.231537 0.424219
0 0.387306 0.482715 0.358444 0.298633
0 0.877289 0.542969 0.245422 0.279687
0 0.828293 0.922656 0.343414 0.154687
0 0.244385 0.264893 0.337219 0.295215
0 0.88324 0.328516 0.233521 0.426562
1 0.883438 0.432031 0.233124 0.43125
0 0.0782547 0.447754 0.156509 0.204492
0 0.853088 0.699219 0.293823 0.364062
0 0.602234 0.749219 0.396729 0.375
0 0.823929 0.739453 0.352142 0.388281
0 0.878677 0.742188 0.242645 0.284375
0 0.852692 0.8 0.294617 0.359375
1 0.88324 0.884961 0.233521 0.230078
0 0.885223 0.145703 0.229553 0.281641
0 0.257477 0.46084 0.305481 0.32207
0 0.800323 0.786719 0.399353 0.379687
0 0.826706 0.814258 0.346588 0.346484
0 0.326309 0.276611 0.399506 0.337402
0 0.391869 0.275781 0.406448 0.352344
0 0.49839 0.316846 0.415573 0.381152
0 0.202728 0.486719 0.256683 0.273438
0 0.0806351 0.553125 0.16127 0.2
0 0.829086 0.750781 0.341827 0.370313
0 0.877686 0.793945 0.244629 0.287109
0 0.606995 0.832422 0.388794 0.335156
0 0.34436 0.800781 0.338806 0.3
1 0.911682 0.172656 0.134888 0.136719
0 0.916565 0.0499512 0.16687 0.0999023
0 0.487083 0.241992 0.420731 0.348047
0 0.807541 0.694531 0.38443 0.379687
0 0.298538 0.689453 0.311432 0.253906
0 0.804688 0.845117 0.390625 0.309766
0 0.815002 0.884375 0.369995 0.23125
0 0.159584 0.934375 0.319168 0.13125
0 0.0508308 0.131836 0.101662 0.263672
0 0.0772133 0.156616 0.154427 0.181299
0 0.560974 0.282764 0.375305 0.359473
0 0.754578 0.741797 0.388794 0.377344
0 0.751404 0.819531 0.403076 0.360938
0 0.635956 0.914062 0.318176 0.171875
0 0.122589 0.919922 0.245178 0.160156
0 0.875702 0.289795 0.248596 0.263379
0 0.229656 0.329639 0.332558 0.338379
0 0.246021 0.535937 0.261742 0.245312
0 0.691498 0.93125 0.421326 0.1375
1 0.112175 1 0.101761 0
0 0.323929 0.211377 0.403473 0.261621
0 0.082222 0.197461 0.164444 0.185547
0 0.649841 0.327344 0.40625 0.390625
0 0.653809 0.424609 0.415771 0.392969
0 0.876099 0.44209 0.247803 0.273633
0 0.382347 0.43125 0.406448 0.346875
0 0.0558395 0.421875 0.111679 0.172656
0 0.856461 0.594531 0.287079 0.370313
0 0.460602 0.620313 0.356262 0.375
0 0.612152 0.64375 0.376892 0.375
0 0.66214 0.798633 0.386414 0.340234
0 0.283066 0.741016 0.324127 0.272656
0 0.0827179 0.898438 0.165436 0.164062
0 0.566528 0.914453 0.271362 0.171094
0 0.814285 0.950781 0.336029 0.0984375
0 0.0823212 0.311914 0.164642 0.146484
0 0.172577 0.517969 0.225342 0.204688
0 0.0860901 0.234326 0.17218 0.290723
0 0.240417 0.190039 0.330078 0.187109
0 0.598267 0.241602 0.403076 0.347266
0 0.876892 0.225195 0.246216 0.230469
0 0.0671463 0.288672 0.134293 0.167969
0 0.501862 0.414941 0.413391 0.39043
0 0.308605 0.416406 0.371437 0.333594
0 0.876892 0.490625 0.246216 0.267188
0 0.459312 0.503906 0.357254 0.307031
0 0.518822 0.691406 0.37471 0.36875
0 0.647461 0.69375 0.403076 0.375
0 0.0812302 0.628906 0.16246 0.240625
0 0.658569 0.833594 0.393555 0.332812
0 0.856461 0.859375 0.287079 0.28125
0 0.0834122 0.809375 0.166824 0.207813
0 0.0801392 0.855469 0.160278 0.235938
0 0.630402 0.929688 0.40387 0.140625
0 0.754181 0.935156 0.416565 0.129688
0 0.868164 0.914062 0.263672 0.171875
0 0.0572281 0.0500488 0.114456 0.100098
0 0.696655 0.244189 0.422119 0.353809
0 0.821548 0.296533 0.356903 0.367871
0 0.0612946 0.325 0.122589 0.164844
0 0.0801392 0.343359 0.160278 0.184375
0 0.057724 0.376563 0.115448 0.1875
0 0.824326 0.664844 0.351349 0.346875
0 0.512177 0.79082 0.387207 0.352734
0 0.416466 0.817383 0.342972 0.337109
1 0.341583 1 0.0975952 0
0 0.215424 0.167187 0.375305 0.263672
0 0.190231 0.18457 0.234467 0.160938
0 0.101562 0.224414 0.203125 0.186328
0 0.0791473 0.254736 0.158295 0.20459
0 0.743469 0.329883 0.434814 0.387109
0 0.436401 0.359424 0.428467 0.384277
0 0.703796 0.37959 0.420532 0.383008
0 0.875504 0.389453 0.248993 0.266406
0 0.455444 0.451562 0.391968 0.34375
0 0.518028 0.466797 0.376297 0.341406
0 0.824722 0.561719 0.350555 0.353125
0 0.0551453 0.475 0.110291 0.164062
0 0.131144 0.491797 0.194744 0.232031
0 0.805283 0.588281 0.389435 0.385938
0 0.254898 0.605859 0.334442 0.305469
0 0.464172 0.733594 0.369751 0.354688
0 0.0779572 0.671094 0.155914 0.182812
0 0.386414 0.725391 0.334839 0.305469
0 0.874908 0.882031 0.250183 0.235938
0 0.401489 0.864453 0.285645 0.271094
1 0.518921 1 0.0983887 0
0 0.842575 0.164551 0.31485 0.329102
0 0.214828 0.348828 0.300323 0.261719
0 0.113167 0.517187 0.198563 0.159375
0 0.207489 0.936719 0.349915 0.126563
0 0.44751 0.106934 0.324524 0.213867
0 0.805481 0.240088 0.389038 0.341699
0 0.875305 0.338281 0.24939 0.257812
0 0.0785522 0.377441 0.157104 0.28418
0 0.0674438 0.421484 0.134888 0.280469
0 0.756958 0.441406 0.403076 0.36875
0 0.191025 0.409766 0.299927 0.321094
0 0.14679 0.455566 0.288025 0.306055
0 0.518524 0.522656 0.348328 0.323438
0 0.612549 0.533984 0.366577 0.366406
0 0.564941 0.578906 0.363403 0.3875
0 0.878876 0.928906 0.242249 0.142188
0 0.0855942 0.328516 0.171188 0.286719
0 0.804688 0.488965 0.390625 0.381445
0 0.817978 0.867578 0.364044 0.264844
0 0.349915 0.136523 0.358643 0.273047
0 0.404564 0.125391 0.346146 0.250781
0 0.614929 0.14873 0.374512 0.297461
0 0.319366 0.342187 0.407043 0.330469
0 0.613342 0.367578 0.380859 0.403906
0 0.824524 0.454297 0.350952 0.364844
0 0.0560379 0.514063 0.112076 0.142188
0 0.70816 0.642969 0.394348 0.38125
0 0.834641 0.645312 0.330719 0.375
0 0.760925 0.876562 0.371338 0.246875
0 0.31535 0.935938 0.333351 0.128125
1 0.882446 0.967969 0.235107 0.0640625
1 0.420135 0.995313 0.103943 0.009375
0 0.494324 0.120117 0.345947 0.240234
0 0.555519 0.140234 0.369553 0.280469
0 0.751404 0.111133 0.333252 0.222266
0 0.0727501 0.182617 0.1455 0.289453
0 0.155022 0.347461 0.260056 0.233984
0 0.837616 0.451953 0.324768 0.364062
0 0.0597572 0.467871 0.119514 0.262695
0 0.61969 0.475 0.369751 0.355469
0 0.709351 0.481641 0.412598 0.386719
0 0.759338 0.536816 0.403076 0.381055
0 0.834442 0.542285 0.331116 0.37793
0 0.651825 0.589453 0.400696 0.378906
0 0.400299 0.909375 0.265808 0.18125
0 0.814011 0.192432 0.371979 0.365918
0 0.781677 0.2875 0.436646 0.386719
0 0.845551 0.293018 0.308899 0.374902
0 0.859634 0.501953 0.280731 0.360156
0 0.0826187 0.751953 0.165237 0.228906
0 0.350708 0.86543 0.313416 0.266016
0 0.530029 0.877344 0.245972 0.245312
0 0.726013 0.913281 0.331665 0.173438
0 0.88562 0.948438 0.22876 0.103125
0 0.362411 0.927344 0.345551 0.145313
0 0.877289 0.174512 0.245422 0.216602
0 0.825714 0.336719 0.348572 0.375
0 0.833328 0.12168 0.326508 0.243359
0 0.06427 0.0887695 0.12854 0.177539
0 0.0948181 0.139551 0.189636 0.263867
0 0.175652 0.161816 0.351303 0.313086
0 0.385223 0.176172 0.453064 0.352344
0 0.804886 0.393848 0.390228 0.35918
0 0.0535088 0.519531 0.107018 0.264062
0 0.0558395 0.560938 0.111679 0.160938
0 0.484802 0.876758 0.176941 0.243359
1 0.0456734 0.955078 0.0913467 0.0898438
0 0.877487 0.185449 0.245026 0.370898
1 0.077858 0.513672 0.155716 0.130469
0 0.287231 0.79375 0.360229 0.3
0 0.694275 0.871875 0.374512 0.25625
0 0.51416 0.913281 0.221375 0.173438
1 0.163055 1 0.0987854 0
0 0.282272 0.134863 0.341583 0.269727
0 0.126457 0.387891 0.252914 0.3
1 0.0760231 0.489453 0.152046 0.160156
1 0.878479 0.692969 0.243042 0.289062
0 0.555817 0.847656 0.380066 0.304688
0 0.443542 0.869727 0.21106 0.260547
1 0.868164 0.914062 0.263672 0.171875
1 0.916565 0.0499512 0.16687 0.0999023
0 0.111877 0.0832031 0.223755 0.166406
0 0.483215 0.180859 0.450684 0.361719
0 0.788422 0.181055 0.423157 0.362109
0 0.0478058 0.566406 0.0956116 0.25
0 0.185669 0.586719 0.310242 0.264062
0 0.493134 0.83457 0.360229 0.330859
0 0.246368 0.864258 0.330078 0.252734
1 0.814285 0.950781 0.336029 0.0984375
1 0.871216 0.978125 0.10791 0.04375
0 0.06427 0.0396484 0.12854 0.0792969
1 0.885223 0.145703 0.229553 0.281641
1 0.0782547 0.447754 0.156509 0.204492
1 0.878082 0.640625 0.243835 0.278125
0 0.455841 0.854297 0.285645 0.291406
0 0.837891 0.934375 0.276123 0.13125
1 0.88562 0.948438 0.22876 0.103125
0 0.581207 0.925 0.389587 0.15
0 0.8638 0.4 0.2724 0.340625
0 0.0452271 0.620313 0.0904541 0.264062
0 0.0434418 0.665625 0.0868835 0.2625
0 0.0551453 0.608594 0.110291 0.173438
1 0.691498 0.93125 0.421326 0.1375
0 0.49115 0.380859 0.0571289 0.0625
0 0.150261 0.0992187 0.257675 0.198437
1 0.194794 0.242236 0.260254 0.22959
0 0.0401688 0.759766 0.0803375 0.235156
0 0.0540543 0.669531 0.108109 0.16875
0 0.0390778 0.813281 0.0781555 0.251563
1 0.0823212 0.311914 0.164642 0.146484
1 0.0801392 0.343359 0.160278 0.184375
0 0.133896 0.578125 0.267792 0.241406
0 0.0418549 0.716797 0.0837097 0.253906
1 0.877686 0.793945 0.244629 0.287109
1 0.754181 0.935156 0.416565 0.129688
0 0.205704 0.118555 0.286041 0.237109
0 0.588348 0.184131 0.451477 0.361426
0 0.68634 0.184082 0.458618 0.368164
1 0.244385 0.264893 0.337219 0.295215
1 0.877289 0.542969 0.245422 0.279687
1 0.387604 0.534375 0.332458 0.29375
1 0.402283 0.651563 0.36261 0.365625
1 0.878677 0.742188 0.242645 0.284375
0 0.250534 0.672656 0.316193 0.242188
0 0.0554924 0.709375 0.110985 0.15
0 0.303299 0.907031 0.294769 0.185937
0 0.840866 0.942969 0.200348 0.114063
1 0.0558395 0.421875 0.111679 0.172656
1 0.958618 0.0329346 0.0827637 0.0658691
0 0.49353 0.286719 0.0650635 0.0648438
0 0.491547 0.2875 0.0507812 0.0554687
1 0.421425 0.50625 0.0981903 0.1
0 0.486786 0.281445 0.0587158 0.053125
0 0.965637 0.0447266 0.0634766 0.0529297
1 0.0248699 0.8125 0.0497398 0.0765625
0 0.957031 0.0332031 0.0859375 0.0664062
0 0.954529 0.0442261 0.0618896 0.051001
1 0.229706 0.220703 0.0658569 0.0601562
0 0.941833 0.0305176 0.055542 0.0610352
1 0.942627 0.0280273 0.0587158 0.0560547
1 0.105927 0.337891 0.0595093 0.0601562
1 0.957031 0.0327637 0.0859375 0.0655273
0 0.495911 0.287109 0.0658569 0.0664062
0 0.484802 0.280859 0.0571289 0.0546875
0 0.120804 0.488281 0.0412598 0.0609375
1 0.0256386 0.817187 0.0512772 0.071875
0 0.505829 0.280859 0.0666504 0.0625
0 0.116837 0.492188 0.0499878 0.071875
1 0.880737 0.359766 0.0793457 0.0804688
1 0.409027 0.594922 0.103149 0.103906
1 0.228912 0.221094 0.0714111 0.0679687
0 0.490356 0.383984 0.0610962 0.0671875
0 0.465759 0.295703 0.0507812 0.0617188
1 0.142525 0.630859 0.13588 0.13125
0 0.698242 0.482812 0.0539551 0.0640625
0 0.701416 0.325781 0.0380859 0.0378906
1 0.10672 0.342969 0.0626831 0.065625
0 0.483612 0.294141 0.0515747 0.0589844
1 0.149567 0.567578 0.130127 0.125
0 0.498291 0.273633 0.0666504 0.059375
0 0.956238 0.0322021 0.0875244 0.0644043
1 0.453064 0.990625 0.120605 0.01875
1 0.957825 0.0334473 0.0843506 0.0668945
0 0.492737 0.287305 0.0650635 0.0648438
0 0.485596 0.281055 0.0682373 0.0664062
0 0.483612 0.292969 0.0610962 0.0621094
0 0.49353 0.305078 0.0706177 0.05625
0 0.49353 0.274219 0.0634766 0.0640625
1 0.0261593 0.815625 0.0523186 0.06875
0 0.49353 0.286914 0.0603027 0.0605469
1 0.958618 0.0329102 0.0827637 0.0658203
0 0.485596 0.279297 0.055542 0.0578125
0 1 0.841406 0 0.06875
0 1 0.81875 0 0.0671875
0 0.958618 0.0337891 0.0827637 0.0675781
0 1 0.80625 0 0.0671875
0 0.968018 0.0437012 0.0603027 0.0484375
1 0.955841 0.0330566 0.0883179 0.0661133
0 0.495514 0.285937 0.0603027 0.0609375
0 0.484009 0.276953 0.0714111 0.0671875
1 0.408531 0.590625 0.108109 0.103125
1 0.489563 0.284375 0.0634766 0.0632813
0 0.495117 0.30293 0.0714111 0.0601562
0 0.510986 0.276953 0.0809326 0.0726563
1 0.495911 0.29043 0.0618896 0.0628906
0 0.49115 0.283594 0.0571289 0.0566406
1 0.959015 0.0341797 0.0819702 0.0683594
0 0.500275 0.287109 0.0618896 0.0609375
0 0.49115 0.272656 0.0531616 0.0453125
1 0.957825 0.0338867 0.0843506 0.0677734
0 0.492737 0.286328 0.0618896 0.0617188
1 0.0900574 0.772656 0.118622 0.1
0 0.501068 0.289453 0.0626831 0.0617188
1 0.0882721 0.227539 0.131714 0.119922
1 0.909302 0.168945 0.130127 0.122266
0 0.49353 0.284766 0.0618896 0.0617188
1 0.956238 0.0336914 0.0875244 0.0673828
0 0.486389 0.278906 0.0603027 0.0609375
1 0.490356 0.28457 0.0634766 0.0613281
0 0.490356 0.270312 0.0571289 0.046875
0 0.502258 0.2875 0.0618896 0.0609375
1 0.957031 0.0338623 0.0859375 0.0677246
0 0.49353 0.288086 0.06427 0.0628906
1 0.432434 0.810938 0.0618896 0.053125
0 0.111382 0.499609 0.0904541 0.0929687
0 0.123581 0.497266 0.0900574 0.0804688
1 0.957031 0.0330322 0.0859375 0.0660645
0 0.493134 0.285937 0.0618896 0.0597656
0 0.501465 0.289062 0.0571289 0.0585938
1 0.957825 0.0343262 0.0843506 0.0686523
0 0.493134 0.286719 0.0658569 0.065625
0 0.487579 0.280078 0.06427 0.0660156
0 0.49115 0.271094 0.0634766 0.0609375
1 0.489563 0.284766 0.0658569 0.065625
1 0.958618 0.0332764 0.0827637 0.0665527
0 0.491943 0.285937 0.0626831 0.0625
0 0.500671 0.289844 0.0603027 0.0640625
0 0.49115 0.306836 0.06427 0.0539063
0 0.492737 0.286328 0.0634766 0.0621094
1 0.955444 0.0339111 0.0891113 0.0678223
0 0.490356 0.272461 0.0539551 0.0480469
0 0.491943 0.302539 0.0603027 0.0558594
1 0.0149269 1 0.0298538 0
1 0.957825 0.0333496 0.0843506 0.0666992
0 0.492737 0.286719 0.0618896 0.0601562
1 0.208282 0.832812 0.0388794 0.040625
1 0.490753 0.286719 0.0610962 0.0609375
1 1 0.810156 0 0.104687
1 1 0.599219 0 0.11875
1 1 0.545313 0 0.120312
1 1 0.910937 0 0.1125
1 1 0.510156 0 0.115625
1 1 0.572266 0 0.119531
1 1 0.9375 0 0.1125
1 1 0.96875 0 0.0625
1 1 0.683594 0 0.110156
1 1 0.709375 0 0.109375
1 1 0.310156 0 0.109375
1 1 0.786719 0 0.107813
1 1 0.284375 0 0.109375
1 0.956238 0.0320557 0.0875244 0.0641113
0 0.491943 0.285547 0.0595093 0.05625
0 0.11158 0.499219 0.0779572 0.090625
0 0.124573 0.495313 0.0678406 0.0828125
0 0.134293 0.486719 0.0670471 0.0671875
0 0.124771 0.478125 0.0543518 0.0515625
0 0.0873795 0.790625 0.0751801 0.065625
1 0.957031 0.0329102 0.0859375 0.0658203
0 0.49472 0.285156 0.0610962 0.0609375
1 0.0247459 0.814062 0.0494919 0.075
0 0.848999 0.93125 0.0539551 0.046875
1 0.955444 0.0343018 0.0891113 0.0686035
0 0.49353 0.285547 0.0618896 0.0609375
1 0.0255642 0.815625 0.0511284 0.078125
0 0.49234 0.2875 0.0650635 0.065625
1 0.956238 0.0328125 0.0875244 0.065625
1 0.0222664 0.820312 0.0445328 0.065625
1 0.414879 0.507812 0.0970001 0.105469
0 0.484009 0.281445 0.0618896 0.0578125
0 0 0.986719 0 0.0265625
1 0.415771 0.497656 0.0825195 0.0859375
1 0.957825 0.0335205 0.0843506 0.067041
0 0.49353 0.285937 0.0666504 0.0648438
1 0.0236549 0.820312 0.0473099 0.06875
1 0.957428 0.0344482 0.085144 0.0688965
0 0.494324 0.284766 0.0634766 0.0613281
1 0.882324 0.363672 0.0793457 0.075
0 0.492737 0.270312 0.0587158 0.0484375
1 0.955444 0.0333496 0.0891113 0.0666992
0 0.49234 0.286328 0.0634766 0.0617188
0 0.485199 0.279687 0.0595093 0.0582031
1 0.957031 0.0332031 0.0859375 0.0664062
0 0.492737 0.286328 0.0634766 0.0625
1 0.0261345 0.813281 0.052269 0.0796875
1 0.973694 0.509375 0.0526123 0.11875
1 0.0283661 0.80625 0.0567322 0.1
1 0.49115 0.285547 0.0618896 0.0605469
1 0.957428 0.0335449 0.085144 0.0670898
0 0.49353 0.285352 0.0634766 0.0613281
1 0.0250435 0.814062 0.050087 0.075
1 0.0271263 1 0.0542526 0
1 0.880737 0.365039 0.0825195 0.0808594
0 0.491943 0.305859 0.0587158 0.0453125
1 0.956238 0.032959 0.0875244 0.065918
0 0.491943 0.284961 0.0603027 0.0601562
1 0.0240021 0.813867 0.0480042 0.0785156
1 0.957031 0.0335449 0.0859375 0.0670898
0 0.492737 0.285156 0.0618896 0.0617188
1 0.205902 0.83125 0.0444336 0.04375
1 0.0229855 0.821875 0.0459709 0.0625
1 0.957031 0.032666 0.0859375 0.065332
0 0.493927 0.285156 0.0603027 0.0601562
0 1 0.030127 0 0.0602539
0 1 0.039502 0 0.0669922
0 1 0.0234375 0 0.046875
0 1 0.0517578 0 0.0683594
0 1 0.0171875 0 0.034375
0 1 0.845312 0 0.08125
0 1 0.946094 0 0.078125
0 1 0.925 0 0.078125
0 1 0.848437 0 0.084375
0 1 0.870313 0 0.0828125
0 1 0.923437 0 0.08125
0 1 0.823438 0 0.0875
0 0.999084 0.00129395 0.00183105 0.00258789
0 1 0.948438 0 0.08125
0 1 0.0758789 0 0.0734375
0 1 0.9 0 0.08125
0 1 0.821875 0 0.084375
0 1 0.873438 0 0.0828125
0 0.987976 0 0.0240479 0
0 1 0.896875 0 0.0875
0 1 0.966406 0 0.0671875
0 1 0.963281 0 0.0734375
0 1 0.973437 0 0.053125
0 0.493134 0.303906 0.0587158 0.0539063
0 1 0.0463745 0 0.0715088
0 0.974487 0.040918 0.0510254 0.0447266
0 1 0.00487061 0 0.00974121
0 1 0.985547 0 0.0289063
0 1 0.671094 0 0.0914062
0 1 0.647266 0 0.0898438
0 1 0.798437 0 0.090625
0 1 0.0702637 0 0.0725586
0 1 0.649219 0 0.090625
0 0.982422 1 0.0351562 0
0 0.985596 0.0380371 0.0288086 0.0533203
1 0.957428 0.0320312 0.085144 0.0640625
0 0.492737 0.284375 0.0634766 0.0625
1 0.0224648 0.815625 0.0449295 0.06875
0 0.192413 0.686719 0.0436401 0.0453125
1 0.957031 0.0338135 0.0859375 0.067627
0 0.49234 0.287109 0.0618896 0.059375
1 0.957825 0.0325684 0.0843506 0.0651367
0 0.49353 0.286523 0.06427 0.0609375
1 0.0251923 0.817187 0.0503845 0.071875
1 0.958221 0.031958 0.0835571 0.063916
0 0.49353 0.286328 0.0618896 0.0617188
1 0.0275478 0.8125 0.0550957 0.0875
1 0 0.0463867 0 0.0927734
1 0.956238 0.0337891 0.0875244 0.0675781
0 0.49234 0.286719 0.0618896 0.0601562
0 0.11277 0.496094 0.0866852 0.0859375
0 0.134987 0.492969 0.0718079 0.0757812
0 0.127251 0.501562 0.0858917 0.0828125
1 0.957031 0.0351074 0.0859375 0.0702148
0 0.49234 0.287109 0.0626831 0.0601562
1 0.957428 0.0339355 0.085144 0.0678711
0 0.49234 0.286914 0.0587158 0.0582031
0 0.501465 0.28457 0.0587158 0.0589844
0 0.11039 0.496875 0.083313 0.075
1 0.0245972 0.81875 0.0491943 0.0703125
0 0.486786 0.281641 0.0571289 0.0554687
0 0.129433 0.497656 0.0727997 0.0703125
1 0.958618 0.0328125 0.0827637 0.065625
0 0.492737 0.286719 0.0618896 0.059375
1 0.0267792 0.814062 0.0535583 0.078125
1 0.956238 0.0333008 0.0875244 0.0666016
0 0.493927 0.287109 0.0610962 0.059375
1 0.0228119 0.81875 0.0456238 0.06875
0 0.49115 0.285937 0.0618896 0.0609375
1 0.956238 0.0358154 0.0875244 0.0716309
0 0.140442 0.500781 0.0587158 0.0625
1 0.00203323 0.816406 0.00406647 0.090625
1 0.023407 0.81875 0.046814 0.08125
0 0.133698 0.510156 0.0666504 0.065625
0 0.132507 0.498437 0.0741882 0.0765625
1 0 0.807813 0 0.1
1 0.957428 0.0345947 0.085144 0.0691895
0 0.491547 0.284766 0.0579224 0.0570313
1 0.0216217 0.817187 0.0432434 0.065625
1 0.956238 0.033667 0.0875244 0.067334
0 0.492737 0.285742 0.0610962 0.0589844
0 0.494324 0.285937 0.0610962 0.0609375
1 0.956238 0.0335938 0.0875244 0.0671875
1 0.0251179 0.817187 0.0502357 0.075
1 0.957031 0.0340576 0.0859375 0.0681152
0 0.493134 0.28418 0.0579224 0.0597656
1 0.957825 0.0347412 0.0843506 0.0694824
0 0.49353 0.287109 0.0634766 0.059375
1 0.0225143 0.81875 0.0450287 0.071875
1 0.957031 0.0337891 0.0859375 0.0675781
0 0.49353 0.284766 0.0618896 0.0585938
0 1 0.0137939 0 0.0275879
1 0.956635 0.0339844 0.086731 0.0679687
0 0.491943 0.285156 0.0587158 0.0570313
0 0.501465 0.283789 0.0587158 0.0582031
1 0.0236301 0.815625 0.0472603 0.06875
1 0.956635 0.0340576 0.086731 0.0681152
0 0.49234 0.286328 0.0587158 0.0585938
1 0.957031 0.0334717 0.0859375 0.0669434
0 0.491943 0.28457 0.0603027 0.0597656
1 0.957825 0.0348633 0.0843506 0.0697266
0 0.492737 0.285352 0.0603027 0.0597656
1 0.957031 0.0340576 0.0859375 0.0681152
0 0.491943 0.288477 0.0626831 0.0605469
0 0.491943 0.286328 0.0618896 0.0585938
1 0.957031 0.0337646 0.0859375 0.0675293
1 0.957031 0.0344238 0.0859375 0.0688477
0 0.491943 0.286328 0.0603027 0.059375
1 0.957825 0.0333496 0.0843506 0.0666992
0 0.491943 0.288672 0.0634766 0.0617188
0 0.108133 0.501562 0.085247 0.0890625
1 0.957031 0.0333984 0.0859375 0.0667969
0 0.49115 0.285547 0.0618896 0.0609375
1 0.957031 0.033667 0.0859375 0.067334
0 0.492737 0.285937 0.0587158 0.0574219
1 0.0209274 0.81875 0.0418549 0.065625
0 0.492737 0.286719 0.0603027 0.0585938
1 0.957428 0.0346924 0.085144 0.0693848
1 0.957031 0.0336182 0.0859375 0.0672363
0 0.491547 0.287109 0.0610962 0.0601562
0 0.491943 0.288086 0.0634766 0.0609375
1 0.957825 0.0337402 0.0843506 0.0674805
0 0.49115 0.283203 0.0610962 0.0578125
1 0.957825 0.0325439 0.0843506 0.0650879
1 0.957031 0.033374 0.0859375 0.066748
0 0.491943 0.283789 0.0618896 0.0601562
1 0.956238 0.034375 0.0875244 0.06875
0 0.490356 0.287109 0.0618896 0.0617188
0 0.500671 0.285547 0.0618896 0.0632813
1 0.877563 0.365234 0.0856934 0.0820312
0 0.491943 0.285156 0.0634766 0.0625
1 0.957428 0.0341553 0.085144 0.0683105
1 0.957428 0.0343262 0.085144 0.0686523
0 0.492737 0.28457 0.0610962 0.0605469
1 0.957031 0.0353271 0.0859375 0.0706543
0 0.492737 0.286719 0.0650635 0.0625
1 0.957031 0.0342041 0.0859375 0.0684082
0 0.492737 0.285937 0.0610962 0.0601562
1 0.957428 0.0357178 0.085144 0.0714355
0 0.492737 0.286719 0.0618896 0.0621094
1 0.778778 0.7375 0.102356 0.104687
1 0.772827 0.753516 0.109497 0.119531
1 0.955841 0.0348633 0.0883179 0.0697266
0 0.490753 0.283594 0.0610962 0.0609375
1 0.956635 0.0348389 0.086731 0.0696777
0 0.49353 0.282422 0.0634766 0.0617188
1 0.957031 0.0341064 0.0859375 0.0682129
0 0.491943 0.285547 0.0618896 0.0621094
1 0.957825 0.0335205 0.0843506 0.067041
0 0.492737 0.282813 0.0618896 0.0601562
1 0.957825 0.0340576 0.0843506 0.0681152
0 0.48996 0.285156 0.0618896 0.0617188
0 0.500275 0.286328 0.0626831 0.0652344
1 0.956238 0.0337158 0.0875244 0.0674316
0 0.491943 0.28125 0.0587158 0.0578125
1 0.956238 0.0341064 0.0875244 0.0682129
0 0.491547 0.283984 0.0603027 0.0589844
1 0.0229111 0.81875 0.0458221 0.065625
0 0.490356 0.287109 0.0603027 0.0585938
1 0.957031 0.0344727 0.0859375 0.0689453
1 0.0234814 0.81875 0.0469627 0.065625
0 0.500275 0.286133 0.0603027 0.0605469
1 0 0.815625 0 0.078125
1 0.957825 0.0341064 0.0843506 0.0682129
0 0.49115 0.285352 0.0587158 0.0582031
1 0.0226631 0.81875 0.0453262 0.0625
0 0.499878 0.283203 0.0587158 0.0578125
1 0 0.815625 0 0.0765625
1 0.957031 0.0340576 0.0859375 0.0681152
0 0.491943 0.286914 0.0618896 0.059375
0 0.501068 0.284375 0.0579224 0.0574219
0 0.302704 0.860937 0.0476074 0.046875
1 0.022316 0.821875 0.044632 0.065625
0 0.292389 0.864062 0.0456238 0.0515625
1 0.956238 0.034375 0.0875244 0.06875
0 0.491943 0.285156 0.0626831 0.0609375
1 0.00213242 0.822656 0.00426483 0.0953125
1 0.957825 0.0333496 0.0843506 0.0666992
0 0.491943 0.284766 0.0587158 0.0574219
1 0.957031 0.0322754 0.0859375 0.0645508
0 0.491943 0.283984 0.0587158 0.0578125
1 0.957825 0.0333252 0.0843506 0.0666504
0 0.490356 0.288672 0.0618896 0.0601562
1 0.957825 0.0332764 0.0843506 0.0665527
0 0.49115 0.285547 0.0603027 0.059375
0 0.761719 0.292578 0.0428467 0.0421875
1 0.956238 0.0339844 0.0875244 0.0679687
0 0.491547 0.283008 0.0579224 0.05625
1 0.0235558 0.819531 0.0471115 0.06875
0 0.489563 0.287109 0.0618896 0.0609375
1 0.957825 0.0337402 0.0843506 0.0674805
1 0.957031 0.0349365 0.0859375 0.069873
0 0.49115 0.285156 0.0603027 0.059375
1 0.0235558 0.821875 0.0471115 0.071875
0 0.49115 0.285937 0.0618896 0.0609375
1 0.956238 0.0343018 0.0875244 0.0686035
1 0.957031 0.0350586 0.0859375 0.0701172
0 0.49234 0.285547 0.0610962 0.0609375
1 0.956238 0.0359131 0.0875244 0.0718262
0 0.491943 0.285937 0.0587158 0.0578125
0 0.49234 0.283789 0.0603027 0.0589844
1 0.957031 0.0347656 0.0859375 0.0695312
1 0.777985 0.737109 0.107117 0.105469
1 0.883911 0.366797 0.0825195 0.0796875
1 0.770447 0.750781 0.114258 0.120312
1 0 0.819531 0 0.101562
1 0.957031 0.0350098 0.0859375 0.0700195
0 0.49115 0.283203 0.0587158 0.0570313
0 0.452271 1 0.0634766 0
0 0.464966 1 0.0634766 0
0 0.438782 1 0.0666504 0
0 0.423706 1 0.0714111 0
0 0.477661 1 0.0634766 0
0 0.431641 1 0.0666504 0
0 0.410217 1 0.0737915 0
1 0.956238 0.034668 0.0875244 0.0693359
0 0.49234 0.285742 0.0587158 0.0582031
0 0.42688 0.991406 0.0682373 0.0171875
0 0.440369 1 0.074585 0
0 0.467346 1 0.0698242 0
0 0.454651 1 0.0706177 0
1 0.957031 0.034375 0.0859375 0.06875
0 0.49353 0.283594 0.0587158 0.0578125
1 0.956238 0.0341797 0.0875244 0.0683594
0 0.493927 0.283398 0.0587158 0.0574219
0 0.453064 1 0.0698242 0
1 0.464172 1 0.0698242 0
1 0.957031 0.0336426 0.0859375 0.0672852
0 0.491943 0.284766 0.0603027 0.059375
1 0.957428 0.033252 0.085144 0.0665039
0 0.493927 0.284766 0.0587158 0.0578125
1 0.105034 0.775 0.117233 0.121875
1 0.957031 0.034375 0.0859375 0.06875
0 0.492737 0.286719 0.0587158 0.0578125
1 0.957031 0.0338135 0.0859375 0.067627
0 0.49353 0.283984 0.0587158 0.0578125
1 9.91821e-05 0.816406 0.000198364 0.09375
0 0.494324 0.284766 0.0571289 0.05625
1 0.957031 0.0344482 0.0859375 0.0688965
0 0.751404 0.296094 0.0412598 0.0390625
1 0.956238 0.0348389 0.0875244 0.0696777
0 0.491943 0.285352 0.0587158 0.0578125
1 0.955444 0.0351562 0.0891113 0.0703125
0 0.49353 0.284961 0.0603027 0.0589844
1 0.957031 0.0349365 0.0859375 0.069873
0 0.492737 0.283203 0.0610962 0.059375
1 0.956635 0.034082 0.086731 0.0681641
0 0.496704 0.283594 0.0587158 0.0578125
1 0.957031 0.0335449 0.0859375 0.0670898
0 0.495117 0.285156 0.0587158 0.059375
1 0.956635 0.0331543 0.086731 0.0663086
0 0.49472 0.283594 0.0610962 0.0597656
1 0.957825 0.0341797 0.0843506 0.0683594
0 0.494324 0.284375 0.0587158 0.059375
0 0.492737 0.286328 0.0603027 0.059375
1 0.957031 0.0345459 0.0859375 0.0690918
1 0.957428 0.0339355 0.085144 0.0678711
0 0.491943 0.2875 0.0595093 0.0585938
0 0.492737 0.285547 0.0603027 0.0585938
1 0.956238 0.0337402 0.0875244 0.0674805
1 0.956238 0.0333008 0.0875244 0.0666016
0 0.49353 0.285547 0.0595093 0.0589844
1 0.956635 0.0349365 0.086731 0.069873
0 0.49472 0.285547 0.0603027 0.059375
1 0.768066 0.728906 0.0888672 0.0804688
1 0 0.815625 0 0.0921875
1 0.956238 0.0353271 0.0875244 0.0706543
0 0.492737 0.284375 0.0603027 0.0601562
1 0.770844 0.733984 0.0944214 0.0851562
1 0.957031 0.0341553 0.0859375 0.0683105
0 0.493927 0.282031 0.0603027 0.059375
1 0.957825 0.0326416 0.0843506 0.0652832
0 0.49353 0.283203 0.0595093 0.059375
1 0.76886 0.736719 0.0999756 0.09375
1 0.956635 0.0328125 0.086731 0.065625
0 0.492737 0.28457 0.0595093 0.0585938
1 0.957031 0.0345947 0.0859375 0.0691895
0 0.494324 0.284375 0.0603027 0.0609375
1 0.956238 0.0347412 0.0875244 0.0694824
0 0.49472 0.282813 0.0603027 0.0609375
1 0.957428 0.0347168 0.085144 0.0694336
0 0.49353 0.285156 0.0618896 0.0617188
1 0.957825 0.0341064 0.0843506 0.0682129
0 0.495911 0.284375 0.0587158 0.0601562
1 0.957825 0.0351074 0.0843506 0.0702148
0 0.49472 0.285742 0.0618896 0.0613281
1 0.957428 0.0354492 0.085144 0.0708984
0 0.496704 0.283594 0.0603027 0.059375
0 0.495911 0.281836 0.0603027 0.0589844
1 0.956635 0.0347168 0.086731 0.0694336
1 0.957428 0.0342529 0.085144 0.0685059
0 0.495117 0.283203 0.0587158 0.0578125
1 0.553833 1 0.103149 0
1 0.956635 0.033252 0.086731 0.0665039
0 0.494324 0.285742 0.0603027 0.0601562
1 0.955841 0.03396 0.0883179 0.0679199
0 0.493927 0.283984 0.0595093 0.0585938
1 0.957428 0.0330322 0.085144 0.0660645
0 0.49353 0.283984 0.0587158 0.0582031
1 0.957825 0.0330078 0.0843506 0.0660156
0 0.494324 0.283984 0.0587158 0.0589844
1 0.956238 0.0329102 0.0875244 0.0658203
0 0.494324 0.283984 0.0587158 0.0578125
1 0.957031 0.0345459 0.0859375 0.0690918
0 0.493927 0.283984 0.0595093 0.0585938
1 0.957825 0.0341797 0.0843506 0.0683594
0 0.495514 0.282031 0.0587158 0.0585938
1 0.957031 0.0329346 0.0859375 0.0658691
0 0.494324 0.284766 0.0618896 0.0609375
1 0.957031 0.0342041 0.0859375 0.0684082
0 0.493927 0.285156 0.0603027 0.0601562
1 0.957031 0.0343262 0.0859375 0.0686523
0 0.49353 0.284375 0.0587158 0.0570313
1 0.0176296 0.816992 0.0352592 0.0847656
1 0.957428 0.0331787 0.085144 0.0663574
0 0.49353 0.284766 0.0587158 0.0585938
1 0.0136375 0.81875 0.0272751 0.0828125
1 0.957825 0.0328857 0.0843506 0.0657715
0 0.495117 0.282617 0.0587158 0.0585938
1 0.957031 0.0330811 0.0859375 0.0661621
0 0.49353 0.285156 0.0603027 0.059375
1 0.958221 0.0325928 0.0835571 0.0651855
0 0.49353 0.284375 0.0595093 0.0589844
1 0.562164 0.746094 0.0880737 0.0765625
1 0.957428 0.0329834 0.085144 0.0659668
0 0.492737 0.283594 0.0603027 0.0578125
1 0.956635 0.0335449 0.086731 0.0670898
0 0.491943 0.285156 0.0603027 0.0601562
1 0.957428 0.0331543 0.085144 0.0663086
0 0.491547 0.285156 0.0603027 0.059375
1 0.957825 0.0336426 0.0843506 0.0672852
0 0.492737 0.284375 0.0603027 0.0585938
1 0.957825 0.0345215 0.0843506 0.069043
0 0.492737 0.286133 0.0610962 0.0605469
1 0.957825 0.0333008 0.0843506 0.0666016
0 0.494324 0.283203 0.0618896 0.059375
1 0.957825 0.0336914 0.0843506 0.0673828
0 0.495117 0.282813 0.0603027 0.0601562
1 0.958618 0.0337891 0.0827637 0.0675781
0 0.49353 0.283984 0.0634766 0.0617188
1 0.957825 0.0339111 0.0843506 0.0678223
0 0.493927 0.283398 0.0603027 0.0585938
0 0.492737 0.284766 0.0603027 0.0589844
1 0.957825 0.0341309 0.0843506 0.0682617
1 0.957825 0.0351318 0.0843506 0.0702637
0 0.49353 0.284766 0.0603027 0.0582031
1 0.958221 0.0347168 0.0835571 0.0694336
0 0.495117 0.283594 0.0603027 0.0585938
1 0.958618 0.034668 0.0827637 0.0693359
0 0.49353 0.282813 0.0571289 0.0574219
1 0.957825 0.0346191 0.0843506 0.0692383
0 0.495117 0.282422 0.0587158 0.05625
1 0.958221 0.0343262 0.0835571 0.0686523
0 0.495117 0.28125 0.0587158 0.0589844
0 0.493927 0.282813 0.0587158 0.0582031
1 0.957825 0.0332275 0.0843506 0.0664551
1 0.958221 0.0333008 0.0835571 0.0666016
0 0.494324 0.283203 0.0587158 0.0585938
1 0.958618 0.0333008 0.0827637 0.0666016
0 0.49353 0.283203 0.0603027 0.059375
1 0.958221 0.0331055 0.0835571 0.0662109
0 0.493927 0.284375 0.0603027 0.059375
1 0.958221 0.034082 0.0835571 0.0681641
0 0.494324 0.284375 0.0603027 0.0585938
1 0.957825 0.0344727 0.0843506 0.0689453
0 0.49353 0.283594 0.0603027 0.0578125
1 0.958618 0.0344238 0.0827637 0.0688477
0 0.494324 0.282813 0.0587158 0.0585938
1 0.958221 0.033252 0.0835571 0.0665039
0 0.494324 0.283594 0.0587158 0.0585938
1 0.957031 0.0340332 0.0859375 0.0680664
0 0.492737 0.284766 0.0603027 0.0585938
1 0.958221 0.0336426 0.0835571 0.0672852
0 0.492737 0.284766 0.0603027 0.0585938
1 0.958618 0.032959 0.0827637 0.065918
0 0.492737 0.284375 0.0603027 0.0585938
1 0.957825 0.0332031 0.0843506 0.0664062
0 0.492737 0.285352 0.0603027 0.0585938
1 0.957825 0.033667 0.0843506 0.067334
0 0.494324 0.283984 0.0587158 0.0582031
1 0.957825 0.0332031 0.0843506 0.0664062
0 0.49353 0.283203 0.0587158 0.0585938
1 0.957825 0.0334961 0.0843506 0.0669922
0 0.495117 0.283203 0.0587158 0.0578125
1 0.958618 0.0341797 0.0827637 0.0683594
0 0.495514 0.283594 0.0595093 0.0585938
1 0.958618 0.0335938 0.0827637 0.0671875
0 0.495117 0.282422 0.0579224 0.0578125
1 0.958618 0.0328369 0.0827637 0.0656738
0 0.494324 0.282422 0.0587158 0.0585938
1 0.959015 0.0331299 0.0819702 0.0662598
0 0.49472 0.282813 0.0587158 0.0578125
1 0.0227127 0.820312 0.0454254 0.06875
1 0.958618 0.0334473 0.0827637 0.0668945
0 0.494324 0.283203 0.0587158 0.0582031
1 0.958618 0.0339844 0.0827637 0.0679687
0 0.49353 0.283594 0.0603027 0.059375
1 0.958618 0.0341797 0.0827637 0.0683594
0 0.49353 0.283984 0.0603027 0.059375
1 0.958618 0.0338867 0.0827637 0.0677734
0 0.494324 0.283984 0.0595093 0.0585938
0 0.495117 0.283398 0.0587158 0.0585938
1 0.958618 0.0340088 0.0827637 0.0680176
1 0.958221 0.0333252 0.0835571 0.0666504
0 0.495117 0.283594 0.0587158 0.0585938
1 0.959015 0.0335938 0.0819702 0.0671875
0 0.49353 0.284766 0.0603027 0.0585938
1 0.959015 0.0339355 0.0819702 0.0678711
0 0.495117 0.283789 0.0595093 0.0585938
1 0.958618 0.0336182 0.0827637 0.0672363
0 0.495911 0.283203 0.0603027 0.0585938
1 0.958618 0.0338867 0.0827637 0.0677734
0 0.495117 0.283594 0.0587158 0.0585938
1 0.958618 0.0336914 0.0827637 0.0673828
0 0.495117 0.282422 0.0587158 0.0585938
1 0.958618 0.0335449 0.0827637 0.0670898
0 0.495117 0.282227 0.0587158 0.0585938
1 0.022316 0.81875 0.044632 0.06875
1 0.959015 0.033252 0.0819702 0.0665039
0 0.495911 0.28125 0.0595093 0.059375
1 0.0221424 0.81875 0.0442848 0.06875
1 0.959015 0.0337402 0.0819702 0.0674805
0 0.495911 0.282422 0.0587158 0.0585938
1 0.958618 0.0334961 0.0827637 0.0669922
0 0.495117 0.281641 0.0587158 0.0585938
1 0.959015 0.033374 0.0819702 0.066748
0 0.49472 0.282227 0.0587158 0.0585938
1 0.959015 0.0340088 0.0819702 0.0680176
0 0.495117 0.283008 0.0587158 0.0585938
1 0.958618 0.0336914 0.0827637 0.0673828
0 0.495514 0.282617 0.0587158 0.0582031
1 0.958618 0.0338379 0.0827637 0.0676758
0 0.494324 0.283203 0.0595093 0.0585938
1 0.959015 0.0331787 0.0819702 0.0663574
0 0.493134 0.283789 0.0595093 0.0589844
1 0.959412 0.0328857 0.0811768 0.0657715
0 0.49472 0.283789 0.0587158 0.0585938
1 0.959412 0.032959 0.0811768 0.065918
0 0.494324 0.283594 0.0587158 0.0589844
1 0.958618 0.0331543 0.0827637 0.0663086
0 0.495117 0.283008 0.0587158 0.0585938
1 0.959015 0.0331787 0.0819702 0.0663574
0 0.495117 0.282422 0.0587158 0.0585938
1 0.959015 0.0330322 0.0819702 0.0660645
0 0.495117 0.282422 0.0587158 0.0585938
1 0.959015 0.0330566 0.0819702 0.0661133
0 0.495911 0.282227 0.0587158 0.0585938
1 0.959015 0.0332764 0.0819702 0.0665527
0 0.495911 0.282422 0.0587158 0.0585938
1 0.959015 0.033252 0.0819702 0.0665039
0 0.495911 0.282422 0.0587158 0.0585938
1 0.959015 0.033252 0.0819702 0.0665039
0 0.495911 0.282422 0.0587158 0.0585938
1 0.956238 0.0337891 0.0875244 0.0675781
0 0.49234 0.286719 0.0618896 0.0601562
0 0.112894 0.496094 0.086834 0.0859375
0 0.491547 0.274609 0.0587158 0.0507812
0 0.135086 0.492969 0.0718079 0.0757812
0 0.12735 0.501562 0.0856934 0.0828125
0 0.945801 0.0431763 0.0634766 0.0513428
1 0.981628 0 0.0367432 0
