1 0.645081 0.525391 0.104736 0.0960938
0 0.57843 0.282227 0.0785522 0.0699219
0 0.351501 0.695703 0.703003 0.608594
0 0.464172 0.845508 0.864868 0.308984
0 0.472504 0.75 0.873596 0.5
0 0.428467 0.71875 0.856934 0.5625
1 0.351303 0.686328 0.702606 0.627344
0 0.322739 0.701563 0.645477 0.596875
1 0.343567 0.775586 0.687134 0.448828
1 0.23764 0.779688 0.475281 0.403125
1 0.31778 0.761523 0.635559 0.476953
0 0.320358 0.769531 0.640717 0.460938
0 0.263824 0.822656 0.527649 0.354688
1 0.463776 0.853906 0.756165 0.292188
0 0.463776 0.853906 0.756165 0.292188
0 0.423706 0.878125 0.847412 0.24375
1 0.296555 0.892578 0.593109 0.214844
1 0.383438 0.878711 0.766876 0.242578
1 0.591919 0.248877 0.103149 0.155371
0 0.296555 0.892578 0.593109 0.214844
1 0.888794 0.1 0.222412 0.2
0 0.361816 0.807813 0.723633 0.384375
1 0.862808 0.0663574 0.274384 0.132715
0 0.186462 0.124512 0.372925 0.249023
0 0.482422 0.223242 0.396729 0.239063
0 0.695862 0.203955 0.31897 0.238184
0 0.612946 0.241406 0.256287 0.171875
0 0.132607 0.818359 0.265213 0.363281
1 0.16613 0.149414 0.33226 0.298828
0 0.450684 0.256641 0.530029 0.447656
0 0.418945 0.0158691 0.36499 0.0317383
0 0.440369 0.26582 0.403076 0.338672
0 0.595886 0.241602 0.109497 0.179688
0 0.518524 0.0134766 0.438782 0.0269531
0 0.361023 0.319336 0.554626 0.577734
1 0.578033 0.247461 0.407043 0.162109
1 0.653412 0.460156 0.206299 0.23125
0 0.23764 0.779688 0.475281 0.403125
1 0.263824 0.822656 0.527649 0.354688
0 0.144012 0.101855 0.288025 0.203711
0 0.775208 0.708203 0.417358 0.297656
0 0.764496 0.20918 0.438782 0.231641
1 0.247559 0.897656 0.495117 0.204688
0 0.794373 0.0531738 0.411255 0.106348
0 0.517334 0.209961 0.569702 0.348047
1 0.612946 0.241406 0.256287 0.171875
0 0.64389 0.494531 0.100769 0.15625
1 0.144012 0.101855 0.288025 0.203711
0 0.16613 0.149414 0.33226 0.298828
0 0.956238 0.753516 0.0875244 0.467969
0 0.240616 0.133008 0.481232 0.266016
1 0.960999 0.756641 0.0780029 0.441406
0 0.773743 0.27793 0.452515 0.319922
1 0.428467 0.71875 0.856934 0.5625
0 0.57605 0.019873 0.563354 0.0397461
0 0.862808 0.0663574 0.274384 0.132715
1 0.96814 0.0544434 0.0637207 0.108887
0 0.687927 0.557813 0.455444 0.273438
0 0.802185 0.754687 0.371338 0.229687
1 0.186462 0.124512 0.372925 0.249023
1 0.361023 0.319336 0.554626 0.577734
0 0.81778 0.270703 0.364441 0.396094
1 0.482025 0.273438 0.381653 0.259375
0 0.761719 0.655859 0.461792 0.399219
1 0.0749321 0.132129 0.149864 0.264258
0 0.353683 0.0686523 0.462982 0.137305
1 0.248749 0.703125 0.363403 0.340625
1 0.482422 0.223242 0.396729 0.239063
0 0.440269 0.355664 0.360428 0.423047
0 0.653412 0.460156 0.206299 0.23125
0 0.876297 0.773438 0.247406 0.440625
0 0.966949 0.775 0.0661011 0.448438
1 0.0844536 0.863672 0.168907 0.272656
0 0.57724 0.358984 0.47052 0.54375
1 0.678406 0.425 0.164246 0.294531
0 0.727203 0.0299316 0.445129 0.0598633
0 0.834045 0.102734 0.331909 0.205469
0 0.650635 0.228125 0.212646 0.198437
0 0.141335 0.843359 0.282669 0.313281
0 0.0866852 0.113086 0.17337 0.226172
0 0.326904 0.140625 0.550659 0.28125
0 0.96814 0.0544434 0.0637207 0.108887
0 0.57605 0.181641 0.526855 0.296094
0 0.614136 0.264844 0.422119 0.204297
1 0.57724 0.358984 0.47052 0.54375
0 0.168015 0.730859 0.336029 0.425781
1 0.794373 0.0531738 0.411255 0.106348
0 0.813614 0.414551 0.372772 0.645898
1 0.0954132 0.446094 0.190826 0.839063
0 0.569305 0.275732 0.508606 0.373535
1 0.240616 0.133008 0.481232 0.266016
1 0.61969 0.249805 0.157104 0.159375
1 0.385818 0.82207 0.771637 0.355859
0 0.888794 0.1 0.222412 0.2
1 0.631592 0.350586 0.345947 0.405859
1 0.656189 0.49375 0.120605 0.173438
0 0.0892639 0.768945 0.178528 0.462109
0 0.837814 0.859375 0.324371 0.260938
0 0.379669 0.205469 0.448303 0.353125
0 0.314209 0.389844 0.581604 0.730469
0 0.78981 0.329102 0.42038 0.432422
0 0.0844536 0.863672 0.168907 0.272656
0 0.623657 0.0271973 0.414185 0.0543945
0 0.818375 0.155859 0.363251 0.207031
1 0.969727 0.179297 0.0605469 0.230859
1 0.0892639 0.768945 0.178528 0.462109
1 0.96814 0.0787598 0.0637207 0.15752
1 0.290009 0.192773 0.478455 0.343359
1 0.088768 0.338281 0.177536 0.676562
1 0.756561 0.401953 0.349915 0.305469
1 0.0952148 0.816602 0.19043 0.366797
1 0.145599 0.150879 0.291199 0.260742
1 0.440369 0.26582 0.403076 0.338672
0 0.631592 0.350586 0.345947 0.405859
0 0.711731 0.621094 0.51416 0.4875
0 0.382446 0.0925781 0.415771 0.185156
1 0.0845032 0.225781 0.169006 0.451562
0 0.290009 0.192773 0.478455 0.343359
1 0.965759 0.140723 0.0684814 0.229492
0 0.756561 0.401953 0.349915 0.305469
1 0.652222 0.491016 0.168213 0.172656
0 0.0840073 0.676562 0.168015 0.553125
1 0.650635 0.228125 0.212646 0.198437
1 0.773743 0.27793 0.452515 0.319922
0 0.482025 0.273438 0.381653 0.259375
1 0.502258 0.798047 0.829956 0.403906
0 0.164642 0.889063 0.329285 0.221875
0 0.836426 0.95 0.327148 0.1
0 0.307018 0.131836 0.376991 0.263672
1 0.211853 0.146777 0.31778 0.26582
1 0.81778 0.270703 0.364441 0.396094
0 0.578033 0.247461 0.407043 0.162109
1 0.687927 0.557813 0.455444 0.273438
1 0.960205 0.611719 0.0795898 0.7125
0 0.962982 0.834375 0.0740356 0.33125
1 0.88324 0.127344 0.233521 0.23125
1 0.792389 0.224609 0.415222 0.284375
1 0.78981 0.329102 0.42038 0.432422
1 0.569305 0.275732 0.508606 0.373535
0 0.385818 0.82207 0.771637 0.355859
1 0.0856438 0.160352 0.171288 0.320703
0 0.652222 0.491016 0.168213 0.172656
0 0.604614 0.528906 0.425293 0.185937
0 0.586365 0.526563 0.265808 0.185937
1 0.173965 0.696875 0.347931 0.379687
0 0.802704 0.729297 0.394592 0.371094
1 0.0840073 0.676562 0.168015 0.553125
1 0.240021 0.754102 0.480042 0.491797
1 0.865784 0.888281 0.268433 0.223438
0 0.678406 0.425 0.164246 0.294531
0 0.568909 0.435547 0.377686 0.301562
1 0.81044 0.759375 0.37912 0.264062
0 0.733551 0.156641 0.434021 0.207031
0 0.272949 0.260352 0.545898 0.460547
1 0.754578 0.225391 0.423706 0.20625
0 0.248749 0.703125 0.363403 0.340625
1 0.334244 0.822656 0.668488 0.354688
1 0.882248 0.173438 0.235504 0.260938
1 0.440269 0.355664 0.360428 0.423047
1 0.0894623 0.574316 0.178925 0.754492
0 0.177338 0.597754 0.354675 0.57793
0 0.501465 0.897656 0.834717 0.204688
1 0.813614 0.414551 0.372772 0.645898
1 0.502655 0.348047 0.434021 0.485156
0 0.720184 0.475 0.559631 0.690625
1 0.164642 0.889063 0.329285 0.221875
0 0.0882721 0.589453 0.176544 0.713281
1 0.280685 0.648438 0.355072 0.232812
0 0.247559 0.897656 0.495117 0.204688
0 0.842773 0.191797 0.314453 0.272656
1 0.568909 0.435547 0.377686 0.301562
0 0.159882 0.662598 0.319763 0.674805
1 0.450684 0.256641 0.530029 0.447656
0 0.0954132 0.446094 0.190826 0.839063
0 0.185471 0.494531 0.370941 0.579687
0 0.68634 0.917188 0.399902 0.165625
0 0.972107 0.238672 0.0557861 0.229687
1 0.972107 0.238672 0.0557861 0.229687
0 0.61969 0.249805 0.157104 0.159375
0 0.502655 0.348047 0.434021 0.485156
0 0.0952148 0.816602 0.19043 0.366797
0 0.441559 0.190234 0.457031 0.31875
0 0.969727 0.179297 0.0605469 0.230859
0 0.0856438 0.160352 0.171288 0.320703
0 0.246815 0.143262 0.369652 0.286523
0 0.216217 0.164844 0.372131 0.298438
0 0.62207 0.890625 0.498291 0.21875
1 0.876297 0.773438 0.247406 0.440625
1 0.458221 0.0146973 0.415771 0.0293945
1 0.679993 0.19043 0.288818 0.266016
1 0.836426 0.95 0.327148 0.1
0 0.137665 0.162109 0.27533 0.286328
0 0.185074 0.235986 0.370148 0.349121
0 0.890381 0.265039 0.219238 0.383984
1 0.475281 0.411719 0.221375 0.497656
0 0.256287 0.631641 0.378479 0.339844
1 0.272949 0.260352 0.545898 0.460547
0 0.088768 0.338281 0.177536 0.676562
1 0.931641 0.455566 0.136719 0.462305
1 0.586365 0.526563 0.265808 0.185937
1 0.628021 0.899219 0.546692 0.201562
0 0.526459 0.0650391 0.468933 0.130078
1 0.922913 0.537598 0.154175 0.55293
1 0.795959 0.707812 0.408081 0.310937
1 0.501465 0.897656 0.834717 0.204688
0 0.436798 0.0644043 0.414185 0.128809
1 0.890381 0.265039 0.219238 0.383984
0 0.849518 0.467578 0.300964 0.827344
0 0.605408 0.910937 0.434814 0.178125
1 0.387207 0.0175781 0.399902 0.0351562
0 0.370544 0.116602 0.363403 0.187109
1 0.379669 0.205469 0.448303 0.353125
0 0.148178 0.297656 0.296356 0.539062
0 0.97052 0.310156 0.05896 0.266406
1 0.604614 0.528906 0.425293 0.185937
0 0.629608 0.639453 0.594299 0.539844
1 0.353683 0.0686523 0.462982 0.137305
0 0.660156 0.172168 0.409424 0.241602
1 0.256287 0.631641 0.378479 0.339844
0 0.248154 0.758398 0.496307 0.483203
0 0.729187 0.746484 0.404663 0.232031
1 0.962982 0.834375 0.0740356 0.33125
0 0.907837 0.358398 0.184326 0.530078
0 0.785049 0.6 0.429901 0.404687
0 0.818176 0.108887 0.363647 0.176758
0 0.158295 0.549219 0.316589 0.767187
1 0.326904 0.140625 0.550659 0.28125
1 0.314209 0.389844 0.581604 0.730469
1 0.315994 0.592969 0.293182 0.173438
1 0.605408 0.910937 0.434814 0.178125
0 0.865784 0.888281 0.268433 0.223438
1 0.57605 0.019873 0.563354 0.0397461
1 0.614136 0.264844 0.422119 0.204297
0 0.472504 0.497559 0.216614 0.35332
1 0.941956 0.517969 0.116089 0.729688
0 0.0845032 0.225781 0.169006 0.451562
0 0.882248 0.173438 0.235504 0.260938
1 0.68634 0.917188 0.399902 0.165625
1 0.834045 0.102734 0.331909 0.205469
0 0.965759 0.140723 0.0684814 0.229492
1 0.104141 0.510156 0.208282 0.846875
1 0.143913 0.274023 0.287827 0.494922
1 0.907837 0.358398 0.184326 0.530078
1 0.177338 0.597754 0.354675 0.57793
1 0.710541 0.632422 0.570496 0.464844
1 0.118225 0.371484 0.23645 0.725
0 0.203323 0.277344 0.406647 0.457812
1 0.556313 0.495313 0.3759 0.295312
0 0.280685 0.648438 0.355072 0.232812
0 0.958221 0.641406 0.0835571 0.717188
1 0.410118 0.839844 0.59053 0.320312
0 0.720459 0.9125 0.403076 0.165625
0 0.88324 0.127344 0.233521 0.23125
1 0.729187 0.746484 0.404663 0.232031
1 0.547485 0.0158203 0.404663 0.0316406
1 0.727203 0.0299316 0.445129 0.0598633
0 0.57724 0.0725586 0.648254 0.145117
0 0.652618 0.0818359 0.484802 0.163672
1 0.849518 0.467578 0.300964 0.827344
1 0.97052 0.310156 0.05896 0.266406
0 0.252121 0.525391 0.381256 0.426562
0 0.933228 0.474219 0.133545 0.798437
0 0.697845 0.882812 0.418152 0.175
1 0.842773 0.191797 0.314453 0.272656
1 0.967346 0.401172 0.0653076 0.392188
1 0.467247 0.516406 0.220779 0.335938
0 0.687531 0.485156 0.203918 0.175
0 0.759338 0.0860352 0.457031 0.17207
1 0.0896606 0.158594 0.179321 0.317187
0 0.118225 0.371484 0.23645 0.725
1 0.842773 0.659277 0.314453 0.651758
0 0.745056 0.760156 0.299927 0.198437
1 0.818375 0.155859 0.363251 0.207031
1 0.905457 0.457422 0.189087 0.545313
1 0.164146 0.611816 0.328293 0.71543
0 0.967346 0.401172 0.0653076 0.392188
0 0.240021 0.754102 0.480042 0.491797
1 0.827698 0.790625 0.344604 0.221875
0 0.96814 0.0787598 0.0637207 0.15752
0 0.710144 0.0986328 0.44751 0.153516
1 0.623657 0.0271973 0.414185 0.0543945
1 0.158195 0.248828 0.316391 0.397656
0 0.163055 0.370313 0.326111 0.590625
0 0.475281 0.411719 0.221375 0.497656
1 0.761719 0.655859 0.461792 0.399219
1 0.7276 0.795313 0.341187 0.2
1 0.203323 0.277344 0.406647 0.457812
1 0.954651 0.445703 0.0906982 0.477344
1 0.769653 0.93125 0.418945 0.1375
0 0.766479 0.476562 0.399902 0.234375
1 0.837814 0.859375 0.324371 0.260938
0 0.769653 0.93125 0.418945 0.1375
1 0.899506 0.447656 0.200989 0.726562
0 0.922913 0.537598 0.154175 0.55293
0 0.104141 0.510156 0.208282 0.846875
0 0.676422 0.730469 0.440369 0.275
0 0.427673 0.104395 0.377686 0.155664
1 0.517334 0.209961 0.569702 0.348047
0 0.556313 0.495313 0.3759 0.295312
0 0.899506 0.447656 0.200989 0.726562
1 0.646667 0.521094 0.0968018 0.0953125
0 0.577637 0.283203 0.0682373 0.0679687
1 0.134392 0.559375 0.05336 0.0515625
0 0.966949 0.905078 0.0661011 0.189844
0 0.964172 0.20332 0.0716553 0.391797
0 0.962585 0.873828 0.0748291 0.252344
1 0.121002 0.453516 0.0539551 0.0617188
0 0.168808 0.922656 0.337616 0.154687
0 0.965759 0.266211 0.0684814 0.401953
1 0.962585 0.873828 0.0748291 0.252344
1 0.966949 0.905078 0.0661011 0.189844
0 0.20491 0.516406 0.324127 0.340625
1 0.964172 0.20332 0.0716553 0.391797
1 0.168808 0.922656 0.337616 0.154687
0 0.0860901 0.927344 0.17218 0.145313
0 0.281677 0.979688 0.504639 0.040625
0 0.954651 0.113965 0.0906982 0.22793
0 0.264271 0.515723 0.379967 0.36543
0 0.62207 0.255859 0.238037 0.142188
0 0.193405 0.576563 0.332855 0.373437
0 0.0880737 0.13252 0.176147 0.265039
0 0.148575 0.521094 0.29715 0.326562
1 0.364792 0.884375 0.206696 0.165625
1 0.965759 0.266211 0.0684814 0.401953
0 0.139648 0.608984 0.279297 0.378906
0 0.145599 0.757031 0.291199 0.35625
1 0.870346 0.800781 0.259308 0.310937
0 0.956238 0.95625 0.0875244 0.0875
0 0.948303 0.666406 0.103394 0.289062
1 0.259064 0.948047 0.238037 0.103906
0 0.147583 0.135937 0.295166 0.271875
0 0.150558 0.453516 0.301117 0.332031
0 0.145996 0.398047 0.291992 0.294531
0 0.537964 0.963281 0.320557 0.0734375
0 0.288025 0.977734 0.356262 0.0445312
0 0.68396 0.46084 0.166626 0.181445
1 0.413788 0.884375 0.191223 0.165625
0 0.259064 0.948047 0.238037 0.103906
1 0.956238 0.95625 0.0875244 0.0875
1 0.839996 0.389941 0.320007 0.374805
1 0.393555 0.880469 0.326904 0.154687
1 0.256882 0.968359 0.474884 0.0632813
0 0.672852 0.254492 0.330078 0.116797
0 0.945129 0.610547 0.109741 0.297656
0 0.679596 0.437109 0.32135 0.239844
0 0.212448 0.444531 0.346344 0.3375
1 0.948303 0.666406 0.103394 0.289062
0 0.145798 0.342773 0.291595 0.313672
1 0.945129 0.610547 0.109741 0.297656
1 0.313416 0.951563 0.200745 0.096875
1 0.880859 0.153125 0.238281 0.30625
0 0.72998 0.394531 0.358643 0.346094
0 0.936401 0.55625 0.127197 0.321875
0 0.364792 0.884375 0.206696 0.165625
0 0.444435 0.946094 0.339401 0.107813
0 0.502258 0.953906 0.307068 0.0921875
0 0.190033 0.638281 0.349121 0.375
0 0.839996 0.743359 0.320007 0.328906
1 0.633972 0.528125 0.10791 0.0945313
0 0.121201 0.137891 0.242401 0.275781
0 0.847336 0.124414 0.305328 0.248828
0 0.144211 0.25957 0.288422 0.366797
1 0.955048 0.375391 0.0899048 0.264844
0 0.574463 0.427734 0.415771 0.304688
1 0.598267 0.257422 0.182495 0.148438
0 0.669678 0.233545 0.250732 0.190723
0 0.839996 0.389941 0.320007 0.374805
0 0.14917 0.165625 0.29834 0.292188
1 0.936798 0.463672 0.126404 0.350781
0 0.438782 0.88125 0.341187 0.153125
0 0.845947 0.46875 0.308105 0.392188
1 0.936401 0.55625 0.127197 0.321875
0 0.257278 0.631641 0.365387 0.358594
0 0.870346 0.800781 0.259308 0.310937
0 0.964569 0.822461 0.0708618 0.355078
0 0.12854 0.894531 0.25708 0.210938
0 0.228565 0.929297 0.230003 0.141406
0 0.964172 0.340039 0.0716553 0.352734
1 0.845947 0.46875 0.308105 0.392188
1 0.899109 0.715625 0.201782 0.31875
1 0.628815 0.792969 0.270569 0.170312
0 0.357849 0.835156 0.233276 0.165625
0 0.150063 0.821094 0.300125 0.235938
0 0.313416 0.951563 0.200745 0.096875
1 0.0880737 0.13252 0.176147 0.265039
1 0.952271 0.320117 0.095459 0.273828
1 0.228565 0.929297 0.230003 0.141406
0 0.20253 0.955469 0.40506 0.0890625
0 0.379372 0.959375 0.39653 0.08125
1 0.572876 0.963281 0.106323 0.0734375
1 0.834244 0.282422 0.331512 0.402344
1 0.871338 0.87207 0.257324 0.255859
1 0.20253 0.955469 0.40506 0.0890625
0 0.332458 0.944531 0.417358 0.110937
0 0.630798 0.972266 0.27771 0.0554687
0 0.66333 0.382422 0.401489 0.311719
0 0.717285 0.419434 0.25708 0.270508
0 0.314209 0.550781 0.398315 0.346875
0 0.413788 0.884375 0.191223 0.165625
1 0.313614 0.928125 0.209076 0.14375
1 0.847336 0.124414 0.305328 0.248828
0 0.936401 0.24375 0.127197 0.345313
1 0.936401 0.24375 0.127197 0.345313
0 0.94989 0.423047 0.10022 0.322656
1 0.94989 0.423047 0.10022 0.322656
0 0.501068 0.885156 0.32135 0.157813
0 0.17466 0.878516 0.349319 0.242969
0 0.84317 0.151367 0.31366 0.302734
0 0.881058 0.178711 0.237885 0.351562
0 0.952271 0.320117 0.095459 0.273828
0 0.851303 0.577344 0.297394 0.389062
0 0.899109 0.715625 0.201782 0.31875
0 0.121002 0.871484 0.242004 0.257031
1 0.364395 0.927344 0.199554 0.145313
0 0.88443 0.905469 0.23114 0.189063
0 0.834244 0.282422 0.331512 0.402344
0 0.955048 0.375391 0.0899048 0.264844
0 0.312275 0.892187 0.302208 0.184375
0 0.172775 0.10957 0.345551 0.219141
0 0.1092 0.164648 0.218399 0.326953
0 0.645081 0.171484 0.285645 0.275
0 0.936798 0.463672 0.126404 0.350781
1 0.964569 0.822461 0.0708618 0.355078
0 0.529633 0.478125 0.373718 0.270312
0 0.309052 0.484375 0.384827 0.364062
1 0.673248 0.784375 0.28009 0.153125
1 0.57605 0.835938 0.273743 0.159375
1 0.12854 0.894531 0.25708 0.210938
1 0.88443 0.905469 0.23114 0.189063
1 0.269379 0.980469 0.404663 0.0390625
0 0.165237 0.700391 0.330475 0.383594
0 0.118027 0.805469 0.236053 0.340625
1 0.357849 0.835156 0.233276 0.165625
1 0.312275 0.892187 0.302208 0.184375
0 0.313614 0.928125 0.209076 0.14375
1 0.669678 0.233545 0.250732 0.190723
1 0.211258 0.478223 0.315399 0.324805
1 0.501068 0.885156 0.32135 0.157813
0 0.868759 0.882031 0.262482 0.235938
0 0.129532 0.0998047 0.259064 0.199609
0 0.833054 0.213721 0.333893 0.391309
1 0.833054 0.213721 0.333893 0.391309
0 0.576843 0.461328 0.390381 0.226562
0 0.557106 0.49375 0.402878 0.185937
1 0.628418 0.833008 0.269775 0.152734
0 0.29715 0.101465 0.418152 0.20293
0 0.962585 0.516309 0.0748291 0.476758
1 0.0860901 0.927344 0.17218 0.145313
0 0.119713 0.310156 0.239426 0.351562
0 0.673645 0.475781 0.296753 0.167187
0 0.12001 0.25 0.240021 0.319531
0 0.25465 0.394922 0.373024 0.322656
1 0.68396 0.46084 0.166626 0.181445
1 0.964172 0.340039 0.0716553 0.352734
1 0.679596 0.437109 0.32135 0.239844
0 0.467743 0.467969 0.416565 0.266406
0 0.628815 0.792969 0.270569 0.170312
1 0.537964 0.963281 0.320557 0.0734375
1 0.147583 0.135937 0.295166 0.271875
0 0.114258 0.453516 0.228516 0.325781
0 0.514557 0.520312 0.399109 0.280469
1 0.851303 0.577344 0.297394 0.389062
0 0.117035 0.706641 0.23407 0.342969
0 0.26561 0.925 0.282867 0.15
0 0.788818 0.111719 0.422363 0.223438
0 0.115944 0.546094 0.231888 0.31875
0 0.962585 0.607813 0.0748291 0.41875
0 0.205158 0.739453 0.36013 0.380469
0 0.115646 0.6 0.231293 0.332812
0 0.356659 0.951953 0.21344 0.0960938
0 0.384827 0.0852539 0.422913 0.170508
0 0.549072 0.552344 0.417358 0.234375
0 0.964966 0.750781 0.0700684 0.421875
0 0.371338 0.808008 0.458618 0.221484
0 0.628418 0.833008 0.269775 0.152734
0 0.417358 0.928125 0.285645 0.14375
1 0.872131 0.982031 0.255737 0.0359375
1 0.113266 0.152637 0.226532 0.305273
0 0.62207 0.498437 0.452271 0.128125
0 0.428864 0.528125 0.392761 0.342187
1 0.26561 0.925 0.282867 0.15
0 0.364395 0.927344 0.199554 0.145313
0 0.469727 0.928906 0.280884 0.142188
1 0.356659 0.951953 0.21344 0.0960938
0 0.844559 0.963281 0.310883 0.0734375
0 0.68515 0.104687 0.451477 0.209375
0 0.57724 0.369922 0.462585 0.291406
0 0.469727 0.420996 0.403076 0.287695
1 0.264271 0.515723 0.379967 0.36543
0 0.374512 0.516406 0.400696 0.392969
0 0.57605 0.835938 0.273743 0.159375
0 0.523285 0.930469 0.276917 0.139062
0 0.735535 0.966406 0.411011 0.0671875
1 0.816193 0.14707 0.367615 0.294141
1 0.656189 0.256641 0.309448 0.119531
0 0.677612 0.290039 0.422119 0.173047
1 0.72998 0.394531 0.358643 0.346094
1 0.574463 0.427734 0.415771 0.304688
1 0.193405 0.576563 0.332855 0.373437
0 0.576843 0.799219 0.280884 0.18125
0 0.271362 0.7875 0.372925 0.345313
1 0.567322 0.884375 0.293579 0.153125
0 0.872131 0.982031 0.255737 0.0359375
0 0.670471 0.742188 0.287231 0.171875
0 0.820755 0.939844 0.35849 0.120312
0 0.542328 0.204688 0.376099 0.253516
1 0.149567 0.480078 0.299133 0.303906
0 0.391571 0.802344 0.268188 0.189063
1 0.839996 0.743359 0.320007 0.328906
0 0.726013 0.804883 0.299927 0.218359
0 0.222168 0.927344 0.387207 0.145313
0 0.337418 0.730469 0.479645 0.35
0 0.474884 0.0838867 0.453064 0.167773
0 0.687927 0.185498 0.31897 0.253223
0 0.558594 0.249805 0.376892 0.150391
0 0.733551 0.253711 0.359436 0.167969
0 0.777588 0.412109 0.350708 0.3125
0 0.628418 0.749219 0.272949 0.184375
1 0.670471 0.742188 0.287231 0.171875
1 0.964966 0.750781 0.0700684 0.421875
1 0.391571 0.802344 0.268188 0.189063
1 0.743988 0.116504 0.512024 0.233008
0 0.962585 0.433203 0.0748291 0.466406
0 0.683167 0.48125 0.214233 0.15625
0 0.420135 0.56875 0.420532 0.246875
0 0.430054 0.834375 0.251526 0.164062
1 0.523285 0.930469 0.276917 0.139062
1 0.954651 0.113965 0.0906982 0.22793
0 0.196579 0.328076 0.379669 0.336035
1 0.963379 0.561719 0.0732422 0.46875
1 0.388 0.782812 0.40387 0.240625
1 0.576843 0.799219 0.280884 0.18125
1 0.430054 0.834375 0.251526 0.164062
0 0.672852 0.826758 0.272949 0.149609
0 0.567322 0.884375 0.293579 0.153125
0 0.845352 0.842383 0.309296 0.315234
0 0.743988 0.116504 0.512024 0.233008
0 0.582001 0.0935547 0.457825 0.187109
1 0.502258 0.953906 0.307068 0.0921875
1 0.66333 0.382422 0.401489 0.311719
1 0.17466 0.878516 0.349319 0.242969
1 0.222168 0.927344 0.387207 0.145313
0 0.673248 0.784375 0.28009 0.153125
0 0.57843 0.952344 0.253906 0.0953125
0 0.0856934 0.181934 0.171387 0.363867
0 0.580811 0.160254 0.393555 0.320508
0 0.796356 0.141016 0.407288 0.282031
0 0.743866 0.215283 0.324524 0.272559
0 0.244038 0.860547 0.27047 0.278906
1 0.417358 0.928125 0.285645 0.14375
1 0.628418 0.749219 0.272949 0.184375
1 0.672852 0.826758 0.272949 0.149609
1 0.469727 0.928906 0.280884 0.142188
0 0.949097 0.171094 0.101807 0.342187
0 0.195984 0.135352 0.390381 0.270703
1 0.673645 0.475781 0.296753 0.167187
0 0.705383 0.490625 0.423706 0.142188
1 0.114853 0.206201 0.229706 0.329785
1 0.155319 0.588281 0.310638 0.357812
1 0.145599 0.757031 0.291199 0.35625
0 0.716095 0.807813 0.265808 0.164062
0 0.799805 0.988281 0.0349121 0.0234375
0 0.507713 0.169727 0.431839 0.304297
0 0.788696 0.457812 0.322144 0.203906
0 0.361816 0.627344 0.431641 0.284375
0 0.57843 0.756641 0.287231 0.196094
0 0.288422 0.129688 0.414185 0.259375
1 0.717285 0.419434 0.25708 0.270508
1 0.576843 0.461328 0.390381 0.226562
0 0.520111 0.800781 0.295959 0.182812
1 0.121002 0.871484 0.242004 0.257031
0 0.1213 0.452344 0.0525665 0.0546875
0 0.654602 0.15293 0.411011 0.305859
0 0.294571 0.345703 0.389191 0.321875
0 0.467346 0.356641 0.403076 0.24375
1 0.962585 0.657031 0.0748291 0.417188
0 0.439674 0.796875 0.24736 0.176563
1 0.515747 0.840625 0.288025 0.16875
1 0.820755 0.939844 0.35849 0.120312
1 0.145996 0.398047 0.291992 0.294531
1 0.529633 0.478125 0.373718 0.270312
1 0.318375 0.799805 0.444733 0.356641
0 0.570496 0.93125 0.284058 0.1375
0 0.0872803 0.0601562 0.174561 0.120312
0 0.2789 0.0986328 0.5578 0.197266
0 0.243542 0.28833 0.374611 0.331934
0 0.362213 0.29668 0.364197 0.289453
0 0.355865 0.394531 0.398315 0.320312
0 0.415871 0.448828 0.428268 0.275
1 0.141235 0.663672 0.282471 0.367969
1 0.844559 0.963281 0.310883 0.0734375
0 0.499977 0.594922 0.448898 0.292969
0 0.515747 0.840625 0.288025 0.16875
1 0.57724 0.283203 0.072998 0.0699219
0 0.209473 0.107422 0.418945 0.214844
1 0.646271 0.197656 0.264221 0.214453
0 0.430847 0.297461 0.374512 0.245703
0 0.558693 0.291406 0.447311 0.18125
0 0.62207 0.878125 0.279297 0.15
0 0.514259 0.106934 0.593307 0.213867
1 0.646667 0.519531 0.0928345 0.0890625
0 0.578033 0.284766 0.0650635 0.0695312
1 0.57724 0.283594 0.0682373 0.0707031
1 0.118423 0.452344 0.0515747 0.0546875
1 0.633179 0.510547 0.0523682 0.0578125
1 0.23526 0.621875 0.0460205 0.046875
1 0.133995 0.559766 0.05336 0.0515625
0 0.586365 0.282422 0.0618896 0.0625
1 0.139351 0.565625 0.0640717 0.0625
1 0.658966 0.533594 0.0610962 0.059375
0 0.582397 0.273438 0.0650635 0.0570313
0 0.205704 0.91875 0.411407 0.1625
1 0.213837 0.400684 0.0618896 0.0626953
0 0.174759 0.923437 0.349518 0.153125
0 0.529137 0.675 0.449295 0.396875
0 0.0761719 0.945312 0.152344 0.109375
0 0.272949 0.922656 0.415771 0.154687
0 0.144211 0.935547 0.288422 0.128906
0 0.0835609 0.0994141 0.167122 0.198828
0 0.197224 0.902344 0.328392 0.195312
0 0.59787 0.49375 0.350708 0.209375
0 0.597473 0.605469 0.398315 0.357812
1 0.633575 0.521094 0.06427 0.0742188
0 0.241409 0.868555 0.374115 0.262891
0 0.957825 0.921094 0.0843506 0.157813
1 0.272949 0.922656 0.415771 0.154687
1 0.598267 0.652734 0.387207 0.388281
1 0.205704 0.91875 0.411407 0.1625
0 0.212646 0.191211 0.425293 0.382422
0 0.370941 0.815625 0.443542 0.36875
0 0.300671 0.842969 0.384132 0.314063
0 0.0968018 0.0729492 0.193604 0.145898
0 0.971313 0.0929687 0.057373 0.185937
0 0.482025 0.721484 0.412598 0.366406
0 0.142029 0.909375 0.284058 0.18125
0 0.828888 0.454688 0.342224 0.336719
0 0.422913 0.7625 0.460205 0.345313
0 0.270222 0.893359 0.35775 0.213281
1 0.544708 0.743359 0.378479 0.360156
0 0.842773 0.194531 0.314453 0.389062
0 0.193405 0.358594 0.347931 0.324219
0 0.779297 0.463281 0.441406 0.346094
0 0.153633 0.332861 0.307266 0.36084
1 0.481529 0.786719 0.403275 0.35625
1 0.174759 0.923437 0.349518 0.153125
0 0.544708 0.743359 0.378479 0.360156
0 0.543915 0.549219 0.397522 0.310937
1 0.431641 0.82793 0.422119 0.344141
1 0.270222 0.893359 0.35775 0.213281
0 0.957825 0.894531 0.0843506 0.210938
0 0.304092 0.16875 0.440765 0.3375
1 0.0835609 0.0994141 0.167122 0.198828
0 0.746246 0.186719 0.388 0.373437
0 0.614929 0.467187 0.293579 0.204688
1 0.761719 0.546094 0.371338 0.367188
0 0.669678 0.199414 0.44751 0.398828
0 0.694275 0.466406 0.266602 0.25625
0 0.649841 0.503125 0.350708 0.235938
0 0.957825 0.6 0.0843506 0.232812
1 0.529137 0.675 0.449295 0.396875
0 0.432434 0.165918 0.407043 0.331836
0 0.259262 0.35293 0.386017 0.305078
1 0.59787 0.49375 0.350708 0.209375
0 0.481529 0.786719 0.403275 0.35625
0 0.181751 0.878516 0.333946 0.242969
1 0.295959 0.860156 0.396729 0.279687
1 0.197224 0.902344 0.328392 0.195312
0 0.330078 0.926953 0.404663 0.146094
0 0.854477 0.409766 0.291046 0.324219
0 0.204315 0.566016 0.378479 0.35
0 0.818848 0.187207 0.358643 0.374414
0 0.676025 0.480859 0.358643 0.339844
0 0.959015 0.656641 0.0819702 0.247656
0 0.609772 0.703906 0.356262 0.401563
0 0.113663 0.91875 0.227325 0.1625
0 0.101265 0.934375 0.20253 0.13125
1 0.144211 0.935547 0.288422 0.128906
0 0.269974 0.517969 0.372528 0.348437
0 0.957031 0.557031 0.0859375 0.25625
1 0.361023 0.833594 0.42688 0.332812
0 0.164047 0.191992 0.328094 0.383984
0 0.247955 0.199609 0.422913 0.399219
0 0.340591 0.196094 0.355072 0.389844
0 0.412598 0.196289 0.345947 0.388672
0 0.654602 0.453516 0.265015 0.185937
0 0.963379 0.715625 0.0732422 0.240625
1 0.0761719 0.945312 0.152344 0.109375
1 0.971313 0.0929687 0.057373 0.185937
0 0.317383 0.388672 0.422119 0.364062
1 0.66452 0.592188 0.340393 0.332812
0 0.431641 0.82793 0.422119 0.344141
0 0.962189 0.85 0.0756226 0.217187
0 0.952271 0.173828 0.095459 0.347656
0 0.198761 0.291797 0.397522 0.407031
0 0.880859 0.487891 0.238281 0.327344
1 0.649841 0.503125 0.350708 0.235938
0 0.171982 0.702734 0.343964 0.417969
1 0.49472 0.827344 0.365784 0.345313
1 0.346741 0.893359 0.306274 0.213281
1 0.849319 0.177148 0.301361 0.354297
1 0.212646 0.191211 0.425293 0.382422
0 0.197124 0.409277 0.36747 0.337695
0 0.957825 0.511719 0.0843506 0.2625
1 0.610962 0.735547 0.299927 0.380469
0 0.828171 0.0807129 0.333649 0.161426
0 0.259064 0.459766 0.387207 0.321875
0 0.197571 0.508984 0.377686 0.347656
0 0.207687 0.627734 0.373322 0.377344
0 0.265015 0.624609 0.396729 0.352344
1 0.330078 0.926953 0.404663 0.146094
0 0.512177 0.195312 0.47052 0.390625
1 0.700623 0.513379 0.34436 0.28418
0 0.292191 0.70625 0.451874 0.434375
0 0.964569 0.767969 0.0708618 0.234375
1 0.957825 0.921094 0.0843506 0.157813
1 0.164047 0.191992 0.328094 0.383984
1 0.785645 0.500879 0.428711 0.357617
0 0.964569 0.804883 0.0708618 0.221484
1 0.957825 0.894531 0.0843506 0.210938
0 0.0993805 0.15166 0.198761 0.30332
0 0.853485 0.11748 0.29303 0.234961
1 0.854477 0.409766 0.291046 0.324219
0 0.336426 0.537109 0.379272 0.375781
0 0.761719 0.546094 0.371338 0.367188
0 0.348328 0.757031 0.469727 0.429688
0 0.282024 0.796484 0.399208 0.407031
0 0.340988 0.473047 0.365387 0.335938
0 0.368561 0.858594 0.388 0.282813
1 0.095314 0.921875 0.190628 0.15625
1 0.142029 0.909375 0.284058 0.18125
0 0.744263 0.0640625 0.268188 0.128125
0 0.518127 0.202734 0.338013 0.405469
0 0.639923 0.214062 0.345154 0.41875
0 0.967743 0.266797 0.0645142 0.330469
1 0.828888 0.454688 0.342224 0.336719
1 0.101265 0.934375 0.20253 0.13125
0 0.70697 0.215625 0.350708 0.4125
0 0.323532 0.294727 0.426483 0.393359
0 0.380463 0.654297 0.42926 0.407031
0 0.198166 0.757422 0.395538 0.424219
0 0.679993 0.055957 0.252319 0.111914
0 0.142227 0.175293 0.284454 0.350586
1 0.838409 0.549121 0.323181 0.383008
1 0.963379 0.715625 0.0732422 0.240625
0 0.623657 0.0515137 0.253906 0.103027
1 0.159782 0.357422 0.319565 0.330469
0 0.66452 0.592188 0.340393 0.332812
0 0.883636 0.258154 0.232727 0.343066
0 0.400597 0.302539 0.403275 0.394922
0 0.395935 0.463281 0.418945 0.434375
1 0.957825 0.6 0.0843506 0.232812
1 0.959015 0.656641 0.0819702 0.247656
1 0.873917 0.791406 0.252167 0.332812
1 0.962189 0.85 0.0756226 0.217187
0 0.684753 0.930078 0.331665 0.139844
1 0.0968018 0.0729492 0.193604 0.145898
0 0.566528 0.0488281 0.269775 0.0976562
0 0.735535 0.932031 0.34436 0.135937
1 0.952271 0.173828 0.095459 0.347656
1 0.868164 0.343555 0.263672 0.369141
0 0.88443 0.418066 0.23114 0.356055
1 0.880859 0.487891 0.238281 0.327344
1 0.694275 0.466406 0.266602 0.25625
1 0.153732 0.660156 0.307465 0.434375
1 0.482025 0.721484 0.412598 0.366406
1 0.422913 0.7625 0.460205 0.345313
1 0.964569 0.767969 0.0708618 0.234375
0 0.939575 0.105859 0.12085 0.211719
0 0.891174 0.838867 0.217651 0.312891
1 0.964569 0.804883 0.0708618 0.221484
0 0.49472 0.827344 0.365784 0.345313
1 0.181751 0.878516 0.333946 0.242969
0 0.902283 0.955469 0.195435 0.0890625
1 0.124771 0.155273 0.249542 0.310547
0 0.868164 0.343555 0.263672 0.369141
0 0.109398 0.888281 0.218796 0.223438
0 0.462189 0.255664 0.370544 0.407422
1 0.314804 0.818555 0.401886 0.362891
0 0.506226 0.0456543 0.269775 0.0913086
1 0.304092 0.16875 0.440765 0.3375
1 0.247955 0.199609 0.422913 0.399219
0 0.770844 0.21875 0.322937 0.390625
0 0.156509 0.251953 0.313019 0.384375
1 0.736725 0.46416 0.440369 0.332617
1 0.957825 0.511719 0.0843506 0.2625
1 0.957031 0.557031 0.0859375 0.25625
0 0.966156 0.217822 0.067688 0.344043
0 0.836029 0.280078 0.327942 0.432813
0 0.96814 0.346875 0.0637207 0.336719
1 0.88443 0.418066 0.23114 0.356055
0 0.171783 0.571094 0.343567 0.384375
0 0.881454 0.584375 0.237091 0.323438
1 0.4487 0.858594 0.336426 0.282813
0 0.634766 0.929297 0.334839 0.141406
1 0.130722 0.9 0.261444 0.2
0 0.346741 0.893359 0.306274 0.213281
0 0.455841 0.0437012 0.257874 0.0874023
1 0.195587 0.334961 0.376892 0.370703
1 0.543915 0.549219 0.397522 0.310937
0 0.786911 0.935938 0.324127 0.128125
1 0.340591 0.196094 0.355072 0.389844
1 0.883636 0.258154 0.232727 0.343066
0 0.834045 0.37168 0.331909 0.419141
0 0.144707 0.4125 0.289413 0.321875
1 0.614929 0.467187 0.293579 0.204688
0 0.160774 0.773438 0.321548 0.41875
0 0.189636 0.798828 0.379272 0.402344
0 0.395836 0.933203 0.376297 0.133594
1 0.966156 0.217822 0.067688 0.344043
1 0.259262 0.35293 0.386017 0.305078
0 0.965759 0.435547 0.0684814 0.311719
0 0.118126 0.491406 0.236252 0.302344
0 0.113861 0.836328 0.227722 0.327344
0 0.140045 0.885938 0.28009 0.228125
0 0.884827 0.885938 0.230347 0.228125
0 0.36261 0.0453125 0.245972 0.090625
0 0.406647 0.0443848 0.252319 0.0887695
1 0.853485 0.11748 0.29303 0.234961
1 0.939575 0.105859 0.12085 0.211719
0 0.594696 0.283984 0.132507 0.324219
0 0.654602 0.27832 0.226929 0.366016
1 0.967743 0.266797 0.0645142 0.330469
0 0.614532 0.286133 0.25946 0.319922
0 0.709351 0.458984 0.458618 0.430469
0 0.111382 0.421094 0.222763 0.249219
1 0.654602 0.453516 0.265015 0.185937
0 0.124771 0.556641 0.249542 0.335156
1 0.124771 0.556641 0.249542 0.335156
0 0.511681 0.607813 0.425491 0.421875
0 0.102554 0.914062 0.205109 0.171875
0 0.268139 0.0452148 0.24369 0.0904297
1 0.828171 0.0807129 0.333649 0.161426
1 0.680786 0.170801 0.411011 0.341602
0 0.106819 0.193164 0.213638 0.33125
1 0.432434 0.165918 0.407043 0.331836
1 0.171783 0.571094 0.343567 0.384375
1 0.204315 0.566016 0.378479 0.35
0 0.873917 0.791406 0.252167 0.332812
1 0.886414 0.8625 0.227173 0.275
1 0.961792 0.614844 0.076416 0.127344
0 0.317383 0.0453125 0.243591 0.090625
0 0.826782 0.224951 0.291992 0.380566
1 0.840195 0.242773 0.319611 0.404297
0 0.132309 0.624609 0.264618 0.364844
1 0.100471 0.905859 0.200943 0.188281
1 0.792786 0.176367 0.414429 0.352734
1 0.412598 0.196289 0.345947 0.388672
1 0.129532 0.257422 0.259064 0.391406
0 0.562561 0.270117 0.258667 0.351953
0 0.753784 0.275195 0.341187 0.386328
1 0.150955 0.298242 0.30191 0.397266
0 0.597473 0.492578 0.420532 0.361719
0 0.153236 0.835742 0.306473 0.328516
1 0.884827 0.885938 0.230347 0.228125
1 0.902283 0.955469 0.195435 0.0890625
0 0.219341 0.0462891 0.251625 0.0925781
1 0.834045 0.37168 0.331909 0.419141
1 0.118126 0.491406 0.236252 0.302344
0 0.433624 0.615625 0.435608 0.429688
1 0.881454 0.584375 0.237091 0.323438
0 0.101265 0.283203 0.20253 0.351562
1 0.317383 0.388672 0.422119 0.364062
1 0.108307 0.386035 0.216614 0.266992
0 0.838409 0.549121 0.323181 0.383008
1 0.160774 0.773438 0.321548 0.41875
1 0.148376 0.864844 0.296753 0.270312
0 0.889786 0.916406 0.220428 0.167187
0 0.57605 0.938281 0.3396 0.123438
1 0.684753 0.930078 0.331665 0.139844
1 0.744263 0.0640625 0.268188 0.128125
0 0.6427 0.366797 0.418945 0.438281
1 0.348328 0.757031 0.469727 0.429688
1 0.735535 0.932031 0.34436 0.135937
0 0.831741 0.94375 0.329681 0.1125
0 0.550262 0.280908 0.145203 0.325684
0 0.582397 0.250439 0.170593 0.180371
1 0.144707 0.4125 0.289413 0.321875
1 0.197124 0.409277 0.36747 0.337695
1 0.965759 0.435547 0.0684814 0.311719
1 0.20372 0.701563 0.376495 0.415625
0 0.876495 0.746094 0.247009 0.348437
0 0.4487 0.858594 0.336426 0.282813
1 0.410118 0.894141 0.292191 0.211719
0 0.166824 0.0473145 0.245178 0.0946289
1 0.623657 0.0515137 0.253906 0.103027
1 0.679993 0.055957 0.252319 0.111914
0 0.505333 0.315039 0.377884 0.381641
1 0.566528 0.2875 0.0587158 0.0609375
1 0.353882 0.846094 0.13092 0.140625
1 0.566528 0.0488281 0.269775 0.0976562
1 0.610565 0.208398 0.476868 0.416797
1 0.195786 0.243799 0.391571 0.394434
0 0.723236 0.322852 0.426086 0.440234
1 0.96814 0.346875 0.0637207 0.336719
0 0.442848 0.527734 0.431442 0.455469
1 0.628021 0.479004 0.372131 0.320117
1 0.197571 0.508984 0.377686 0.347656
1 0.310242 0.639844 0.412598 0.376563
1 0.862213 0.744922 0.275574 0.364844
0 0.598663 0.778125 0.280884 0.359375
1 0.645874 0.522656 0.0991821 0.0953125
0 0.57843 0.285156 0.0650635 0.0671875
0 0.580414 0.277344 0.0785522 0.065625
0 0.860107 0.329492 0.036499 0.0359375
0 0.645874 0.549219 0.0682373 0.0515625
1 0.120407 0.455469 0.055542 0.059375
1 0.579224 0.285352 0.0698242 0.0691406
0 0.590332 0.280078 0.0634766 0.0617188
0 0.636749 0.546094 0.0650635 0.0515625
1 0.650635 0.532812 0.0841064 0.0796875
0 0.234863 0.621875 0.046814 0.05
0 0.579224 0.308203 0.0666504 0.0601562
1 0.657776 0.539453 0.0650635 0.059375
0 0.120605 0.454688 0.0547485 0.0515625
1 0.668091 0.527344 0.0523682 0.0632813
1 0.654602 0.515234 0.074585 0.075
1 0.169502 0.451562 0.0581207 0.059375
0 0.66095 0.545313 0.0507812 0.0453125
0 0.502258 0.779688 0.325317 0.303125
0 0.492638 0.839063 0.271561 0.301562
0 0.484802 0.877344 0.168213 0.232812
0 0.436401 0.78125 0.25946 0.279687
1 0.492638 0.839063 0.271561 0.301562
0 0.482819 0.910937 0.184875 0.140625
1 0.502258 0.779688 0.325317 0.303125
0 0.504539 0.730078 0.336624 0.303906
0 0.181206 0.683984 0.362411 0.321094
0 0.421425 0.835938 0.245773 0.278125
0 0.355072 0.552344 0.337219 0.220313
0 0.356262 0.502734 0.349915 0.258594
0 0.139946 0.613281 0.279892 0.254687
0 0.133698 0.695312 0.267395 0.296875
1 0.484802 0.877344 0.168213 0.232812
0 0.459015 0.19917 0.309448 0.24541
0 0.299728 0.621094 0.376495 0.279687
0 0.509499 0.620703 0.339401 0.289062
1 0.181206 0.683984 0.362411 0.321094
0 0.224548 0.747266 0.326904 0.311719
1 0.482819 0.910937 0.184875 0.140625
0 0.409821 0.451465 0.347534 0.24707
1 0.522095 0.903125 0.21106 0.159375
0 0.295364 0.552734 0.356659 0.286719
0 0.3638 0.625781 0.356262 0.279687
0 0.26918 0.676953 0.359833 0.303906
0 0.527649 0.860742 0.19043 0.250391
0 0.513268 0.557031 0.323929 0.254687
0 0.522095 0.903125 0.21106 0.159375
0 0.40863 0.20957 0.312622 0.225
0 0.250534 0.604688 0.386017 0.278906
1 0.527649 0.860742 0.19043 0.250391
1 0.545898 0.827344 0.315796 0.301562
0 0.430054 0.88457 0.168213 0.224609
0 0.40377 0.253711 0.317581 0.204297
0 0.418846 0.496875 0.30806 0.225
0 0.410614 0.553906 0.294373 0.2
1 0.133698 0.695312 0.267395 0.296875
0 0.545898 0.827344 0.315796 0.301562
1 0.171684 0.598437 0.343369 0.266406
0 0.313812 0.7375 0.293579 0.2875
0 0.417358 0.910937 0.214233 0.1375
0 0.464569 0.153613 0.307068 0.253711
1 0.295364 0.552734 0.356659 0.286719
1 0.504539 0.730078 0.336624 0.303906
0 0.520905 0.497559 0.332458 0.250195
0 0.549072 0.926172 0.350708 0.147656
0 0.644287 0.532031 0.0856934 0.0828125
0 0.0968018 0.305078 0.193604 0.171094
0 0.0657578 0.951563 0.131516 0.096875
0 0.475975 0.922656 0.32869 0.154687
0 0.0684357 0.0683594 0.136871 0.136719
0 0.459511 0.245703 0.333054 0.221094
1 0.356262 0.502734 0.349915 0.258594
0 0.47052 0.55625 0.311035 0.215625
0 0.375702 0.690625 0.367371 0.30625
1 0.556114 0.560938 0.363602 0.275
1 0.250534 0.604688 0.386017 0.278906
1 0.551353 0.621094 0.371536 0.309375
1 0.436401 0.78125 0.25946 0.279687
1 0.549072 0.926172 0.350708 0.147656
0 0.365982 0.146484 0.404266 0.292969
0 0.416962 0.15918 0.311035 0.235938
0 0.416565 0.617969 0.317383 0.270312
0 0.467743 0.683594 0.34436 0.298438
0 0.36618 0.751562 0.32373 0.329688
0 0.288818 0.155957 0.377686 0.311914
1 0.299728 0.621094 0.376495 0.279687
0 0.228863 0.78418 0.207985 0.247266
0 0.279892 0.781055 0.21463 0.225391
1 0.472107 0.134766 0.337219 0.269531
0 0.515846 0.196924 0.344162 0.271777
0 0.355469 0.26875 0.34198 0.232812
0 0.473694 0.447266 0.347534 0.225781
1 0.355072 0.552344 0.337219 0.220313
0 0.389587 0.777344 0.226929 0.248437
1 0.421425 0.835938 0.245773 0.278125
0 0.891174 0.280859 0.217651 0.364062
0 0.834839 0.292188 0.330322 0.299219
1 0.559387 0.49375 0.361816 0.239844
0 0.549866 0.678516 0.367371 0.314844
1 0.549866 0.678516 0.367371 0.314844
0 0.420929 0.739062 0.29834 0.30625
0 0.778381 0.945703 0.3396 0.108594
1 0.651428 0.359766 0.360229 0.282813
0 0.12001 0.546875 0.240021 0.210938
1 0.26918 0.676953 0.359833 0.303906
0 0.0989838 0.761328 0.197968 0.264844
0 0.299183 0.275391 0.366478 0.254687
0 0.147385 0.307227 0.294769 0.216797
1 0.224548 0.747266 0.326904 0.311719
0 0.191223 0.800781 0.291992 0.267188
0 0.328094 0.78457 0.246765 0.252734
1 0.135185 0.561328 0.0525665 0.0546875
0 0.931244 0.0461914 0.137512 0.0923828
0 0.354477 0.914062 0.226532 0.134375
0 0.611359 0.934375 0.364197 0.13125
0 0.833649 0.137305 0.332703 0.274609
0 0.398712 0.301953 0.343567 0.225781
1 0.475975 0.922656 0.32869 0.154687
0 0.803497 0.125879 0.393005 0.251758
1 0.514061 0.152051 0.341385 0.263086
0 0.100273 0.339453 0.200546 0.190625
1 0.409821 0.451465 0.347534 0.24707
0 0.408234 0.920313 0.345154 0.159375
0 0.651428 0.359766 0.360229 0.282813
0 0.462982 0.408496 0.372131 0.250195
0 0.746643 0.837305 0.320557 0.325391
0 0.853882 0.953516 0.292236 0.0929687
0 0.845154 0.342187 0.309692 0.296875
0 0.557007 0.444629 0.357056 0.223242
0 0.831665 0.155664 0.33667 0.311328
1 0.738708 0.252734 0.36499 0.259375
1 0.834839 0.292188 0.330322 0.299219
1 0.655396 0.306641 0.368164 0.266406
0 0.149765 0.820508 0.266205 0.268359
0 0.857254 0.78457 0.285492 0.315234
0 0.796829 0.844336 0.307465 0.311328
0 0.749023 0.887891 0.312622 0.224219
0 0.798416 0.894531 0.304291 0.210938
0 0.829681 0.219873 0.340637 0.288379
0 0.239971 0.275732 0.350014 0.23916
0 0.521202 0.250342 0.352493 0.25166
1 0.557007 0.444629 0.357056 0.223242
0 0.673645 0.941016 0.353882 0.117969
0 0.447906 0.125684 0.414978 0.251367
0 0.377586 0.137305 0.309647 0.274609
0 0.512672 0.129395 0.35527 0.258789
0 0.753784 0.12793 0.345947 0.255859
0 0.348923 0.171875 0.265411 0.2125
1 0.79425 0.267773 0.36499 0.286328
0 0.349964 0.31875 0.364891 0.271875
0 0.346294 0.427344 0.378578 0.305469
0 0.889587 0.709766 0.220825 0.355469
0 0.358841 0.815625 0.23288 0.2
0 0.2061 0.173438 0.353485 0.346875
1 0.413292 0.135937 0.412796 0.271875
1 0.459015 0.19917 0.309448 0.24541
1 0.689514 0.2375 0.355469 0.221094
0 0.392761 0.356836 0.375305 0.259766
0 0.357452 0.896875 0.195984 0.196875
1 0.611359 0.934375 0.364197 0.13125
0 0.566528 0.278125 0.0809326 0.0671875
1 0.654602 0.184424 0.31897 0.215527
0 0.460304 0.299805 0.353683 0.230859
0 0.655396 0.306641 0.368164 0.266406
0 0.143814 0.353906 0.287628 0.232812
1 0.143814 0.353906 0.287628 0.232812
0 0.243938 0.546484 0.374611 0.325781
1 0.0989838 0.761328 0.197968 0.264844
1 0.430054 0.88457 0.168213 0.224609
0 0.666901 0.536719 0.0507812 0.053125
0 0.902283 0.140234 0.195435 0.280469
0 0.176346 0.275049 0.312225 0.224902
0 0.8638 0.666406 0.2724 0.348437
0 0.654602 0.184424 0.31897 0.215527
0 0.79425 0.267773 0.36499 0.286328
0 0.185223 0.313672 0.327797 0.246094
0 0.296753 0.326367 0.376099 0.297266
1 0.603821 0.408984 0.349121 0.266406
1 0.418846 0.496875 0.30806 0.225
0 0.0672455 0.613281 0.134491 0.215625
1 0.3638 0.625781 0.356262 0.279687
0 0.806152 0.760547 0.317383 0.341406
0 0.0768166 0.89375 0.153633 0.196875
0 0.579224 0.897656 0.250732 0.196875
1 0.778381 0.945703 0.3396 0.108594
1 0.803497 0.125879 0.393005 0.251758
0 0.293579 0.188721 0.329285 0.227246
0 0.603821 0.408984 0.349121 0.266406
0 0.0926361 0.823633 0.185272 0.258984
0 0.575256 0.846875 0.239624 0.260938
1 0.746643 0.837305 0.320557 0.325391
1 0.796829 0.844336 0.307465 0.311328
1 0.579224 0.897656 0.250732 0.196875
1 0.0684357 0.0683594 0.136871 0.136719
0 0.0777092 0.0405273 0.155418 0.0810547
1 0.833649 0.137305 0.332703 0.274609
1 0.831665 0.155664 0.33667 0.311328
0 0.738708 0.252734 0.36499 0.259375
0 0.456238 0.350781 0.375305 0.239844
0 0.851105 0.39375 0.297791 0.322656
1 0.346294 0.427344 0.378578 0.305469
0 0.558197 0.404297 0.350708 0.225781
0 0.300919 0.462891 0.356659 0.309375
1 0.410614 0.553906 0.294373 0.2
0 0.889786 0.820312 0.220428 0.340625
1 0.417358 0.910937 0.214233 0.1375
1 0.887604 0.161133 0.224792 0.322266
0 0.651428 0.235498 0.345947 0.209473
1 0.473694 0.447266 0.347534 0.225781
1 0.243938 0.546484 0.374611 0.325781
0 0.595886 0.617969 0.380859 0.3125
1 0.590332 0.708594 0.347534 0.309375
1 0.575256 0.846875 0.239624 0.260938
0 0.253162 0.917188 0.220482 0.123438
0 0.300323 0.914062 0.230896 0.13125
1 0.753784 0.12793 0.345947 0.255859
0 0.815475 0.114453 0.30191 0.228906
1 0.40863 0.20957 0.312622 0.225
1 0.829681 0.219873 0.340637 0.288379
1 0.480835 0.496875 0.32135 0.222656
1 0.47052 0.55625 0.311035 0.215625
0 0.803177 0.704687 0.336029 0.342187
0 0.751404 0.757031 0.314209 0.340625
0 0.900696 0.925 0.198608 0.15
0 0.339996 0.919531 0.329285 0.160938
1 0.931244 0.0461914 0.137512 0.0923828
0 0.70459 0.146191 0.352295 0.233398
0 0.742279 0.189893 0.345154 0.227246
0 0.888794 0.368945 0.222412 0.345703
0 0.591125 0.758594 0.334045 0.289062
1 0.591125 0.758594 0.334045 0.289062
0 0.844757 0.813867 0.310486 0.341016
0 0.858246 0.853125 0.283508 0.245312
0 0.870346 0.964844 0.259308 0.0703125
0 0.888794 0.185889 0.222412 0.285254
1 0.416962 0.15918 0.311035 0.235938
1 0.70459 0.146191 0.352295 0.233398
1 0.742279 0.189893 0.345154 0.227246
0 0.799011 0.193555 0.347534 0.223438
0 0.11039 0.395703 0.220779 0.1625
0 0.598267 0.564844 0.377686 0.265625
1 0.465759 0.623438 0.334045 0.277344
1 0.467743 0.683594 0.34436 0.298438
0 0.590332 0.708594 0.347534 0.309375
0 0.696259 0.789844 0.318176 0.309375
1 0.749023 0.887891 0.312622 0.224219
0 0.846344 0.898438 0.307312 0.203125
1 0.0657578 0.951563 0.131516 0.096875
0 0.189983 0.234961 0.369057 0.323047
0 0.107712 0.495703 0.215424 0.177344
0 0.163055 0.552344 0.326111 0.270312
1 0.313812 0.7375 0.293579 0.2875
1 0.857254 0.78457 0.285492 0.315234
0 0.256287 0.828906 0.210266 0.1625
1 0.798416 0.894531 0.304291 0.210938
0 0.635559 0.534375 0.0698242 0.071875
1 0.288818 0.155957 0.377686 0.311914
1 0.48877 0.120605 0.422119 0.241211
0 0.158394 0.268555 0.316788 0.320703
1 0.891174 0.280859 0.217651 0.364062
1 0.737915 0.316016 0.371338 0.285156
1 0.696655 0.401172 0.342773 0.284375
0 0.597473 0.49375 0.361816 0.225
0 0.891174 0.614844 0.217651 0.3625
0 0.0809326 0.857031 0.161865 0.226562
0 0.231689 0.20957 0.346741 0.260547
1 0.40377 0.253711 0.317581 0.204297
0 0.193653 0.362695 0.296654 0.248828
0 0.296555 0.382031 0.365387 0.299219
1 0.300919 0.462891 0.356659 0.309375
0 0.866577 0.473828 0.266846 0.325781
1 0.888794 0.765625 0.222412 0.346875
0 0.210861 0.848437 0.200348 0.209375
0 0.216415 0.917969 0.197174 0.11875
1 0.673645 0.941016 0.353882 0.117969
0 0.125267 0.230664 0.250534 0.315234
0 0.237244 0.262891 0.407837 0.321875
1 0.799011 0.193555 0.347534 0.223438
1 0.459511 0.245703 0.333054 0.221094
1 0.845154 0.342187 0.309692 0.296875
1 0.296555 0.382031 0.365387 0.299219
0 0.696655 0.401172 0.342773 0.284375
1 0.163055 0.552344 0.326111 0.270312
0 0.910614 0.675 0.178772 0.271875
0 0.842773 0.702344 0.314453 0.3625
1 0.806152 0.760547 0.317383 0.341406
0 0.580811 0.80332 0.301514 0.268359
0 0.633972 0.84043 0.290405 0.287891
0 0.0821228 0.9125 0.164246 0.128125
0 0.123804 0.915625 0.179668 0.125
0 0.645874 0.891016 0.301514 0.217969
0 0.887405 0.913281 0.225189 0.173438
1 0.853882 0.953516 0.292236 0.0929687
0 0.148575 0.184717 0.29715 0.365723
1 0.658966 0.150977 0.361023 0.277734
0 0.737915 0.316016 0.371338 0.285156
1 0.193653 0.362695 0.296654 0.248828
0 0.564148 0.352344 0.34436 0.228125
1 0.558197 0.404297 0.350708 0.225781
0 0.696655 0.703125 0.330078 0.315625
1 0.648651 0.522656 0.0912476 0.0867188
0 0.578827 0.283789 0.0579224 0.0589844
1 0.57843 0.28457 0.0603027 0.0632813
0 0.860107 0.328711 0.0317383 0.0351562
0 0.580017 0.277539 0.0698242 0.0660156
1 0.167519 0.449219 0.05336 0.0625
1 0.593506 1 0.101562 0
1 0.491943 1 0.101562 0
1 0.18919 1 0.100075 0
1 0.629211 0.521875 0.0618896 0.071875
1 0.441956 1 0.100769 0
1 0.887085 1 0.101562 0
0 0.921204 0.297461 0.0333252 0.0328125
1 0.467743 1 0.101562 0
1 0.503845 1 0.0991821 0
1 0.570496 1 0.0983887 0
1 0.68396 1 0.0999756 0
1 0.618896 1 0.0983887 0
1 0.417358 1 0.102356 0
1 0.341187 1 0.102356 0
1 0.823807 1 0.101166 0
1 0.861694 1 0.101562 0
0 0.884705 0.338086 0.0983887 0.0777344
1 0.644684 1 0.0983887 0
1 0.5578 1 0.0999756 0
1 0.213638 1 0.102356 0
1 0.707764 1 0.0983887 0
0 0.829483 0.559375 0.341034 0.28125
0 0.889587 0.143262 0.220825 0.27168
0 0.819168 0.515723 0.361664 0.306055
1 0.365189 1 0.100372 0
0 0.877686 0.386719 0.244629 0.266406
0 0.845154 0.756641 0.309692 0.277344
0 0.857452 0.8 0.285095 0.2875
1 0.164246 1 0.0999756 0
0 0.835434 0.604688 0.329132 0.2875
0 0.889587 0.54375 0.220825 0.367188
1 0.909302 1 0.0952148 0
0 0.928467 0.0632324 0.143066 0.126465
0 0.876099 0.337891 0.247803 0.2625
0 0.529236 0.356641 0.358643 0.326562
0 0.837219 0.701563 0.325562 0.2875
0 0.0506325 0.959375 0.101265 0.08125
0 0.476768 0.289844 0.35408 0.3
0 0.880661 0.433691 0.238678 0.263867
0 0.0465164 0.0525879 0.0930328 0.105176
0 0.875305 0.24043 0.24939 0.261328
0 0.0592117 0.170508 0.118423 0.143359
0 0.875107 0.290234 0.249786 0.264844
0 0.534393 0.269141 0.391968 0.352344
0 0.476074 0.345703 0.347534 0.307031
0 0.886017 0.428125 0.227966 0.417188
0 0.0879745 0.413184 0.175949 0.186133
0 0.0773125 0.169531 0.154625 0.129688
0 0.465065 0.238281 0.372726 0.297656
0 0.907043 0.926562 0.185913 0.146875
0 0.0596085 0.224023 0.119217 0.158984
0 0.601044 0.292188 0.381653 0.348437
0 0.475677 0.48125 0.365784 0.309375
0 0.0801392 0.078125 0.160278 0.15625
0 0.875305 0.189111 0.24939 0.250684
0 0.057724 0.129907 0.115448 0.14917
0 0.163452 0.164844 0.32016 0.244531
0 0.0580215 0.273047 0.116043 0.151562
0 0.169502 0.322852 0.276718 0.258203
0 0.698242 0.5375 0.355469 0.298438
0 0.511681 0.567969 0.319168 0.257031
0 0.0556412 0.0416016 0.111282 0.0832031
0 0.649048 0.143945 0.393555 0.239844
0 0.658569 0.269531 0.333252 0.344531
0 0.249146 0.676172 0.0491943 0.0492188
0 0.587952 0.139844 0.417358 0.279687
0 0.53727 0.206055 0.366379 0.296484
0 0.0782051 0.227148 0.15641 0.175
0 0.0579224 0.316992 0.115845 0.152734
0 0.0797424 0.314844 0.159485 0.163281
0 0.0816269 0.359375 0.163254 0.173438
0 0.0895615 0.458203 0.179123 0.207031
0 0.505531 0.625781 0.337814 0.296875
0 0.0396729 0.127539 0.0793457 0.255078
0 0.470917 0.179883 0.390381 0.271875
0 0.718079 0.321533 0.349121 0.338184
0 0.0777588 0.271094 0.155518 0.151562
0 0.521698 0.513965 0.345154 0.28457
1 0.391869 1 0.101761 0
0 0.39901 0.228516 0.350906 0.282031
0 0.156708 0.270508 0.255493 0.228516
0 0.560974 0.392969 0.3396 0.299219
0 0.426483 0.519531 0.308655 0.253125
0 0.447906 0.564844 0.272156 0.229687
0 0.888794 0.630469 0.222412 0.348437
0 0.441956 0.621094 0.285645 0.273438
0 0.891174 0.825 0.217651 0.321875
0 0.0769653 0.839063 0.153931 0.2125
0 0.8638 0.869531 0.2724 0.248437
0 0.831467 0.951172 0.337067 0.0976562
0 0.520111 0.14541 0.440369 0.29082
0 0.397423 0.171094 0.358841 0.264844
0 0.170792 0.239844 0.323334 0.317969
0 0.476471 0.416016 0.346741 0.247656
0 0.888794 0.732813 0.222412 0.340625
0 0.564148 0.285742 0.0618896 0.0636719
0 0.0768661 0.133789 0.153732 0.122656
0 0.219391 0.163867 0.282471 0.225391
0 0.816589 0.330469 0.366821 0.38125
0 0.410614 0.275391 0.328491 0.277344
1 0.886017 0.428125 0.227966 0.417188
0 0.488373 0.790625 0.365784 0.3
0 0.0768661 0.795117 0.153732 0.169141
0 0.173172 0.107031 0.346344 0.214062
0 0.117828 0.166797 0.235657 0.200781
0 0.793457 0.285498 0.399902 0.349316
1 0.829483 0.559375 0.341034 0.28125
0 0.25708 0.617188 0.311035 0.25625
1 0.799805 1 0.103149 0
0 0.14064 0.1 0.281281 0.2
0 0.816193 0.241016 0.367615 0.346094
0 0.0721054 0.278857 0.144211 0.289941
0 0.22316 0.276172 0.311432 0.260938
0 0.189289 0.358203 0.279198 0.227344
0 0.822144 0.416406 0.355713 0.339844
0 0.0922394 0.512891 0.184479 0.23125
0 0.831268 0.537109 0.337463 0.294531
0 0.559387 0.579687 0.350708 0.3
0 0.556213 0.635156 0.358643 0.33125
0 0.44751 0.673828 0.303101 0.250781
0 0.0763702 0.714844 0.15274 0.157813
0 0.351501 0.926562 0.358643 0.146875
1 0.928467 0.0632324 0.143066 0.126465
0 0.0686836 0.230078 0.137367 0.276172
0 0.693481 0.201611 0.336426 0.23584
0 0.265759 0.162695 0.253212 0.205469
0 0.253708 0.569141 0.328888 0.207813
0 0.0795441 0.682031 0.159088 0.198437
0 0.60025 0.674219 0.355469 0.28125
0 0.539154 0.739844 0.341187 0.290625
0 0.0760231 0.754687 0.152046 0.173438
0 0.737915 0.156641 0.422119 0.299219
0 0.592316 0.183838 0.343567 0.231543
0 0.739899 0.219971 0.384827 0.274121
0 0.88562 0.257422 0.22876 0.407031
0 0.122589 0.245898 0.237244 0.269141
0 0.886215 0.343359 0.22757 0.426562
0 0.0648155 0.373437 0.129631 0.279687
0 0.230698 0.333203 0.326508 0.290625
0 0.056881 0.364062 0.113762 0.15625
0 0.884033 0.480078 0.231934 0.266406
0 0.0975952 0.559375 0.19519 0.235938
0 0.391571 0.565234 0.25946 0.208594
0 0.641113 0.588281 0.374512 0.304688
0 0.0941238 0.624609 0.188248 0.265625
0 0.501068 0.682031 0.32373 0.282813
0 0.891174 0.88125 0.217651 0.2375
0 0.889191 0.9125 0.221619 0.175
0 0.409325 0.930469 0.352493 0.139062
0 0.739105 0.953906 0.346741 0.0921875
0 0.22673 0.240625 0.351105 0.336719
0 0.128937 0.328125 0.21344 0.226562
0 0.416466 0.335547 0.342972 0.285937
0 0.453857 0.864258 0.336426 0.268359
1 0.889587 0.143262 0.220825 0.27168
0 0.6427 0.194336 0.331665 0.226953
0 0.124399 0.280078 0.200298 0.197656
0 0.641113 0.389453 0.384033 0.358594
0 0.140343 0.367188 0.22554 0.223438
0 0.377686 0.484766 0.340393 0.305469
1 0.819168 0.515723 0.361664 0.306055
0 0.850906 0.145117 0.298187 0.290234
0 0.848724 0.166504 0.302551 0.333008
1 0.881851 0.175781 0.236298 0.351562
0 0.0613441 0.420312 0.122688 0.282813
1 0.887802 0.505371 0.224396 0.386133
0 0.849121 0.860156 0.301758 0.279687
0 0.464966 0.932422 0.345947 0.135156
0 0.799606 0.135352 0.330475 0.270703
0 0.804688 0.17666 0.390625 0.35332
1 0.0773125 0.169531 0.154625 0.129688
0 0.293976 0.277344 0.315796 0.275
0 0.75061 0.371094 0.401489 0.358594
0 0.80278 0.897656 0.308258 0.204688
0 0.900696 0.963281 0.198608 0.0734375
0 0.0558395 0.0767578 0.111679 0.153516
0 0.311779 0.166406 0.287331 0.24375
1 0.0816269 0.359375 0.163254 0.173438
0 0.443146 0.734375 0.345947 0.295312
1 0.0992813 1 0.0960083 0
0 0.052269 0.176172 0.104538 0.273047
0 0.859833 0.286377 0.280334 0.351465
0 0.0537567 0.464453 0.107513 0.275
1 0.0879745 0.413184 0.175949 0.186133
0 0.593506 0.440527 0.380859 0.30332
0 0.397919 0.633594 0.299133 0.30625
1 0.845154 0.756641 0.309692 0.277344
1 0.0506325 0.959375 0.101265 0.08125
0 0.638733 0.955078 0.34436 0.0898438
0 0.121994 0.128516 0.243988 0.217969
0 0.21106 0.127637 0.269775 0.255273
1 0.0782051 0.227148 0.15641 0.175
1 0.0797424 0.314844 0.159485 0.163281
0 0.746643 0.861719 0.312622 0.275
0 0.335831 0.233984 0.345551 0.307031
1 0.0777588 0.271094 0.155518 0.151562
0 0.845154 0.382715 0.309692 0.376758
0 0.70578 0.420703 0.338806 0.274219
0 0.606995 0.528223 0.36499 0.318555
1 0.698242 0.5375 0.355469 0.298438
0 0.0558395 0.608984 0.111679 0.185937
0 0.0551949 0.66875 0.11039 0.189063
0 0.244038 0.661719 0.24984 0.226562
0 0.0548973 0.766016 0.109795 0.166406
1 0.857452 0.8 0.285095 0.2875
0 0.0808334 0.89375 0.161667 0.16875
0 0.523781 0.941406 0.342575 0.117188
0 0.583191 0.953125 0.342773 0.09375
1 0.529236 0.356641 0.358643 0.326562
0 0.046814 0.510547 0.0936279 0.260938
1 0.837219 0.701563 0.325562 0.2875
0 0.0546494 0.719531 0.109299 0.16875
1 1 0 0 0
0 0.734344 0.125879 0.307068 0.251758
0 0.814804 0.264453 0.370392 0.391406
1 0.0592117 0.170508 0.118423 0.143359
0 0.811432 0.349609 0.377136 0.432031
1 0.886215 0.343359 0.22757 0.426562
1 0.880661 0.433691 0.238678 0.263867
0 0.0560379 0.4125 0.112076 0.157031
0 0.70697 0.47959 0.328491 0.298633
0 0.327648 0.517187 0.32859 0.2625
1 0.889587 0.582422 0.220825 0.354688
1 0.835434 0.604688 0.329132 0.2875
0 0.0422516 0.807617 0.0845032 0.234766
0 0.263428 0.707812 0.241211 0.209375
0 0.378082 0.726562 0.337219 0.278125
0 0.0419044 0.860937 0.0838089 0.24375
0 0.0554924 0.80957 0.110985 0.146484
0 0.53598 0.836133 0.36499 0.299609
0 0.868164 0.903906 0.263672 0.192188
1 0.907043 0.926562 0.185913 0.146875
0 0.248352 0.923437 0.343567 0.153125
0 0.87709 0.969141 0.245819 0.0617188
0 0.819168 0.189453 0.361664 0.378906
1 0.822144 0.416406 0.355713 0.339844
0 0.814407 0.452246 0.371185 0.379883
0 0.14679 0.421094 0.273743 0.230469
0 0.0418053 0.710938 0.0836105 0.253125
0 0.044136 0.762109 0.0882721 0.247656
0 0.834442 0.673828 0.331116 0.307031
0 0.0407639 0.891406 0.0815277 0.217187
0 0.70459 0.896484 0.322144 0.207031
0 0.262634 0.123828 0.256287 0.247656
1 0.88562 0.257422 0.22876 0.407031
1 0.0580215 0.273047 0.116043 0.151562
1 0.877686 0.386719 0.244629 0.266406
1 0.0579224 0.316992 0.115845 0.152734
0 0.0411606 0.658594 0.0823212 0.2625
0 0.0563354 0.557813 0.112671 0.171875
0 0.230946 0.714063 0.264122 0.234375
0 0.385521 0.783008 0.327103 0.290234
0 0.589539 0.781055 0.359436 0.281641
1 0.0556412 0.0416016 0.111282 0.0832031
0 0.247112 0.0973633 0.319862 0.194727
1 0.0596085 0.224023 0.119217 0.158984
1 0.560974 0.392969 0.3396 0.299219
0 0.164246 0.669141 0.289215 0.232031
0 0.334839 0.672656 0.301514 0.242188
0 0.309052 0.719531 0.291199 0.24375
1 0.891174 0.825 0.217651 0.321875
0 0.678406 0.120312 0.290405 0.240625
0 0.394348 0.131934 0.441162 0.263867
1 0.057724 0.129907 0.115448 0.14917
1 0.0768661 0.133789 0.153732 0.122656
1 0.534393 0.269141 0.391968 0.352344
0 0.300919 0.32832 0.315399 0.283984
1 0.056881 0.364062 0.113762 0.15625
0 0.0423508 0.557031 0.0847015 0.25625
0 0.738708 0.582812 0.363403 0.298438
0 0.302902 0.625 0.323334 0.279687
0 0.848724 0.773047 0.302551 0.307031
0 0.742676 0.808008 0.303101 0.280859
0 0.0554428 0.867188 0.110886 0.165625
1 0.601044 0.292188 0.381653 0.348437
1 0.476768 0.289844 0.35408 0.3
1 0.884033 0.480078 0.231934 0.266406
0 0.0411606 0.609375 0.0823212 0.2625
0 0.191967 0.577344 0.342079 0.24375
0 0.123581 0.709375 0.223358 0.204688
1 0.488373 0.790625 0.365784 0.3
0 0.796829 0.80957 0.297943 0.283984
1 0.0801392 0.078125 0.160278 0.15625
0 0.314407 0.131641 0.32016 0.263281
1 0.658569 0.269531 0.333252 0.344531
1 0.59906 0.634766 0.374512 0.324219
1 0.554626 0.678906 0.3396 0.285937
1 0.539154 0.739844 0.341187 0.290625
0 0.691101 0.811133 0.311035 0.277734
0 0.644287 0.862305 0.325317 0.269141
0 0.200943 0.923437 0.368561 0.153125
1 0.315796 1 0.102356 0
0 0.322491 0.115625 0.397621 0.23125
1 0.875305 0.24043 0.24939 0.261328
1 0.649048 0.523828 0.0936279 0.0898438
0 0.57843 0.285937 0.0650635 0.065625
1 0.252319 0.671875 0.0571289 0.0578125
1 0.365387 0.840625 0.129333 0.13125
1 0.16861 0.452344 0.0630798 0.065625
1 0.576843 0.285547 0.0682373 0.065625
1 0.136276 0.558594 0.0551453 0.0578125
1 1 0 0 0
1 0.647461 0.523828 0.0936279 0.0929687
0 0.581604 0.286719 0.0626831 0.0632813
0 0.580811 0.277148 0.0571289 0.0597656
1 0.581604 0.285547 0.06427 0.0648438
1 0.23526 0.511719 0.0714111 0.06875
1 0.622864 0.716406 0.138062 0.1375
1 0.227325 0.505469 0.0781555 0.0625
0 0.582001 0.309766 0.0698242 0.0546875
1 0.645874 0.524609 0.0968018 0.0914062
0 0.579224 0.286719 0.0650635 0.0628906
0 0.572876 0.291992 0.0603027 0.0574219
1 0.576843 0.286328 0.0650635 0.0640625
0 0.57962 0.308203 0.0690308 0.05625
0 0.672058 0.954687 0.0396729 0.0390625
0 0.580811 0.274219 0.0603027 0.0585938
0 0.579224 0.285742 0.0634766 0.0636719
1 0.647461 0.523047 0.0952148 0.090625
0 0.580017 0.275195 0.0618896 0.0605469
1 0.578033 0.285937 0.0626831 0.0632813
0 0.648254 0.523438 0.0952148 0.0921875
1 0.645081 0.523438 0.0983887 0.0921875
0 0.581207 0.284766 0.06427 0.0632813
1 0.577637 0.284961 0.0634766 0.0628906
0 0.573669 0.292188 0.0571289 0.05625
0 0.583191 0.273828 0.0714111 0.065625
0 0.576843 0.284375 0.0579224 0.0578125
1 0.647858 0.525391 0.0928345 0.0890625
0 0.578827 0.272656 0.0531616 0.0460938
0 0.572876 0.291211 0.055542 0.0542969
1 0.647461 0.526953 0.0952148 0.0945313
0 0.578827 0.287891 0.0595093 0.0585938
1 0.286438 0.628125 0.118622 0.105469
1 0.291992 0.610156 0.137268 0.139062
1 0.216019 0.407031 0.0646667 0.0625
1 0.287033 0.646875 0.0726013 0.0609375
1 0.0672455 0.228125 0.134491 0.128125
1 0.57843 0.286719 0.0610962 0.0613281
1 0.646667 0.522656 0.0952148 0.0921875
0 0.57843 0.285547 0.0587158 0.0617188
1 0.577637 0.285547 0.0618896 0.0601562
0 0.256287 0.244727 0.0531616 0.0460938
0 0.57843 0.270703 0.0563354 0.0476562
1 0.646667 0.526563 0.0952148 0.090625
0 0.579224 0.288281 0.0587158 0.0570313
1 0.578033 0.287695 0.0595093 0.059375
0 0.267792 0.915625 0.036499 0.04375
0 0.572876 0.282813 0.055542 0.0546875
1 0.646667 0.525781 0.0936279 0.0890625
0 0.580017 0.286719 0.0618896 0.0601562
0 0.592316 0.285156 0.0539551 0.0585938
0 0.572876 0.291406 0.055542 0.05625
1 0.57843 0.287305 0.0618896 0.0613281
1 0.647461 0.524219 0.0952148 0.0921875
0 0.57843 0.286719 0.0666504 0.0640625
1 0.576843 0.285937 0.0666504 0.0648438
1 0.649048 0.525 0.0952148 0.0953125
0 0.577637 0.286328 0.0603027 0.0601562
1 0.577637 0.286133 0.0603027 0.0597656
0 0.572479 0.293164 0.055542 0.0570313
1 0.646667 0.523438 0.0968018 0.0953125
0 0.57843 0.286719 0.0618896 0.0601562
0 0.588745 0.285156 0.0634766 0.0625
1 0.0160675 1 0.032135 0
0 0.578827 0.2875 0.0587158 0.0550781
1 0.647461 0.522656 0.0952148 0.0921875
0 0.918823 0.953906 0.0444336 0.0359375
1 0.57843 0.287109 0.0587158 0.0578125
0 0.801193 0.975 0.0416565 0.040625
1 0.107712 0.585938 0.0868835 0.08125
0 0.588348 0.285156 0.0587158 0.0578125
1 0.645081 0.522656 0.0952148 0.0914062
0 0.577637 0.288281 0.0587158 0.05625
1 0.646667 0.522656 0.0952148 0.0921875
0 0.581604 0.286914 0.0634766 0.0625
1 0.645081 0.523438 0.0968018 0.09375
0 0.580017 0.287109 0.0618896 0.0601562
0 0.589935 0.285547 0.0610962 0.0601562
1 0.646667 0.523438 0.0936279 0.090625
0 0.578033 0.287109 0.06427 0.0625
1 0.648254 0.525391 0.0936279 0.090625
0 0.579224 0.287109 0.0634766 0.0621094
1 0.647858 0.524219 0.0960083 0.09375
0 0.580414 0.287891 0.0610962 0.0585938
0 0.573273 0.283594 0.0571289 0.05625
1 0.646271 0.522656 0.0968018 0.0953125
0 0.57843 0.288281 0.0666504 0.0621094
0 0.570892 0.282813 0.0634766 0.0597656
1 0.647064 0.521875 0.0960083 0.09375
0 0.578827 0.286914 0.0618896 0.0582031
1 0.102728 0.294336 0.0746346 0.0746094
1 0.0863876 0.588281 0.0517731 0.0703125
1 0.103149 0.585156 0.0801392 0.075
0 0 0.99375 0 0.0125
1 0.0362511 0.43125 0.0725021 0.0640625
1 0.240814 0.857813 0.0507812 0.046875
1 0.075552 0.579297 0.0587654 0.0671875
1 0.980042 0.414844 0.039917 0.110156
1 0.0226135 0.428125 0.0452271 0.0578125
1 0.0257874 0.339844 0.0497894 0.0546875
1 0.125961 0.769531 0.0464172 0.0515625
1 0.115448 0.767187 0.0537567 0.05625
1 0.647461 0.522266 0.0952148 0.096875
0 0.578827 0.286328 0.0610962 0.0585938
1 0.0279694 1 0.0559387 0
0 0.526062 0.158789 0.0380859 0.0375
1 0.645081 0.522266 0.0952148 0.09375
0 0.57843 0.287109 0.0618896 0.059375
0 0.591125 0.284766 0.0595093 0.059375
1 0.577637 0.286523 0.0610962 0.0589844
1 0.646667 0.524219 0.0952148 0.0953125
0 0.57843 0.286719 0.06427 0.0609375
0 0.590332 0.285352 0.0587158 0.059375
0 0.802979 0.970312 0.0412598 0.046875
0 0.89978 1 0.0507812 0
0 0.887878 1 0.0507812 0
0 0.856934 0.970312 0.0349121 0.0421875
0 0.912476 1 0.0507812 0
0 0.868042 0.965625 0.0317383 0.040625
0 0.926758 0.292578 0.036499 0.0375
0 0.848999 0.9625 0.036499 0.046875
0 0.875977 1 0.0507812 0
0 0.924377 1 0.0491943 0
0 0.111877 1 0.055542 0
0 0.863281 1 0.0507812 0
0 0.124573 1 0.0543518 0
0 0.823608 1 0.0507812 0
0 0.0991821 1 0.0561371 0
0 0.0735683 1 0.057972 0
0 0.137566 1 0.0535583 0
0 0.836304 1 0.0523682 0
0 0.0865116 1 0.0570793 0
0 0.849792 1 0.0523682 0
0 0.0236549 0.332812 0.0473099 0.0460938
0 0.937073 1 0.0507812 0
0 0.939453 0.282031 0.0539551 0.0507812
0 0.806152 0.960938 0.0412598 0.05
0 0.810913 1 0.0507812 0
0 0.0612946 1 0.0587158 0
0 0.151253 1 0.0553436 0
0 0.0346642 1 0.060997 0
0 0.0253906 1 0.0507812 0
0 0.0489464 1 0.0596085 0
0 0.798218 1 0.0507812 0
1 0.647461 0.523438 0.0928345 0.0914062
0 0.579224 0.285352 0.0587158 0.0582031
0 0.912476 1 0.0634766 0
0 0.0204811 0.999219 0.0409622 0.0015625
0 0.0200844 1 0.0401688 0
0 0.900574 1 0.0666504 0
0 0.888672 1 0.0666504 0
0 0.923584 1 0.0603027 0
0 0.138161 1 0.0668488 0
0 0.937073 1 0.0634766 0
0 0.124077 1 0.0684357 0
0 0.151947 1 0.0674438 0
0 0.480042 1 0.0714111 0
0 0.111481 1 0.0714111 0
0 1 0.25 0 0.08125
0 0.505432 1 0.0698242 0
0 0.467346 1 0.0714111 0
0 0.165436 1 0.0690308 0
0 0.591919 0.283203 0.0571289 0.0578125
0 1 0.246875 0 0.0835937
1 0.645874 0.522656 0.092041 0.0890625
0 0.57843 0.287305 0.0634766 0.0605469
0 0.589539 0.283984 0.0618896 0.0636719
1 0.646271 0.524219 0.0960083 0.0953125
0 0.57843 0.2875 0.0587158 0.0578125
1 0.646271 0.521875 0.0928345 0.090625
0 0.580017 0.287109 0.0634766 0.0601562
1 0.648254 0.523438 0.092041 0.0921875
0 0.580811 0.285937 0.0634766 0.0625
1 0.647064 0.522656 0.0936279 0.090625
0 0.578827 0.28457 0.0603027 0.0582031
1 0.647858 0.524219 0.0944214 0.090625
0 0.580414 0.286328 0.0626831 0.059375
1 0.647858 0.523047 0.0944214 0.0914062
0 0.57962 0.286914 0.0610962 0.0585938
0 0.591125 0.285156 0.0603027 0.0605469
1 0.649048 0.521875 0.0952148 0.09375
0 0.57843 0.286328 0.0618896 0.0578125
0 0.796432 0.96875 0.051178 0.05
1 0.644287 0.522656 0.0968018 0.0953125
0 0.580017 0.287109 0.0626831 0.059375
1 0.644684 0.525781 0.0944214 0.09375
0 0.578827 0.286328 0.0610962 0.0585938
1 0.647461 0.525 0.0944214 0.0921875
0 0.577637 0.286719 0.0618896 0.0597656
0 0.92041 0.295117 0.0380859 0.040625
1 0.645874 0.523438 0.0952148 0.0921875
0 0.579224 0.286719 0.0634766 0.0601562
0 0.92041 0.295312 0.0349121 0.0351562
0 0.918823 0.29043 0.036499 0.0347656
1 0.645477 0.522656 0.092041 0.0921875
0 0.580811 0.285156 0.0634766 0.0621094
1 0.646667 0.525 0.0936279 0.0921875
0 0.579224 0.288281 0.0650635 0.0648438
1 0.647461 0.523828 0.0968018 0.0945313
0 0.577637 0.287109 0.0618896 0.059375
1 0.645874 0.525781 0.0912476 0.0898438
0 0.580017 0.286719 0.0634766 0.0601562
0 0.579224 0.286328 0.0618896 0.0582031
1 0.645874 0.525781 0.0952148 0.0921875
1 0.646271 0.524219 0.0952148 0.0921875
0 0.57843 0.288086 0.0603027 0.0589844
0 0.579224 0.2875 0.0650635 0.0625
1 0.647461 0.525781 0.092041 0.090625
1 0.648254 0.526563 0.092041 0.090625
0 0.581207 0.286719 0.0634766 0.059375
0 0.864868 0.979688 0.0412598 0.040625
1 0.647461 0.526953 0.092041 0.090625
0 0.579224 0.286914 0.0634766 0.0613281
0 0.57962 0.2875 0.0634766 0.059375
1 0.645874 0.527344 0.0936279 0.090625
0 0.921997 0.297656 0.0380859 0.0402344
1 0.647461 0.523438 0.0936279 0.0921875
0 0.580017 0.286719 0.06427 0.0617188
1 0.645477 0.525391 0.0928345 0.0921875
0 0.580017 0.287891 0.0634766 0.0617188
1 0.645081 0.525 0.0936279 0.0898438
0 0.578827 0.287109 0.0650635 0.0625
1 0.645874 0.524219 0.0936279 0.090625
0 0.580811 0.289453 0.0618896 0.0617188
0 0.580414 0.2875 0.0610962 0.0582031
1 0.646667 0.525781 0.0952148 0.0921875
0 0.580811 0.286133 0.0634766 0.0609375
1 0.646271 0.526563 0.0952148 0.0921875
0 0.580414 0.286914 0.0626831 0.0609375
1 0.647461 0.527344 0.0936279 0.090625
0 0.579224 0.286328 0.0634766 0.0617188
1 0.647461 0.522656 0.0952148 0.0921875
0 0.588745 0.283789 0.0603027 0.0574219
1 0.645477 0.525781 0.0944214 0.0929687
0 0.580811 0.286719 0.0618896 0.059375
1 0.645081 0.526172 0.0952148 0.0929687
0 0.578033 0.287891 0.0618896 0.0601562
0 0.579224 0.287891 0.0634766 0.0625
1 0.647064 0.523438 0.0952148 0.09375
0 0.589539 0.285742 0.0650635 0.0640625
1 0.646667 0.526563 0.0952148 0.0921875
0 0.580017 0.287891 0.0634766 0.0625
1 0.646667 0.525 0.0952148 0.09375
0 0.580017 0.286328 0.0682373 0.065625
0 0.580811 0.288281 0.06427 0.0632813
1 0.646667 0.525 0.0952148 0.090625
1 0.645874 0.525781 0.0936279 0.09375
0 0.580811 0.2875 0.0682373 0.0648438
1 0.647461 0.525781 0.0936279 0.0921875
0 0.57724 0.288867 0.0658569 0.0640625
1 0.645874 0.521875 0.0952148 0.09375
0 0.580017 0.286719 0.0634766 0.0617188
1 0.647064 0.522656 0.0944214 0.0921875
0 0.580017 0.288281 0.0618896 0.0601562
0 0.190777 0.0442383 0.0596085 0.0623047
0 0.0318375 0.212695 0.0537567 0.0519531
1 0.645874 0.525 0.0952148 0.0921875
0 0.579224 0.286719 0.0634766 0.0609375
1 0.646667 0.525 0.0936279 0.0921875
0 0.578827 0.288672 0.0634766 0.0617188
1 0.647858 0.524219 0.0952148 0.0890625
0 0.580811 0.286719 0.0610962 0.0597656
1 0.646271 0.524609 0.0968018 0.0929687
0 0.578827 0.286523 0.0634766 0.0617188
0 0.574066 0.285547 0.046814 0.046875
1 0.646271 0.525781 0.0936279 0.0890625
0 0.57962 0.286328 0.0634766 0.0601562
1 0.0638733 0.563672 0.0809326 0.0851562
0 0.579224 0.287305 0.0634766 0.0613281
1 0.647461 0.522266 0.092041 0.0882813
0 0.580414 0.287891 0.0634766 0.0605469
1 0.647461 0.522656 0.0952148 0.0890625
1 0.647858 0.521094 0.0944214 0.0898438
0 0.580414 0.287109 0.06427 0.0625
1 0.647858 0.519531 0.0928345 0.090625
0 0.580811 0.289844 0.0634766 0.0613281
0 0.57605 0.295312 0.0491943 0.0578125
1 0.646667 0.521484 0.0952148 0.0898438
0 0.580017 0.286719 0.0650635 0.0640625
1 0.649841 0.522656 0.0944214 0.0890625
0 0.580017 0.285156 0.0650635 0.0632813
0 0.921997 0.296484 0.0396729 0.0382813
1 0.648651 0.521875 0.0928345 0.0921875
0 0.580017 0.287109 0.0634766 0.0625
0 0.921204 0.29707 0.0396729 0.0378906
1 0.647461 0.520312 0.0952148 0.0914062
0 0.57962 0.288477 0.0618896 0.0589844
1 0.648254 0.524219 0.0952148 0.0890625
0 0.577637 0.288281 0.0626831 0.0601562
1 0.650635 0.522656 0.0936279 0.090625
0 0.57843 0.288281 0.0618896 0.0601562
1 0.648254 0.524219 0.092041 0.0890625
0 0.57843 0.287109 0.0666504 0.0632813
1 0.648651 0.525781 0.0928345 0.0921875
0 0.57843 0.2875 0.0674438 0.0648438
1 0.648254 0.525391 0.0952148 0.0914062
0 0.580017 0.287305 0.0634766 0.0617188
0 0.57962 0.287109 0.06427 0.0625
1 0.649841 0.525 0.0936279 0.0921875
1 0.649048 0.523438 0.0944214 0.0914062
0 0.578033 0.286328 0.0634766 0.0617188
0 0.579224 0.2875 0.0634766 0.0609375
1 0.649048 0.522656 0.0968018 0.0921875
0 0.57962 0.2875 0.0626831 0.0617188
1 0.649048 0.524219 0.0952148 0.090625
1 0.645874 0.524219 0.0952148 0.090625
0 0.580811 0.2875 0.0618896 0.0601562
1 0.647461 0.525391 0.0960083 0.0929687
0 0.57962 0.286719 0.06427 0.0625
1 0.648254 0.525391 0.0944214 0.090625
0 0.582001 0.286719 0.0626831 0.0613281
1 0.647064 0.523047 0.0928345 0.0921875
0 0.580811 0.289844 0.0634766 0.059375
1 0.649445 0.520312 0.092041 0.090625
0 0.580017 0.287109 0.0618896 0.059375
0 0.192413 0.0398926 0.0638733 0.0641602
0 0.579224 0.286719 0.0610962 0.059375
1 0.649445 0.522656 0.0952148 0.0929687
1 0.648651 0.523438 0.0936279 0.0921875
0 0.579224 0.288672 0.0603027 0.0601562
1 0.647461 0.520312 0.0936279 0.0921875
0 0.582397 0.288672 0.0634766 0.0609375
1 0.647858 0.521094 0.0928345 0.0921875
0 0.579224 0.286719 0.0634766 0.0621094
1 0.650635 0.521875 0.0936279 0.090625
0 0.580414 0.2875 0.0634766 0.0617188
1 0.648254 0.522266 0.0952148 0.0929687
0 0.57962 0.286914 0.0618896 0.0597656
1 0.650635 0.520312 0.0936279 0.0898438
0 0.57962 0.285352 0.0626831 0.0613281
1 0.648254 0.524219 0.092041 0.0890625
0 0.579224 0.285937 0.0618896 0.0609375
1 0.645874 0.523828 0.0952148 0.0921875
0 0.57843 0.2875 0.0610962 0.059375
1 0.648651 0.523438 0.0936279 0.0929687
0 0.57843 0.287891 0.0618896 0.0609375
1 0.647461 0.520312 0.0952148 0.0921875
0 0.578827 0.288672 0.0626831 0.0609375
1 0.645874 0.525391 0.0952148 0.0914062
0 0.578827 0.2875 0.06427 0.0625
1 0.645874 0.526172 0.0952148 0.0914062
0 0.578033 0.286914 0.06427 0.0628906
1 0.649048 0.519531 0.0952148 0.0921875
0 0.57843 0.286719 0.06427 0.0625
1 0.647461 0.523438 0.0936279 0.090625
0 0.579224 0.285547 0.0666504 0.0640625
1 0.647461 0.521875 0.0936279 0.090625
0 0.57843 0.285742 0.0650635 0.0632813
1 0.645081 0.523438 0.0936279 0.0914062
0 0.578033 0.286328 0.0626831 0.0601562
1 0.646667 0.522656 0.0936279 0.090625
0 0.579224 0.285937 0.0650635 0.0625
1 0.648651 0.523438 0.0952148 0.0921875
0 0.57962 0.284766 0.0626831 0.0617188
1 0.649841 0.519531 0.0928345 0.0921875
0 0.578033 0.286914 0.0634766 0.0609375
1 0.647461 0.517578 0.0936279 0.0914062
0 0.578827 0.287305 0.0626831 0.0609375
1 0.647858 0.51875 0.0960083 0.0921875
0 0.580017 0.288672 0.0650635 0.0625
1 0.648651 0.521875 0.0944214 0.0914062
0 0.580017 0.288672 0.0618896 0.0609375
0 0.867249 0.621875 0.0396729 0.0390625
0 0.92041 0.297656 0.0396729 0.0390625
1 0.648254 0.521875 0.0952148 0.0921875
0 0.579224 0.287891 0.0618896 0.0621094
1 0.647858 0.521094 0.0952148 0.0921875
0 0.579224 0.287305 0.0634766 0.0613281
0 0.92041 0.296484 0.0412598 0.0398437
1 0.647461 0.525781 0.0968018 0.0921875
0 0.580017 0.288281 0.0618896 0.0609375
1 0.649048 0.525 0.0983887 0.0921875
0 0.579224 0.287109 0.0618896 0.0609375
1 0.649445 0.523438 0.0960083 0.0945313
0 0.581604 0.286719 0.0618896 0.0609375
1 0.648254 0.522266 0.0952148 0.0921875
0 0.580811 0.287891 0.0634766 0.0617188
1 0.649048 0.522656 0.0952148 0.090625
0 0.581207 0.287891 0.0618896 0.0601562
1 0.648254 0.519531 0.0936279 0.090625
0 0.580811 0.288281 0.0618896 0.0609375
1 0.647064 0.523438 0.0952148 0.090625
0 0.580017 0.285937 0.0618896 0.0605469
1 0.645874 0.523828 0.0952148 0.0914062
0 0.579224 0.287109 0.06427 0.0617188
1 0.645874 0.523438 0.0968018 0.09375
0 0.580414 0.287109 0.0634766 0.0625
1 0.645874 0.520703 0.0952148 0.0914062
0 0.579224 0.286328 0.0634766 0.0617188
1 0.646667 0.521094 0.0952148 0.090625
0 0.580017 0.286328 0.0634766 0.0617188
1 0.647064 0.521094 0.0952148 0.090625
0 0.582397 0.287695 0.0626831 0.0613281
1 0.645874 0.520312 0.0936279 0.0921875
0 0.580017 0.288281 0.0650635 0.0632813
1 0.646667 0.51875 0.0952148 0.09375
0 0.581604 0.2875 0.0618896 0.0617188
1 0.647461 0.521875 0.0936279 0.090625
0 0.581604 0.2875 0.0626831 0.0613281
1 0.647461 0.520312 0.0936279 0.0921875
0 0.580414 0.285937 0.06427 0.0625
0 0.19519 0.0460449 0.0543518 0.0508789
1 0.647064 0.520312 0.0944214 0.0921875
0 0.580017 0.286328 0.0618896 0.0617188
0 0.195587 0.0447266 0.0527649 0.0523437
1 0.648651 0.522656 0.0944214 0.0921875
0 0.580414 0.286328 0.0626831 0.0617188
1 0.649841 0.521094 0.0936279 0.0921875
0 0.578827 0.289062 0.06427 0.0625
1 0.649841 0.522266 0.0936279 0.0914062
0 0.57962 0.288672 0.06427 0.0625
1 0.649048 0.520312 0.0936279 0.090625
0 0.580811 0.288867 0.0626831 0.0617188
1 0.648254 0.521484 0.0952148 0.0921875
0 0.580017 0.289062 0.0626831 0.0617188
1 0.648254 0.523438 0.0936279 0.090625
0 0.580017 0.288281 0.0618896 0.059375
1 0.646667 0.522656 0.0936279 0.0921875
0 0.580811 0.288281 0.0626831 0.0609375
1 0.646271 0.521875 0.0944214 0.0921875
0 0.580017 0.289062 0.0618896 0.0605469
1 0.646667 0.522656 0.0936279 0.090625
0 0.580017 0.288281 0.0634766 0.0617188
1 0.647461 0.522266 0.0936279 0.0914062
0 0.579224 0.286719 0.0626831 0.0609375
1 0.647461 0.522656 0.0936279 0.0914062
0 0.580811 0.2875 0.0610962 0.0601562
1 0.647461 0.524219 0.0952148 0.0921875
0 0.578827 0.286914 0.06427 0.0625
1 0.647064 0.522266 0.0928345 0.0914062
0 0.578827 0.287891 0.0626831 0.0609375
1 0.646667 0.521875 0.0952148 0.090625
0 0.580811 0.288477 0.0634766 0.0617188
1 0.648254 0.522656 0.092041 0.090625
0 0.579224 0.287891 0.0634766 0.0625
1 0.645081 0.522656 0.0936279 0.090625
0 0.580017 0.288672 0.0634766 0.0609375
1 0.647064 0.521875 0.0944214 0.0921875
0 0.580811 0.287891 0.0634766 0.0625
1 0.646667 0.521875 0.0936279 0.0921875
0 0.580414 0.288281 0.06427 0.0628906
1 0.648254 0.522656 0.0952148 0.0921875
0 0.581207 0.289062 0.0634766 0.0617188
1 0.647064 0.521484 0.0928345 0.0914062
0 0.581604 0.288281 0.0618896 0.0609375
1 0.646271 0.523047 0.0952148 0.0914062
0 0.581604 0.288672 0.0634766 0.0617188
1 0.647064 0.521484 0.0928345 0.0914062
0 0.580811 0.287891 0.0618896 0.0609375
1 0.647461 0.521094 0.0936279 0.090625
0 0.581604 0.288281 0.0618896 0.0601562
1 0.647858 0.520312 0.0944214 0.0921875
0 0.581604 0.288281 0.0618896 0.0601562
1 0.647461 0.519141 0.0944214 0.0921875
0 0.581604 0.288086 0.0618896 0.0613281
1 0.647461 0.520312 0.0936279 0.0921875
0 0.581207 0.289062 0.0618896 0.0617188
1 0.647858 0.521094 0.0936279 0.090625
0 0.580811 0.288086 0.0618896 0.0609375
1 0.647461 0.518359 0.0936279 0.0921875
0 0.581604 0.288672 0.0634766 0.0617188
1 0.648254 0.518359 0.0936279 0.0914062
0 0.580811 0.287305 0.0618896 0.0609375
1 0.646667 0.519141 0.0952148 0.0921875
0 0.581207 0.2875 0.0626831 0.0621094
1 0.647461 0.51875 0.0952148 0.0921875
0 0.581604 0.287891 0.0634766 0.0617188
1 0.646667 0.519531 0.0944214 0.0921875
0 0.581604 0.287891 0.0618896 0.0609375
1 0.647064 0.519922 0.0952148 0.0921875
0 0.581604 0.2875 0.0626831 0.0617188
1 0.647064 0.521094 0.0944214 0.090625
0 0.581207 0.2875 0.0626831 0.0617188
1 0.647858 0.521094 0.0936279 0.090625
0 0.580811 0.2875 0.0626831 0.0617188
1 0.647858 0.521094 0.0944214 0.0921875
0 0.580811 0.2875 0.0626831 0.0617188
1 0.646667 0.520703 0.0936279 0.0921875
0 0.580811 0.287305 0.0618896 0.0617188
1 0.647461 0.520312 0.0936279 0.0914062
0 0.581207 0.287305 0.0618896 0.0613281
1 0.647461 0.521094 0.0936279 0.0921875
0 0.582001 0.287305 0.0618896 0.0613281
1 0.646667 0.521094 0.0944214 0.0921875
0 0.581604 0.287109 0.0618896 0.0617188
1 0.646667 0.521875 0.0944214 0.090625
0 0.581604 0.288281 0.0618896 0.0609375
1 0.647461 0.521875 0.0944214 0.090625
0 0.580811 0.287695 0.0618896 0.0621094
1 0.646667 0.521094 0.0944214 0.0921875
0 0.580017 0.287695 0.0618896 0.0617188
1 0.647064 0.521875 0.0944214 0.090625
0 0.581207 0.2875 0.0626831 0.0617188
1 0.647461 0.521484 0.0936279 0.0914062
0 0.580811 0.288281 0.0618896 0.0617188
1 0.648254 0.519922 0.0952148 0.0929687
0 0.580017 0.2875 0.0618896 0.0617188
1 0.647858 0.520312 0.0944214 0.0921875
0 0.580017 0.287109 0.0626831 0.0617188
1 0.647461 0.521484 0.0936279 0.0921875
0 0.580811 0.2875 0.0634766 0.0625
1 0.648651 0.521094 0.0944214 0.0921875
0 0.580811 0.287305 0.0634766 0.0621094
1 0.647461 0.521875 0.0952148 0.0914062
0 0.580811 0.286914 0.0634766 0.0621094
1 0.646667 0.521094 0.0952148 0.0921875
0 0.580017 0.286328 0.0634766 0.0617188
1 0.721252 0.0270508 0.0825195 0.0541016
1 0.646667 0.520312 0.0952148 0.0921875
0 0.580811 0.286328 0.0618896 0.0609375
1 0.646667 0.520312 0.0952148 0.0921875
0 0.580811 0.286719 0.0634766 0.0617188
1 0.646667 0.520703 0.0952148 0.0929687
0 0.580414 0.286719 0.0626831 0.0617188
1 0.646271 0.521094 0.0952148 0.0921875
0 0.580017 0.286719 0.0618896 0.0617188
1 0.647461 0.521094 0.0952148 0.0921875
0 0.580414 0.287109 0.0626831 0.0617188
1 0.646667 0.521094 0.0952148 0.0921875
0 0.580811 0.286914 0.0618896 0.0613281
1 0.646667 0.521484 0.0952148 0.0921875
0 0.580811 0.286914 0.0618896 0.0613281
1 0.646667 0.521484 0.0936279 0.0921875
0 0.580811 0.286719 0.0618896 0.0617188
1 0.646667 0.521484 0.0936279 0.0921875
0 0.580811 0.286719 0.0618896 0.0617188
1 0.646667 0.523438 0.0944214 0.0914062
0 0.579224 0.285156 0.0618896 0.0605469
0 0.581604 0.276367 0.0634766 0.0609375
