0 0.759735 0.181836 0.0706177 0.065625
1 0.0324326 0.371484 0.0648651 0.105469
0 0.254898 0.410254 0.382843 0.376367
0 0.736328 0.344141 0.355469 0.533594
0 0.164444 0.0265625 0.328888 0.053125
0 0.203125 0.0237793 0.395142 0.0475586
0 0.79187 0.344922 0.165039 0.511719
1 0.224548 0.366016 0.415771 0.433594
0 0.224548 0.366016 0.415771 0.433594
0 0.68277 0.275781 0.627625 0.507812
1 0.254898 0.410254 0.382843 0.376367
0 0.307465 0.0185547 0.413391 0.0371094
0 0.298538 0.90625 0.309845 0.164062
1 0.168709 0.854688 0.319168 0.264062
0 0.419342 0.0239258 0.404663 0.0478516
0 0.148575 0.825 0.29715 0.321875
1 0.796829 0.332812 0.180511 0.470313
1 0.316143 0.469629 0.39048 0.387305
0 0.535583 0.453809 0.384827 0.487695
1 0.720856 0.301172 0.538757 0.594531
1 0.736328 0.344141 0.355469 0.533594
0 0.18071 0.141406 0.36142 0.282813
0 0.154228 0.864844 0.294571 0.204688
1 0.157005 0.907031 0.283463 0.159375
0 0.480835 0.516504 0.423706 0.557617
1 0.921326 0.775781 0.157349 0.434375
0 0.308456 0.848437 0.25827 0.196875
0 0.212646 0.378613 0.425293 0.588086
0 0.157005 0.907031 0.283463 0.159375
0 0.950684 0.825 0.0986328 0.35
0 0.656586 0.338672 0.426086 0.557031
0 0.316143 0.469629 0.39048 0.387305
1 0.914185 0.655469 0.171631 0.625
0 0.130821 0.0538574 0.261642 0.107715
1 0.92926 0.0446777 0.141479 0.0893555
0 0.250931 0.25957 0.385223 0.387109
0 0.244583 0.494531 0.40506 0.520312
0 0.72641 0.389844 0.159485 0.470313
1 0.216415 0.575391 0.432831 0.555469
1 0.262188 0.308545 0.382545 0.390723
1 0.781555 0.356836 0.150757 0.581641
0 0.415871 0.579297 0.331467 0.578906
1 0.0940247 0.869141 0.188049 0.261719
0 0.853485 0.286719 0.29303 0.484375
1 0.0845032 0.754297 0.169006 0.491406
0 0.21225 0.629687 0.4245 0.479688
1 0.480835 0.516504 0.423706 0.557617
1 0.305927 0.871875 0.276817 0.190625
1 0.159187 0.311328 0.318375 0.488281
0 0.320755 0.542578 0.434418 0.555469
1 0.320755 0.542578 0.434418 0.555469
1 0.0946198 0.814062 0.18924 0.371875
0 0.159187 0.311328 0.318375 0.488281
1 0.515747 0.453516 0.386414 0.471094
1 0.907043 0.45459 0.185913 0.79707
1 0.164444 0.0265625 0.328888 0.053125
0 0.529236 0.0435059 0.309448 0.0870117
0 0.171585 0.184766 0.34317 0.322266
0 0.604614 0.0764648 0.445923 0.15293
1 0.298538 0.90625 0.309845 0.164062
1 0.165634 0.921484 0.331268 0.157031
1 0.0316887 0.138477 0.0633774 0.276953
1 0.758545 0.0566895 0.437988 0.113379
0 0.632385 0.408594 0.325317 0.4625
1 0.777588 0.776563 0.271362 0.409375
0 0.774414 0.0388672 0.437988 0.0777344
1 0.213638 0.273828 0.427277 0.417969
1 0.891968 0.509766 0.216064 0.838281
0 0.0940247 0.869141 0.188049 0.261719
0 0.239624 0.120703 0.349121 0.241406
0 0.215424 0.180078 0.40625 0.317969
0 0.660156 0.155273 0.644287 0.298047
1 0.224548 0.491406 0.422119 0.495313
1 0.745056 0.802344 0.228516 0.367188
0 0.328094 0.8 0.252319 0.275
0 0.0758743 0.0958984 0.151749 0.191797
1 0.968933 0.0426758 0.0621338 0.0853516
1 0.656586 0.338672 0.426086 0.557031
0 0.88205 0.831445 0.235901 0.337109
0 0.145401 0.898438 0.290802 0.203125
1 0.203125 0.0237793 0.395142 0.0475586
0 0.272106 0.156152 0.368263 0.269727
1 0.72641 0.389844 0.159485 0.470313
0 0.948303 0.919531 0.103394 0.160938
1 0.0758743 0.0958984 0.151749 0.191797
1 0.203918 0.9125 0.38324 0.15625
1 0.130821 0.0538574 0.261642 0.107715
0 0.460205 0.771484 0.267395 0.317969
0 0.0856934 0.732031 0.171387 0.53125
1 0.108704 0.283789 0.217407 0.443359
1 0.191025 0.648438 0.38205 0.515625
0 0.777588 0.776563 0.271362 0.409375
0 0.0849495 0.795898 0.169899 0.408203
0 0.853485 0.908594 0.29303 0.182812
1 0.145401 0.898438 0.290802 0.203125
1 0.864594 0.945312 0.270813 0.109375
1 0.134789 0.251563 0.269577 0.451562
1 0.967346 0.304688 0.0653076 0.415625
0 0.134789 0.251563 0.269577 0.451562
1 0.632385 0.408594 0.325317 0.4625
1 0.400696 0.507031 0.345154 0.46875
0 0.888794 0.478125 0.222412 0.890625
0 0.253113 0.664844 0.369751 0.496875
0 0.0316887 0.138477 0.0633774 0.276953
0 0.713318 0.0352051 0.357056 0.0704102
0 0.14064 0.151074 0.281281 0.302148
0 0.509499 0.598437 0.399704 0.790625
1 0.948303 0.919531 0.103394 0.160938
1 0.251476 0.0198242 0.396828 0.0396484
1 0.845947 0.147754 0.308105 0.295508
0 0.164246 0.433984 0.328491 0.721094
0 0.937195 0.803711 0.12561 0.392578
1 0.950684 0.825 0.0986328 0.35
0 0.1576 0.921094 0.315201 0.157813
1 0.272156 0.920313 0.526855 0.159375
1 0.959412 0.124609 0.0811768 0.249219
1 0.969727 0.243555 0.0605469 0.476953
0 0.161072 0.691016 0.322144 0.574219
0 0.517433 0.758203 0.367966 0.389844
0 0.745056 0.802344 0.228516 0.367188
1 0.317383 0.819531 0.246765 0.245312
0 0.302307 0.203174 0.409424 0.322559
1 0.0849495 0.430469 0.169899 0.857813
0 0.315399 0.58125 0.499084 0.701563
1 0.149963 0.772656 0.299927 0.4125
0 0.92926 0.0446777 0.141479 0.0893555
1 0.0841064 0.209375 0.168213 0.41875
0 0.600647 0.342773 0.399902 0.403516
0 0.807739 0.610937 0.355469 0.714063
1 0.0858917 0.66709 0.171783 0.62832
1 0.874115 0.670996 0.25177 0.617383
0 0.724823 0.799219 0.251526 0.282813
1 0.14431 0.835742 0.28862 0.328516
0 0.852966 0.636621 0.269775 0.629883
0 0.837891 0.7625 0.295166 0.36875
0 0.327896 0.093457 0.369354 0.186914
1 0.212646 0.378613 0.425293 0.588086
0 0.367371 0.0800781 0.340393 0.160156
0 0.671661 0.436621 0.270569 0.411133
1 0.155022 0.716016 0.310043 0.564844
1 0.88205 0.831445 0.235901 0.337109
1 0.105232 0.202344 0.210464 0.404687
0 0.624847 0.102344 0.629211 0.204688
1 0.779572 0.549609 0.195984 0.678906
1 0.352493 0.919531 0.436005 0.160938
0 0.84317 0.975781 0.31366 0.0484375
1 0.348724 0.0213867 0.40625 0.0427734
0 0.423309 0.0773926 0.353088 0.154785
1 0.649445 0.227344 0.602234 0.410937
1 0.858246 0.31875 0.283508 0.536719
0 0.387604 0.439453 0.338806 0.375781
1 0.851379 0.761719 0.271362 0.410937
1 0.688721 0.9125 0.398315 0.159375
0 0.968933 0.0426758 0.0621338 0.0853516
0 0.301861 0.380078 0.385719 0.353125
0 0.907043 0.45459 0.185913 0.79707
1 0.852966 0.636621 0.269775 0.629883
0 0.127747 0.767969 0.255493 0.425
1 0.367371 0.907031 0.393555 0.15625
1 0.453163 0.0301758 0.356857 0.0603516
0 0.626038 0.0446289 0.38562 0.0892578
0 0.0859909 0.404297 0.171982 0.802344
0 0.360428 0.782031 0.314606 0.323438
0 0.224548 0.761719 0.449097 0.45625
0 0.9245 0.389941 0.151001 0.635742
1 0.671661 0.436621 0.270569 0.411133
0 0.116142 0.469922 0.232285 0.786719
0 0.588745 0.749609 0.338013 0.388281
1 0.301167 0.78457 0.307762 0.321484
1 0.898315 0.725 0.203369 0.514063
1 0.171585 0.184766 0.34317 0.322266
1 0.9245 0.389941 0.151001 0.635742
1 0.875107 0.501562 0.249786 0.975
0 0.527748 0.660937 0.410812 0.503125
0 0.0858917 0.625684 0.171783 0.704883
1 0.224548 0.761719 0.449097 0.45625
1 0.97052 0.0634766 0.05896 0.126953
0 0.108704 0.283789 0.217407 0.443359
1 0.952271 0.342969 0.095459 0.476562
0 0.559387 0.702344 0.36499 0.403125
0 0.722046 0.674219 0.293579 0.576563
0 0.653412 0.758984 0.394348 0.441406
1 0.84317 0.975781 0.31366 0.0484375
1 0.604614 0.0764648 0.445923 0.15293
0 0.336872 0.132031 0.388695 0.214453
0 0.415771 0.80625 0.386414 0.3
1 0.4245 0.882812 0.381653 0.159375
1 0.097496 0.252148 0.194992 0.504297
1 0.315399 0.58125 0.499084 0.701563
0 0.414879 0.741016 0.373123 0.322656
0 0.652618 0.786133 0.400696 0.312109
0 0.314606 0.306445 0.441162 0.401172
0 0.203918 0.9125 0.38324 0.15625
0 0.190628 0.523438 0.381256 0.875
0 0.779572 0.549609 0.195984 0.678906
1 0.0918427 0.564844 0.183685 0.810938
1 0.254898 0.642187 0.38443 0.534375
1 0.415771 0.80625 0.386414 0.3
1 0.529236 0.0435059 0.309448 0.0870117
1 0.972107 0.163477 0.0557861 0.326953
0 0.097496 0.252148 0.194992 0.504297
0 0.0888672 0.292969 0.177734 0.585938
0 0.457428 0.623535 0.454651 0.629492
0 0.927673 0.761719 0.144653 0.470313
1 0.853485 0.908594 0.29303 0.182812
1 0.660156 0.155273 0.644287 0.298047
1 0.301861 0.380078 0.385719 0.353125
0 0.815872 0.564844 0.250336 0.809375
1 0.687927 0.928125 0.409424 0.14375
0 0.780289 0.156152 0.439423 0.312305
0 0.447113 0.104785 0.322937 0.156445
0 0.388794 0.147266 0.364197 0.183594
1 0.164246 0.433984 0.328491 0.721094
0 0.400002 0.636719 0.455246 0.545313
0 0.329681 0.873438 0.294373 0.1625
1 0.63913 0.920313 0.441956 0.159375
0 0.388794 0.116406 0.341187 0.182031
1 0.566925 0.421875 0.397522 0.465625
0 0.699432 0.857031 0.340393 0.190625
0 0.502357 0.100781 0.471115 0.201562
0 0.685173 0.207031 0.629654 0.414062
1 0.264023 0.197656 0.376495 0.319922
1 0.784134 0.625781 0.345551 0.676562
0 0.892761 0.561328 0.214478 0.791406
0 0.913391 0.596875 0.173218 0.701563
0 0.898315 0.725 0.203369 0.514063
1 0.18071 0.141406 0.36142 0.282813
1 0.0888672 0.292969 0.177734 0.585938
0 0.969727 0.243555 0.0605469 0.476953
0 0.841263 0.470313 0.307465 0.678125
1 0.284058 0.698047 0.336426 0.485156
1 0.360428 0.782031 0.314606 0.323438
0 0.952271 0.342969 0.095459 0.476562
1 0.509499 0.598437 0.399704 0.790625
1 0.430153 0.612891 0.360031 0.677344
1 0.103348 0.419531 0.206696 0.689844
1 0.8759 0.423438 0.248199 0.825
1 0.699432 0.857031 0.340393 0.190625
1 0.443642 0.921094 0.421921 0.157813
1 0.713318 0.0352051 0.357056 0.0704102
0 0.845947 0.147754 0.308105 0.295508
0 0.967346 0.304688 0.0653076 0.415625
0 0.627625 0.551465 0.303101 0.67832
0 0.670074 0.590234 0.340393 0.803906
0 0.864594 0.945312 0.270813 0.109375
0 0.654602 0.118164 0.661743 0.236328
0 0.279099 0.728906 0.354279 0.396875
1 0.443542 0.904688 0.414185 0.157813
1 0.749023 0.917188 0.391968 0.1625
0 0.688721 0.9125 0.398315 0.159375
0 0.352493 0.919531 0.436005 0.160938
0 0.443642 0.921094 0.421921 0.157813
0 0.687927 0.928125 0.409424 0.14375
0 0.553436 0.7625 0.306274 0.307813
0 0.243988 0.921094 0.487976 0.157813
0 0.63913 0.920313 0.441956 0.159375
0 0.39286 0.386328 0.374313 0.355469
1 0.64389 0.771484 0.413391 0.400781
0 0.105232 0.202344 0.210464 0.404687
0 0.46566 0.421484 0.403275 0.434375
0 0.585571 0.598828 0.388794 0.680469
1 0.863205 0.535937 0.27359 0.860937
1 0.463478 0.737109 0.277512 0.324219
0 0.918152 0.708594 0.163696 0.542188
0 0.499184 0.7875 0.318771 0.2375
1 0.416962 0.0830078 0.32135 0.166016
1 0.389687 0.741016 0.37114 0.300781
0 0.0841064 0.209375 0.168213 0.41875
0 0.55423 0.297852 0.395935 0.303516
1 0.600647 0.342773 0.399902 0.403516
1 0.724823 0.799219 0.251526 0.282813
1 0.656189 0.686719 0.388794 0.548437
0 0.458221 0.132837 0.316589 0.166357
0 0.706177 0.588672 0.510986 0.758594
0 0.874115 0.670996 0.25177 0.617383
1 0.14064 0.151074 0.281281 0.302148
1 0.502357 0.100781 0.471115 0.201562
0 0.746765 0.240234 0.50647 0.480469
1 0.941956 0.206641 0.116089 0.413281
0 0.60144 0.191602 0.49353 0.276953
1 0.387604 0.439453 0.338806 0.375781
1 0.739899 0.942969 0.384827 0.114063
0 0.4245 0.882812 0.381653 0.159375
1 0.558594 0.919531 0.449097 0.160938
1 0.644287 0.102539 0.62207 0.205078
1 0.324326 0.254248 0.452667 0.35791
0 0.8759 0.423438 0.248199 0.825
1 0.626038 0.0446289 0.38562 0.0892578
0 0.399902 0.202539 0.405457 0.228516
1 0.618896 0.552344 0.342773 0.71875
1 0.400002 0.636719 0.455246 0.545313
1 0.722046 0.674219 0.293579 0.576563
1 0.608582 0.903906 0.455444 0.167187
0 0.68396 0.0957031 0.607788 0.191406
0 0.838013 0.342187 0.323975 0.639063
1 0.588745 0.749609 0.338013 0.388281
0 0.739899 0.942969 0.384827 0.114063
0 0.972107 0.163477 0.0557861 0.326953
0 0.403473 0.283398 0.399109 0.267578
1 0.834244 0.388672 0.331512 0.678906
0 0.761719 0.182812 0.0666504 0.0679687
1 0.0304489 0.367969 0.0608978 0.09375
0 0.756958 0.194873 0.074585 0.0743164
0 0.731171 0.215625 0.046814 0.040625
1 0.0705681 0.338086 0.141136 0.167578
0 0.751404 0.214844 0.072998 0.0453125
0 0.761719 0.213672 0.055542 0.0398437
1 0.188049 0.191602 0.153137 0.138281
1 0.0289364 0.377441 0.0578728 0.0794922
0 0.756958 0.172559 0.072998 0.0841797
1 0.0249195 0.382031 0.049839 0.114844
0 0.286438 0.420703 0.463379 0.505469
0 0.722839 0.214258 0.0444336 0.0378906
0 0.547386 0.733594 0.435013 0.309375
1 0.226929 0.432813 0.453857 0.521875
0 0.475281 0.75 0.479248 0.289062
0 0.606995 0.734375 0.44751 0.35625
0 0.207092 0.370117 0.414185 0.581641
0 0.788696 0.819531 0.371338 0.3125
1 0.207092 0.370117 0.414185 0.581641
0 0.338013 0.332031 0.44751 0.514063
0 0.728394 0.78457 0.422119 0.358984
1 0.339798 0.412109 0.445526 0.489844
0 0.153336 0.917188 0.306671 0.165625
0 0.597473 0.385938 0.411011 0.338281
0 0.501366 0.817187 0.449295 0.289062
0 0.167221 0.836523 0.334442 0.326953
0 0.757751 0.158984 0.193604 0.130469
0 0.175949 0.284766 0.351898 0.333594
0 0.647461 0.387402 0.303101 0.258008
0 0.3881 0.415625 0.464767 0.523438
0 0.66333 0.760938 0.455444 0.384375
0 0.549469 0.431934 0.370544 0.379883
0 0.759338 0.171973 0.123779 0.146289
0 0.689514 0.265576 0.253906 0.279785
0 0.82869 0.844727 0.342621 0.310547
0 0.562462 0.292578 0.401688 0.466406
0 0.0992813 0.124121 0.198563 0.248242
0 0.744263 0.307813 0.199951 0.41875
0 0.389587 0.798437 0.367371 0.25
0 0.173965 0.217578 0.347931 0.289844
0 0.587257 0.821875 0.45842 0.309375
0 0.0809326 0.93125 0.161865 0.1375
0 0.954254 0.0980469 0.0914917 0.196094
1 0.779968 0.171973 0.168213 0.14668
0 0.167618 0.9125 0.335236 0.175
1 0.167618 0.9125 0.335236 0.175
0 0.847137 0.275049 0.305725 0.39834
1 0.153336 0.917188 0.306671 0.165625
0 0.512573 0.399902 0.414185 0.529883
0 0.213242 0.801367 0.426483 0.362891
0 0.372131 0.76875 0.418152 0.31875
1 0.391968 0.349219 0.46814 0.564062
0 0.301712 0.790625 0.283661 0.239063
0 0.523285 0.231641 0.422913 0.365625
0 0.385223 0.501562 0.457825 0.451562
0 0.148178 0.847266 0.296356 0.305469
0 0.145599 0.158398 0.291199 0.316797
0 0.858643 0.186133 0.282715 0.170703
0 0.66333 0.889844 0.510986 0.220313
0 0.292042 0.773828 0.360924 0.314844
0 0.159088 0.158398 0.318176 0.25625
0 0.685944 0.819531 0.446716 0.329688
0 0.859436 0.892969 0.281128 0.214062
0 0.44751 0.458594 0.505432 0.56875
0 0.528839 0.492969 0.40625 0.442187
0 0.275726 0.498535 0.42926 0.443555
0 0.964569 0.894531 0.0708618 0.210938
0 0.588745 0.438281 0.36499 0.325
0 0.937195 0.958594 0.12561 0.0828125
1 0.282471 0.348242 0.459412 0.543359
1 0.175949 0.284766 0.351898 0.333594
1 0.275726 0.498535 0.42926 0.443555
0 0.128937 0.104102 0.257874 0.208203
0 0.131317 0.142578 0.262634 0.285156
0 0.248749 0.789844 0.367371 0.260938
0 0.200348 0.857227 0.400696 0.285547
1 0.0992813 0.124121 0.198563 0.248242
1 0.66333 0.889844 0.510986 0.220313
0 0.84436 0.188086 0.311279 0.376172
1 0.861023 0.875977 0.277954 0.248047
0 0.184776 0.132617 0.369553 0.263672
1 0.51416 0.747656 0.416565 0.326562
1 0.549469 0.431934 0.370544 0.379883
1 0.612152 0.734766 0.465759 0.332031
1 0.779968 0.80957 0.398315 0.352734
0 0.714111 0.391016 0.212646 0.278125
1 0.461395 0.369922 0.473694 0.571094
0 0.186462 0.459473 0.372925 0.48418
1 0.385223 0.501562 0.457825 0.451562
0 0.396729 0.224805 0.46814 0.379297
0 0.183685 0.925 0.367371 0.15
1 0.145599 0.158398 0.291199 0.316797
0 0.435608 0.562891 0.461792 0.483594
0 0.519318 0.900781 0.486389 0.198437
1 0.862213 0.975781 0.275574 0.0484375
1 0.757751 0.158984 0.193604 0.130469
1 0.588745 0.438281 0.36499 0.325
0 0.904663 0.576563 0.190674 0.434375
0 0.476868 0.0941406 0.49353 0.188281
0 0.325516 0.565625 0.429657 0.453125
0 0.46814 0.745313 0.448303 0.404687
0 0.141434 0.231836 0.282867 0.391016
1 0.562462 0.292578 0.401688 0.466406
1 0.647461 0.387402 0.303101 0.258008
0 0.844162 0.975 0.311676 0.05
0 0.205109 0.179346 0.410217 0.18584
1 0.785522 0.383203 0.19043 0.267969
0 0.480736 0.611719 0.449295 0.467187
0 0.904663 0.689844 0.190674 0.442187
1 0.458221 0.765625 0.436401 0.342187
0 0.824402 0.139453 0.271362 0.157031
0 0.954254 0.230078 0.0914917 0.447656
1 0.760132 0.158594 0.136475 0.124219
1 0.173965 0.217578 0.347931 0.289844
0 0.571289 0.215234 0.431641 0.430469
1 0.82869 0.844727 0.342621 0.310547
0 0.528046 0.168164 0.400696 0.327344
1 0.523285 0.231641 0.422913 0.365625
1 0.597473 0.385938 0.411011 0.338281
1 0.44751 0.458594 0.505432 0.56875
0 0.205505 0.518359 0.411011 0.489844
1 0.728394 0.78457 0.422119 0.358984
0 0.858047 0.8625 0.283905 0.275
1 0.858643 0.186133 0.282715 0.170703
0 0.891968 0.771875 0.216064 0.45625
0 0.257477 0.765234 0.411804 0.383594
0 0.756561 0.850391 0.388 0.299219
0 0.538658 0.0979492 0.508011 0.195898
0 0.693085 0.869727 0.407043 0.260547
0 0.857254 0.494141 0.285492 0.421094
1 0.482819 0.523535 0.441956 0.491992
0 0.432037 0.682422 0.46814 0.475781
1 0.964569 0.894531 0.0708618 0.210938
0 0.737915 0.908594 0.485596 0.182812
0 0.862213 0.975781 0.275574 0.0484375
0 0.476471 0.114844 0.392761 0.229687
0 0.713318 0.198486 0.291992 0.188184
1 0.857254 0.494141 0.285492 0.421094
0 0.90863 0.475781 0.182739 0.440625
1 0.847137 0.275049 0.305725 0.39834
1 0.714111 0.391016 0.212646 0.278125
1 0.820435 0.378516 0.222168 0.324219
0 0.937195 0.378223 0.12561 0.45293
0 0.922516 0.427246 0.154968 0.43457
0 0.576447 0.53125 0.421326 0.486719
0 0.855072 0.656641 0.289856 0.433594
1 0.685944 0.819531 0.446716 0.329688
1 0.937195 0.958594 0.12561 0.0828125
0 0.76886 0.132422 0.155518 0.160156
1 0.824402 0.139453 0.271362 0.157031
0 0.803101 0.644531 0.393799 0.525
0 0.528442 0.678125 0.441162 0.454688
1 0.760925 0.657812 0.158691 0.171875
0 0.139053 0.303076 0.278107 0.354785
0 0.837021 0.339844 0.325958 0.432813
0 0.864197 0.403223 0.271606 0.366992
0 0.132507 0.4125 0.265015 0.424219
0 0.38324 0.629687 0.46814 0.50625
0 0.781082 0.791211 0.437836 0.417578
0 0.441856 0.854297 0.420731 0.291406
0 0.44632 0.909375 0.468933 0.18125
1 0.131317 0.142578 0.262634 0.285156
1 0.895142 0.728906 0.209717 0.448438
1 0.693085 0.869727 0.407043 0.260547
1 0.476868 0.0941406 0.49353 0.188281
0 0.796631 0.311523 0.230103 0.426953
0 0.273346 0.634473 0.448303 0.520117
1 0.897522 0.801758 0.204956 0.396484
0 0.387306 0.850781 0.391769 0.240625
0 0.608681 0.869922 0.47905 0.260156
1 0.0809326 0.93125 0.161865 0.1375
1 0.183685 0.925 0.367371 0.15
1 0.436401 0.349609 0.188049 0.157031
0 0.414978 0.10957 0.36499 0.219141
1 0.689514 0.265576 0.253906 0.279785
0 0.952667 0.328711 0.0946655 0.447266
1 0.480736 0.611719 0.449295 0.467187
1 0.519318 0.900781 0.486389 0.198437
1 0.843369 0.144922 0.313263 0.289844
1 0.186462 0.459473 0.372925 0.48418
1 0.0916443 0.537891 0.183289 0.424219
1 0.435608 0.562891 0.461792 0.483594
1 0.854675 0.589453 0.290649 0.449219
0 0.856262 0.807031 0.287476 0.385938
1 0.167221 0.836523 0.334442 0.326953
0 0.577538 0.61709 0.4366 0.495508
0 0.179222 0.874219 0.358444 0.251563
0 0.204712 0.922266 0.409424 0.155469
0 0.25946 0.125 0.404663 0.25
1 0.159088 0.158398 0.318176 0.25625
0 0.0926361 0.448828 0.185272 0.422656
0 0.624847 0.485254 0.40387 0.454492
1 0.205505 0.518359 0.411011 0.489844
0 0.0904541 0.596484 0.180908 0.427344
0 0.0933304 0.678516 0.186661 0.405469
1 0.193405 0.818555 0.38681 0.362891
0 0.913391 0.834375 0.173218 0.33125
1 0.793259 0.850781 0.38443 0.259375
0 0.501465 0.882031 0.431641 0.235938
1 0.180511 0.132617 0.361023 0.265234
1 0.864197 0.403223 0.271606 0.366992
1 0.844162 0.975 0.311676 0.05
1 0.954254 0.230078 0.0914917 0.447656
1 0.744263 0.307813 0.199951 0.41875
1 0.094223 0.406348 0.188446 0.395117
1 0.680786 0.428223 0.280884 0.35918
0 0.199158 0.61875 0.398315 0.525
1 0.501366 0.817187 0.449295 0.289062
0 0.722443 0.125098 0.446716 0.209961
0 0.727997 0.764063 0.464172 0.471875
1 0.587257 0.821875 0.45842 0.309375
1 0.756561 0.850391 0.388 0.299219
0 0.814209 0.966406 0.371582 0.0671875
0 0.367966 0.0925781 0.433624 0.185156
0 0.820435 0.378516 0.222168 0.324219
0 0.823334 0.403516 0.353333 0.460156
0 0.812424 0.489941 0.375153 0.551367
0 0.72641 0.640625 0.438782 0.460938
0 0.218201 0.673047 0.436401 0.528906
1 0.85527 0.714453 0.289459 0.447656
0 0.780884 0.933984 0.438232 0.132031
0 0.0932312 0.355811 0.186462 0.388379
0 0.785522 0.383203 0.19043 0.267969
0 0.680786 0.428223 0.280884 0.35918
1 0.576843 0.491406 0.403076 0.435937
1 0.0934296 0.628125 0.186859 0.404687
0 0.203125 0.732813 0.40625 0.4375
0 0.222366 0.261133 0.444733 0.326172
0 0.801392 0.424902 0.274536 0.39707
1 0.911011 0.6375 0.177979 0.421875
0 0.853088 0.737891 0.293823 0.452344
0 0.335632 0.846875 0.367371 0.215625
0 0.953857 0.871094 0.0922852 0.257812
0 0.288818 0.914453 0.463379 0.171094
0 0.135582 0.0800293 0.271164 0.160059
0 0.215771 0.0450195 0.36985 0.0900391
0 0.863403 0.223828 0.273193 0.383594
1 0.837021 0.339844 0.325958 0.432813
0 0.732361 0.481348 0.417358 0.50293
0 0.147186 0.552734 0.294373 0.463281
0 0.77771 0.583691 0.44458 0.53418
0 0.169205 0.0478516 0.338409 0.0957031
0 0.0925369 0.180273 0.185074 0.360547
1 0.76886 0.132422 0.155518 0.160156
0 0.559784 0.122949 0.421326 0.245898
0 0.118622 0.4625 0.237244 0.496094
0 0.630798 0.702344 0.455444 0.501562
1 0.216614 0.769531 0.433228 0.401563
1 0.136673 0.846484 0.273346 0.307031
0 0.328144 0.0455078 0.359337 0.0910156
1 0.141434 0.231836 0.282867 0.391016
1 0.396729 0.224805 0.46814 0.379297
0 0.333054 0.688281 0.463776 0.520312
1 0.372131 0.76875 0.418152 0.31875
1 0.953857 0.871094 0.0922852 0.257812
0 0.53965 0.0458496 0.382248 0.0916992
0 0.858643 0.110156 0.282715 0.220313
1 0.538658 0.0979492 0.508011 0.195898
1 0.132507 0.4125 0.265015 0.424219
1 0.325516 0.565625 0.429657 0.453125
1 0.57843 0.5625 0.433228 0.495313
0 0.634766 0.560938 0.44751 0.479688
0 0.77771 0.714063 0.44458 0.504687
0 0.833847 0.701172 0.332306 0.553906
1 0.954254 0.0980469 0.0914917 0.196094
0 0.0894623 0.261523 0.178925 0.367578
0 0.401489 0.141211 0.368958 0.250391
0 0.412994 0.168945 0.435608 0.313672
1 0.197968 0.673437 0.395935 0.521875
1 0.528442 0.678125 0.441162 0.454688
1 0.431641 0.735937 0.457031 0.471875
0 0.0899582 0.775195 0.179916 0.383984
0 0.272503 0.849805 0.373817 0.234766
0 0.28009 0.249561 0.437988 0.373535
0 0.758545 0.422656 0.21582 0.351562
1 0.672455 0.763672 0.457825 0.450781
1 0.246716 0.777344 0.382545 0.328125
1 0.389587 0.798437 0.367371 0.25
1 0.44632 0.909375 0.468933 0.18125
0 0.119019 0.0618164 0.238037 0.123633
0 0.792786 0.160352 0.414429 0.320703
0 0.643494 0.118066 0.506226 0.236133
1 0.476471 0.114844 0.392761 0.229687
1 0.139053 0.303076 0.278107 0.354785
1 0.758545 0.422656 0.21582 0.351562
1 0.147186 0.552734 0.294373 0.463281
1 0.777985 0.642969 0.443542 0.475
1 0.0912476 0.723828 0.182495 0.402344
0 0.0912476 0.836328 0.182495 0.327344
1 0.86142 0.844141 0.277161 0.311719
0 0.0885696 0.907812 0.177139 0.184375
1 0.179222 0.874219 0.358444 0.251563
0 0.626831 0.0650391 0.434814 0.130078
0 0.726013 0.0769043 0.485596 0.153809
1 0.0894623 0.261523 0.178925 0.367578
0 0.832458 0.582812 0.335083 0.55
1 0.728394 0.71875 0.441162 0.509375
0 0.31897 0.771875 0.441956 0.44375
1 0.0912476 0.836328 0.182495 0.327344
0 0.760925 0.185156 0.0571289 0.0617188
1 0.0286884 0.366602 0.0573769 0.0910156
1 0.0278206 0.376563 0.0556412 0.0773437
1 0.759338 0.185547 0.0603027 0.0648438
0 0.752197 0.202344 0.0539551 0.05
1 0.969727 0.0279053 0.0605469 0.0558105
1 0.575256 0.241992 0.12854 0.132422
1 0.42688 0.0501465 0.121399 0.100293
0 0.760925 0.17583 0.0618896 0.0592773
1 0.766876 0.537891 0.135681 0.138281
1 0.85376 0.890625 0.161865 0.15
1 0.0279942 0.353906 0.0559883 0.071875
0 0.760529 0.195898 0.0690308 0.0832031
1 0.0294075 0.037793 0.058815 0.0755859
1 0.808533 0.625391 0.242798 0.163281
1 0.121201 0.271875 0.0606995 0.06875
1 0.441956 0.0439941 0.101562 0.0879883
1 0.461891 0.589063 0.202927 0.135937
1 0.443542 0.248437 0.125366 0.122656
1 0.508606 0.311523 0.106323 0.0886719
0 0.668091 0.201367 0.328491 0.350391
1 0.335632 0.934375 0.134888 0.125
0 0.385223 0.488184 0.349915 0.387695
0 0.321796 0.482812 0.343468 0.3875
0 0.728394 0.17334 0.322144 0.33418
1 0.825989 0.785937 0.201538 0.142188
0 0.686737 0.275195 0.32135 0.337891
0 0.270123 0.487598 0.354774 0.413867
0 0.522095 0.929688 0.367371 0.140625
0 0.61731 0.316357 0.347534 0.356348
0 0.757751 0.231836 0.295166 0.367578
0 0.507416 0.898438 0.272156 0.146875
0 0.459808 0.421484 0.349121 0.410937
0 0.433922 0.938281 0.33345 0.123438
1 0.964172 0.0519531 0.0716553 0.103906
0 0.796631 0.15918 0.328491 0.318359
0 0.521202 0.441016 0.327103 0.396094
0 0.230549 0.559766 0.343468 0.392969
0 0.467346 0.49541 0.375305 0.395117
0 0.0328541 0.0783203 0.0657082 0.156641
0 0.558594 0.375098 0.3396 0.345117
1 0.490356 0.914062 0.184082 0.171875
0 0.371536 0.944922 0.352692 0.110156
0 0.630798 0.38584 0.295166 0.336133
0 0.0547485 0.95 0.109497 0.1
0 0.610168 0.253516 0.357056 0.379687
0 0.181801 0.5625 0.363602 0.424219
0 0.433624 0.908594 0.296753 0.182812
0 0.692688 0.329688 0.32373 0.309375
1 0.270123 0.487598 0.354774 0.413867
1 0.321796 0.482812 0.343468 0.3875
0 0.971313 0.0878906 0.057373 0.175781
0 0.800598 0.196533 0.220581 0.335059
0 0.319366 0.553906 0.359436 0.353125
0 0.714508 0.162402 0.430847 0.324805
0 0.567322 0.44209 0.338013 0.361133
0 0.176842 0.495313 0.353683 0.454688
0 0.308308 0.935938 0.372032 0.128125
1 0.564148 0.925781 0.371338 0.148438
1 0.385223 0.488184 0.349915 0.387695
0 0.653809 0.131348 0.396729 0.262695
0 0.379669 0.9125 0.296753 0.175
0 0.12735 0.938281 0.2547 0.123438
0 0.758148 0.207031 0.0610962 0.0453125
0 0.0618401 0.0453125 0.12368 0.090625
0 0.842773 0.840625 0.314453 0.290625
0 0.845627 0.174414 0.273346 0.348828
0 0.875702 0.864844 0.248596 0.270312
0 0.779694 0.174609 0.440613 0.349219
0 0.691101 0.847852 0.357056 0.304297
0 0.145798 0.134473 0.291595 0.268945
1 0.668091 0.201367 0.328491 0.350391
0 0.380463 0.558594 0.370544 0.346875
0 0.952271 0.916406 0.095459 0.167187
1 0.616119 0.751562 0.184082 0.15625
0 0.55304 0.0429688 0.268188 0.0859375
0 0.599854 0.0512695 0.287231 0.102539
0 0.364147 0.421875 0.387306 0.475
1 0.176842 0.495313 0.353683 0.454688
1 0.507416 0.898438 0.272156 0.146875
1 0.48877 0.932813 0.334045 0.134375
0 0.754181 0.848047 0.391174 0.303906
0 0.13945 0.898438 0.2789 0.153125
0 0.839798 0.179297 0.320404 0.358594
0 0.837418 0.779688 0.325165 0.357812
0 0.252766 0.903125 0.296654 0.14375
0 0.210464 0.923437 0.382843 0.153125
0 0.62088 0.925 0.394348 0.15
0 0.81488 0.0980469 0.349121 0.196094
1 0.61731 0.316357 0.347534 0.356348
1 0.459808 0.421484 0.349121 0.410937
1 0.842773 0.840625 0.314453 0.290625
0 0.949097 0.892187 0.101807 0.215625
0 0.659363 0.0599121 0.288818 0.119824
0 0.316589 0.90625 0.245178 0.15
1 0.433922 0.938281 0.33345 0.123438
1 0.610168 0.253516 0.357056 0.379687
0 0.551453 0.298047 0.357056 0.401563
1 0.230549 0.559766 0.343468 0.392969
1 0.875702 0.864844 0.248596 0.270312
1 0.0328541 0.0783203 0.0657082 0.156641
0 0.505432 0.0396484 0.253906 0.0792969
1 0.971313 0.0878906 0.057373 0.175781
1 0.714508 0.162402 0.430847 0.324805
1 0.728394 0.17334 0.322144 0.33418
0 0.541931 0.881445 0.276123 0.237109
0 0.723236 0.0763672 0.305481 0.152734
0 0.555023 0.112109 0.336426 0.224219
0 0.863998 0.822852 0.272003 0.354297
1 0.686737 0.275195 0.32135 0.337891
0 0.557007 0.502734 0.417358 0.392969
1 0.181801 0.5625 0.363602 0.424219
0 0.114754 0.390625 0.229507 0.301562
0 0.634766 0.825781 0.331665 0.348437
0 0.580017 0.85293 0.353882 0.294141
1 0.653809 0.131348 0.396729 0.262695
0 0.829956 0.213623 0.209473 0.346191
0 0.782349 0.291016 0.311035 0.349219
1 0.371536 0.944922 0.352692 0.110156
0 0.105927 0.115625 0.211853 0.23125
1 0.839798 0.179297 0.320404 0.358594
0 0.139053 0.191992 0.278107 0.337891
0 0.822021 0.263086 0.304688 0.408203
0 0.70697 0.385938 0.322144 0.325781
0 0.298538 0.4125 0.410614 0.467187
0 0.860626 0.780469 0.278748 0.3875
1 0.55304 0.0429688 0.268188 0.0859375
1 0.599854 0.0512695 0.287231 0.102539
1 0.467346 0.49541 0.375305 0.395117
0 0.940369 0.873438 0.119263 0.253125
1 0.433624 0.908594 0.296753 0.182812
0 0.870941 0.906641 0.258118 0.186719
0 0.913391 0.173047 0.173218 0.346094
1 0.796631 0.15918 0.328491 0.318359
0 0.502357 0.105566 0.306076 0.211133
0 0.11763 0.15 0.23526 0.3
1 0.558594 0.375098 0.3396 0.345117
1 0.319366 0.553906 0.359436 0.353125
0 0.836426 0.701563 0.327148 0.417188
0 0.805359 0.801367 0.320557 0.269141
1 0.779694 0.174609 0.440613 0.349219
0 0.138657 0.288281 0.277313 0.344531
1 0.521202 0.441016 0.327103 0.396094
0 0.12487 0.47041 0.249741 0.363867
0 0.72403 0.774609 0.399109 0.317969
0 0.462189 0.0378906 0.23407 0.0757812
1 0.757751 0.231836 0.295166 0.367578
0 0.0928345 0.318359 0.185669 0.217969
0 0.144806 0.387891 0.289612 0.339063
0 0.922516 0.841406 0.154968 0.282813
1 0.691101 0.847852 0.357056 0.304297
1 0.308308 0.935938 0.372032 0.128125
0 0.935608 0.102441 0.128784 0.204883
0 0.909027 0.305078 0.181946 0.367188
0 0.858841 0.725 0.282318 0.401563
1 0.949097 0.892187 0.101807 0.215625
1 0.12735 0.938281 0.2547 0.123438
1 0.659363 0.0599121 0.288818 0.119824
0 0.436798 0.100391 0.294373 0.200781
1 0.551453 0.298047 0.357056 0.401563
0 0.904663 0.796094 0.190674 0.298438
1 0.524475 0.242188 0.230103 0.13125
1 0.505432 0.0396484 0.253906 0.0792969
0 0.0543518 0.140723 0.108704 0.281445
1 0.845627 0.174414 0.273346 0.348828
1 0.364147 0.421875 0.387306 0.475
1 0.113068 0.905469 0.226135 0.160938
1 0.379669 0.9125 0.296753 0.175
0 0.40863 0.0369385 0.237244 0.073877
0 0.862213 0.297998 0.275574 0.392285
1 0.12487 0.47041 0.249741 0.363867
1 0.754181 0.848047 0.391174 0.303906
1 0.0547485 0.95 0.109497 0.1
0 0.967743 0.168262 0.0645142 0.336523
1 0.862213 0.297998 0.275574 0.392285
0 0.115845 0.249561 0.231689 0.332129
1 0.940369 0.873438 0.119263 0.253125
1 0.935211 0.572656 0.129578 0.153125
0 0.378876 0.094043 0.288818 0.188086
0 0.833252 0.507129 0.333496 0.437305
0 0.464172 0.569922 0.434814 0.388281
0 0.653015 0.757812 0.347534 0.282813
1 0.800598 0.196533 0.220581 0.335059
1 0.8638 0.388672 0.2724 0.404687
1 0.630798 0.38584 0.295166 0.336133
1 0.380463 0.558594 0.370544 0.346875
0 0.839996 0.603516 0.320007 0.400781
1 0.837418 0.779688 0.325165 0.357812
0 0.156708 0.896094 0.313416 0.204688
1 0.952271 0.916406 0.095459 0.167187
1 0.191273 0.200049 0.158592 0.144434
0 0.088768 0.0370117 0.177536 0.0740234
1 0.81488 0.0980469 0.349121 0.196094
0 0.282471 0.101758 0.307861 0.203516
1 0.967743 0.168262 0.0645142 0.336523
1 0.145798 0.134473 0.291595 0.268945
1 0.692688 0.329688 0.32373 0.309375
0 0.8638 0.388672 0.2724 0.404687
1 0.863998 0.822852 0.272003 0.354297
0 0.118622 0.0374023 0.21225 0.0748047
0 0.356262 0.0367432 0.243591 0.0734863
1 0.723236 0.0763672 0.305481 0.152734
0 0.184479 0.105273 0.304688 0.210547
1 0.114754 0.390625 0.229507 0.301562
0 0.716492 0.453906 0.336426 0.391406
0 0.226929 0.649219 0.399109 0.375
0 0.891174 0.666016 0.217651 0.380469
0 0.818573 0.868555 0.362854 0.262891
0 0.598663 0.891406 0.348328 0.18125
0 0.951874 0.964063 0.0962524 0.071875
1 0.922516 0.841406 0.154968 0.282813
1 0.935608 0.102441 0.128784 0.204883
1 0.913391 0.173047 0.173218 0.346094
0 0.869354 0.198437 0.261292 0.396875
1 0.298538 0.4125 0.410614 0.467187
1 0.252766 0.903125 0.296654 0.14375
1 0.316589 0.90625 0.245178 0.15
1 0.598663 0.891406 0.348328 0.18125
1 0.462189 0.0378906 0.23407 0.0757812
0 0.915771 0.391016 0.168457 0.360156
0 0.0830154 0.432422 0.166031 0.328125
0 0.629211 0.505469 0.404663 0.407813
1 0.891174 0.666016 0.217651 0.380469
1 0.904663 0.796094 0.190674 0.298438
0 0.112572 0.860937 0.225143 0.278125
0 0.134987 0.894531 0.269974 0.210938
1 0.541931 0.881445 0.276123 0.237109
1 0.178329 0.924219 0.356659 0.151562
0 0.944733 0.20625 0.110535 0.388281
1 0.139053 0.191992 0.278107 0.337891
1 0.909027 0.305078 0.181946 0.367188
0 0.897522 0.621484 0.204956 0.328906
1 0.153633 0.9 0.300522 0.146875
1 0.0618401 0.0453125 0.12368 0.090625
0 0.161369 0.0373291 0.232285 0.0746582
0 0.308258 0.0369141 0.246765 0.0738281
1 0.11763 0.15 0.23526 0.3
0 0.835831 0.323047 0.328339 0.451562
0 0.447609 0.357812 0.394943 0.445312
1 0.897522 0.621484 0.204956 0.328906
0 0.792786 0.746484 0.414429 0.375781
1 0.860626 0.780469 0.278748 0.3875
1 0.580017 0.85293 0.353882 0.294141
1 0.567322 0.44209 0.338013 0.361133
0 0.108109 0.790625 0.216217 0.345313
1 0.634766 0.825781 0.331665 0.348437
0 0.529236 0.863477 0.297546 0.273047
0 0.832855 0.428516 0.33429 0.471875
1 0.134987 0.894531 0.269974 0.210938
0 0.21344 0.0366943 0.226135 0.0733887
1 0.829956 0.213623 0.209473 0.346191
0 0.898315 0.478809 0.203369 0.39707
0 0.55542 0.575879 0.466553 0.435742
0 0.861023 0.586719 0.277954 0.35625
0 0.30191 0.645312 0.468933 0.401563
1 0.858841 0.725 0.282318 0.401563
0 0.261444 0.0364258 0.230103 0.0728516
1 0.0543518 0.140723 0.108704 0.281445
0 0.799332 0.689844 0.401337 0.34375
1 0.40863 0.0369385 0.237244 0.073877
1 0.555023 0.112109 0.336426 0.224219
1 0.138657 0.288281 0.277313 0.344531
0 0.763306 0.410156 0.326904 0.371875
0 0.855469 0.523047 0.289062 0.4125
0 0.906647 0.58125 0.186707 0.296875
0 0.691498 0.725391 0.42926 0.316406
1 0.0311556 0.0159424 0.0575008 0.0318848
1 0.144806 0.387891 0.289612 0.339063
0 0.16375 0.640625 0.327499 0.403125
1 0.805359 0.801367 0.320557 0.269141
0 0.501068 0.898438 0.21344 0.1875
1 0.870941 0.906641 0.258118 0.186719
0 0.745056 0.926562 0.371338 0.146875
1 0.944733 0.20625 0.110535 0.388281
0 0.836823 0.232617 0.326355 0.434766
1 0.915771 0.391016 0.168457 0.360156
0 0.818054 0.461719 0.355469 0.435156
0 0.0884705 0.515625 0.176941 0.314063
1 0.906647 0.58125 0.186707 0.296875
1 0.684357 0.925781 0.391174 0.148438
0 0.394348 0.134375 0.332458 0.26875
1 0.115845 0.249561 0.231689 0.332129
1 0.0928345 0.318359 0.185669 0.217969
0 0.195538 0.397559 0.384926 0.411133
1 0.836426 0.701563 0.327148 0.417188
1 0.156708 0.896094 0.313416 0.204688
1 0.326508 0.578906 0.143616 0.147656
1 0.869354 0.198437 0.261292 0.396875
1 0.356262 0.0367432 0.243591 0.0734863
0 0.338013 0.132227 0.31897 0.264453
1 0.782349 0.291016 0.311035 0.349219
1 0.839996 0.603516 0.320007 0.400781
0 0.591919 0.770312 0.420532 0.332812
1 0.72403 0.774609 0.399109 0.317969
0 0.220581 0.899219 0.303894 0.198437
0 0.285248 0.899609 0.271362 0.200781
0 0.412598 0.892969 0.388794 0.214062
1 0.501068 0.898438 0.21344 0.1875
0 0.0649643 0.367969 0.129929 0.232812
0 0.74942 0.513965 0.397522 0.41582
0 0.760925 0.184375 0.0618896 0.0648438
1 0.0283413 0.366406 0.0566826 0.0890625
1 0.0270271 0.354297 0.0540543 0.0617188
0 0.761719 0.196533 0.0603027 0.0608398
1 0.0248947 0.383203 0.0497894 0.059375
0 0.760529 0.212109 0.0484009 0.0421875
0 0.754181 0.211719 0.0531616 0.0476562
0 0.757355 0.178711 0.0785522 0.0660156
0 0.189636 0.0397949 0.0757751 0.0701172
0 0.180065 0.0384277 0.0984879 0.0768555
1 0.760132 0.185352 0.0666504 0.0652344
1 0.0147781 0.394141 0.0295563 0.0414063
0 0.195934 0.05625 0.0580215 0.0433594
1 0.0328789 0.358594 0.0462189 0.0578125
1 0.761719 0.199561 0.0587158 0.0610352
0 0.192413 0.0520508 0.0690308 0.0560547
1 0.122589 0.279687 0.0559387 0.0589844
0 0.888794 0.116211 0.222412 0.232422
1 0.888794 0.116211 0.222412 0.232422
0 0.0536575 0.941406 0.107315 0.117188
0 0.113464 0.108008 0.226929 0.216016
0 0.241211 0.832031 0.0860901 0.0546875
0 0.427574 0.940625 0.341385 0.11875
0 0.861023 0.7375 0.277954 0.314063
0 0.379173 0.942969 0.344559 0.114063
0 0.796829 0.939844 0.364594 0.120312
0 0.533203 0.942187 0.352295 0.115625
0 0.854675 0.685156 0.290649 0.317187
0 0.0999756 0.935938 0.199951 0.128125
0 0.279694 0.948438 0.351501 0.103125
0 0.692291 0.940625 0.376892 0.11875
0 0.857056 0.942969 0.285889 0.114063
0 0.142326 0.959375 0.284653 0.08125
0 0.586365 0.947656 0.357056 0.104687
0 0.868561 0.825781 0.262878 0.334375
0 0.746246 0.205078 0.0706177 0.0550781
0 0.100174 0.596094 0.200348 0.238281
0 0.236797 0.6625 0.318275 0.317187
0 0.0995789 0.547656 0.199158 0.235938
0 0.85051 0.630078 0.298981 0.321094
0 0.296753 0.711719 0.320557 0.323438
0 0.0968018 0.140137 0.193604 0.24082
0 0.176147 0.945312 0.352295 0.109375
0 0.916565 0.0354248 0.16687 0.0708496
0 0.0944214 0.182471 0.188843 0.24834
0 0.0914459 0.235889 0.182892 0.239941
0 0.101364 0.640625 0.202728 0.23125
1 0.861023 0.7375 0.277954 0.314063
0 0.0959091 0.499219 0.191818 0.217969
1 0.854675 0.685156 0.290649 0.317187
1 0.142326 0.959375 0.284653 0.08125
0 0.873322 0.954297 0.253357 0.0914062
1 0.765289 0.177539 0.0722046 0.0625
0 0.729187 0.214453 0.0460205 0.0429688
0 0.234863 0.607813 0.31897 0.298438
0 0.240021 0.49375 0.329285 0.253125
0 0.867172 0.898047 0.265656 0.203906
1 0.427574 0.940625 0.341385 0.11875
0 0.0569305 0.0748535 0.113861 0.149707
0 0.887604 0.158789 0.224792 0.317578
0 0.23769 0.55 0.323631 0.271875
1 0.236797 0.6625 0.318275 0.317187
0 0.101761 0.685938 0.203522 0.23125
0 0.345551 0.758984 0.306274 0.324219
0 0.287033 0.836328 0.290009 0.327344
1 0.379173 0.942969 0.344559 0.114063
0 0.829285 0.131641 0.341431 0.263281
1 0.829285 0.131641 0.341431 0.263281
0 0.889587 0.721875 0.220825 0.340625
0 0.396729 0.754297 0.309448 0.313281
0 0.888 0.910156 0.223999 0.179688
0 0.889587 0.23042 0.220825 0.356348
0 0.0950165 0.279492 0.190033 0.211328
0 0.191223 0.507422 0.331665 0.273438
1 0.296753 0.711719 0.320557 0.323438
0 0.242352 0.747266 0.299232 0.317969
0 0.395836 0.807617 0.300125 0.328516
0 0.339005 0.839453 0.287628 0.321094
0 0.294968 0.878906 0.325714 0.242188
0 0.345352 0.883203 0.313812 0.233594
1 0.744263 0.939844 0.371338 0.120312
0 0.827103 0.18667 0.345795 0.308691
1 0.827103 0.18667 0.345795 0.308691
0 0.606201 0.24043 0.320557 0.319922
0 0.0912476 0.435156 0.182495 0.214062
0 0.289017 0.601562 0.32016 0.292188
1 0.85051 0.630078 0.298981 0.321094
1 0.533203 0.942187 0.352295 0.115625
0 0.0289612 0.0480469 0.0579224 0.0960938
0 0.0551453 0.0386719 0.110291 0.0773437
1 0.887604 0.158789 0.224792 0.317578
0 0.187851 0.558594 0.323334 0.3
0 0.193207 0.705469 0.316986 0.3
0 0.55304 0.23042 0.306274 0.300098
0 0.553833 0.303711 0.325317 0.322266
0 0.498688 0.348828 0.315002 0.330469
0 0.889587 0.626172 0.220825 0.350781
0 0.341583 0.655469 0.32135 0.314063
0 0.545502 0.657812 0.328491 0.3
0 0.106125 0.730469 0.21225 0.21875
1 0.586365 0.947656 0.357056 0.104687
1 0.832062 0.940234 0.335876 0.119531
0 0.0966034 0.336133 0.193207 0.216016
0 0.0906525 0.393359 0.181305 0.19375
1 0.240021 0.49375 0.329285 0.253125
1 0.23769 0.55 0.323631 0.271875
1 0.234863 0.607813 0.31897 0.298438
0 0.39901 0.651172 0.331863 0.308594
0 0.805954 0.646875 0.327301 0.314063
0 0.84436 0.657031 0.311279 0.34375
1 0.868561 0.825781 0.262878 0.334375
0 0.890381 0.85 0.219238 0.3
0 0.227921 0.83418 0.27652 0.316016
0 0.442749 0.8875 0.330872 0.225
1 0.279694 0.948438 0.351501 0.103125
1 0.916565 0.0354248 0.16687 0.0708496
1 0.113464 0.108008 0.226929 0.216016
0 0.608582 0.15625 0.307861 0.3125
0 0.24617 0.434766 0.34079 0.278906
0 0.147385 0.653906 0.294769 0.2875
1 0.147385 0.653906 0.294769 0.2875
0 0.543915 0.887109 0.338013 0.225781
1 0.0536575 0.941406 0.107315 0.117188
0 0.539551 0.0574219 0.293579 0.114844
0 0.587952 0.0623047 0.309448 0.124609
0 0.660156 0.160352 0.311035 0.320703
0 0.239426 0.380859 0.306671 0.263281
0 0.294571 0.482812 0.315399 0.242969
0 0.85051 0.534375 0.298981 0.30625
0 0.545105 0.603125 0.322144 0.314063
1 0.345551 0.758984 0.306274 0.324219
1 0.396729 0.754297 0.309448 0.313281
0 0.100075 0.785742 0.20015 0.219141
1 0.395836 0.807617 0.300125 0.328516
1 0.287033 0.836328 0.290009 0.327344
0 0.710541 0.877344 0.349915 0.245312
0 0.849518 0.888281 0.300964 0.223438
0 0.838806 0.0569824 0.322388 0.113965
1 0.149567 0.558594 0.299133 0.3
0 0.288818 0.540625 0.306274 0.242188
0 0.754578 0.641016 0.32373 0.294531
0 0.445824 0.705859 0.339798 0.338281
1 0.242352 0.747266 0.299232 0.317969
1 0.339005 0.839453 0.287628 0.321094
0 0.494324 0.0522461 0.284058 0.104492
0 0.447906 0.337695 0.312622 0.330078
0 0.549866 0.407031 0.317383 0.321875
0 0.193802 0.445215 0.341187 0.268945
0 0.150162 0.508691 0.300323 0.268555
1 0.191223 0.507422 0.331665 0.273438
0 0.649841 0.649609 0.31897 0.289844
0 0.441559 0.840625 0.315796 0.31875
0 0.240814 0.884961 0.330078 0.230078
0 0.810913 0.879297 0.330078 0.241406
0 0.653809 0.249658 0.334839 0.343652
0 0.592712 0.562109 0.311035 0.310937
1 0.289017 0.601562 0.32016 0.292188
0 0.489662 0.802344 0.306076 0.334375
0 0.851898 0.797656 0.296204 0.373437
0 0.53479 0.839063 0.299927 0.310937
0 0.107811 0.896875 0.215622 0.196875
0 0.650635 0.113477 0.333252 0.226953
1 0.606201 0.193408 0.306274 0.338965
0 0.299332 0.383203 0.324921 0.314063
0 0.549072 0.460059 0.309448 0.312695
1 0.150162 0.508691 0.300323 0.268555
0 0.697052 0.6 0.329285 0.307813
1 0.545502 0.657812 0.328491 0.3
1 0.890182 0.771875 0.219635 0.3375
0 0.494324 0.744922 0.319763 0.319531
0 0.603027 0.880859 0.355469 0.238281
1 0.0999756 0.935938 0.199951 0.128125
1 0.176147 0.945312 0.352295 0.109375
0 0.445526 0.0487793 0.293579 0.0975586
0 0.559387 0.153906 0.320557 0.307813
0 0.888794 0.323047 0.222412 0.346875
1 0.553833 0.303711 0.325317 0.322266
0 0.888199 0.419922 0.223602 0.327344
0 0.340591 0.59375 0.32254 0.2875
1 0.193207 0.705469 0.316986 0.3
0 0.709351 0.680859 0.325317 0.285156
0 0.699036 0.779492 0.309448 0.325391
0 0.690308 0.065332 0.322144 0.130664
1 0.55304 0.23042 0.306274 0.300098
0 0.827499 0.290625 0.345001 0.302344
0 0.182495 0.388184 0.292786 0.22207
0 0.14679 0.444434 0.293579 0.242383
0 0.500671 0.553125 0.31897 0.31875
0 0.545105 0.739062 0.314209 0.30625
0 0.60144 0.732813 0.322144 0.3
0 0.655396 0.727344 0.32373 0.296875
0 0.597473 0.787305 0.311035 0.316016
0 0.807739 0.783594 0.312622 0.354688
1 0.294968 0.878906 0.325714 0.242188
1 0.827499 0.290625 0.345001 0.302344
1 0.24617 0.434766 0.34079 0.278906
1 0.889389 0.674219 0.221222 0.348437
1 0.805954 0.646875 0.327301 0.314063
0 0.757751 0.725391 0.31897 0.317969
1 0.489662 0.802344 0.306076 0.334375
1 0.227921 0.83418 0.27652 0.316016
1 0.345352 0.883203 0.313812 0.233594
1 0.889587 0.23042 0.220825 0.356348
0 0.833252 0.343164 0.333496 0.300391
0 0.603821 0.357812 0.347534 0.301562
0 0.84079 0.388672 0.31842 0.297656
0 0.844955 0.438672 0.310089 0.295312
0 0.497597 0.450391 0.301315 0.303906
1 0.294571 0.482812 0.315399 0.242969
1 0.288818 0.540625 0.306274 0.242188
0 0.399902 0.587891 0.336426 0.296094
0 0.449196 0.589063 0.344162 0.323438
1 0.545105 0.603125 0.322144 0.314063
1 0.341583 0.655469 0.32135 0.314063
1 0.447906 0.655078 0.346741 0.322656
1 0.649841 0.649609 0.31897 0.289844
1 0.754578 0.641016 0.32373 0.294531
1 0.84436 0.657031 0.311279 0.34375
1 0.494324 0.744922 0.319763 0.319531
0 0.187702 0.790625 0.295067 0.301562
1 0.441559 0.840625 0.315796 0.31875
0 0.703003 0.829297 0.336426 0.341406
0 0.898315 0.922266 0.203369 0.155469
1 0.873322 0.954297 0.253357 0.0914062
1 0.0289612 0.0480469 0.0579224 0.0960938
1 0.650635 0.113477 0.333252 0.226953
1 0.660156 0.160352 0.311035 0.320703
0 0.710938 0.167676 0.331665 0.313086
0 0.464966 0.226123 0.331665 0.328223
0 0.353088 0.388281 0.330078 0.325
1 0.14679 0.444434 0.293579 0.242383
0 0.391968 0.0469727 0.27533 0.0939453
0 0.553833 0.121973 0.336426 0.243945
0 0.510986 0.186914 0.325317 0.346484
0 0.404266 0.287158 0.309448 0.336621
0 0.238235 0.324609 0.291595 0.253906
1 0.498688 0.348828 0.315002 0.330469
0 0.449989 0.394531 0.318771 0.323438
0 0.603027 0.411328 0.3396 0.304688
1 0.193802 0.445215 0.341187 0.268945
1 0.549072 0.506934 0.310242 0.306445
0 0.336823 0.537109 0.291199 0.229687
1 0.709351 0.680859 0.325317 0.285156
1 0.545105 0.739062 0.314209 0.30625
1 0.60144 0.732813 0.322144 0.3
1 0.655396 0.727344 0.32373 0.296875
1 0.757751 0.725391 0.31897 0.317969
1 0.890381 0.85 0.219238 0.3
1 0.53479 0.839063 0.299927 0.310937
0 0.194199 0.897656 0.344757 0.204688
0 0.743469 0.0623047 0.330078 0.124609
0 0.799805 0.0582031 0.350708 0.116406
1 0.838806 0.0569824 0.322388 0.113965
0 0.414085 0.185596 0.33345 0.353027
0 0.452271 0.538281 0.322144 0.28125
1 0.100174 0.596094 0.200348 0.238281
1 0.653809 0.78457 0.32373 0.327734
1 0.442749 0.8875 0.330872 0.225
1 0.543915 0.887109 0.338013 0.225781
1 0.710541 0.877344 0.349915 0.245312
1 0.867172 0.898047 0.265656 0.203906
1 0.888 0.910156 0.223999 0.179688
0 0.0563354 0.205859 0.112671 0.158984
1 0.0944214 0.182471 0.188843 0.24834
1 0.0914459 0.235889 0.182892 0.239941
1 0.74585 0.289062 0.361816 0.25
1 0.833252 0.343164 0.333496 0.300391
0 0.349319 0.321289 0.308258 0.290234
1 0.549866 0.407031 0.317383 0.321875
1 0.592712 0.562109 0.311035 0.310937
1 0.597473 0.787305 0.311035 0.316016
0 0.100174 0.837695 0.200348 0.208984
1 0.703003 0.829297 0.336426 0.341406
0 0.34317 0.0450195 0.283264 0.0900391
0 0.405853 0.120312 0.358643 0.240625
0 0.741882 0.119141 0.382446 0.238281
1 0.0968018 0.140137 0.193604 0.24082
1 0.653809 0.249658 0.334839 0.343652
0 0.74585 0.289062 0.361816 0.25
1 0.85051 0.534375 0.298981 0.30625
1 0.888794 0.570312 0.222412 0.34375
0 0.399902 0.536328 0.310242 0.242188
0 0.842773 0.557031 0.314453 0.323438
1 0.697052 0.6 0.329285 0.307813
1 0.187702 0.790625 0.295067 0.301562
1 0.749817 0.776563 0.303101 0.332812
0 0.172775 0.83125 0.270172 0.270312
0 0.0726509 0.0184082 0.145302 0.0368164
1 0.16008 0.122656 0.32016 0.245312
0 0.291992 0.117578 0.353882 0.235156
1 0.405853 0.120312 0.358643 0.240625
1 0.553833 0.121973 0.336426 0.243945
0 0.507019 0.121777 0.315796 0.243555
0 0.0564346 0.161719 0.112869 0.169141
0 0.157204 0.138965 0.314407 0.276758
0 0.307068 0.148828 0.336426 0.297656
1 0.559387 0.153906 0.320557 0.307813
0 0.242847 0.281055 0.288719 0.268359
1 0.456337 0.292188 0.318771 0.345313
0 0.651825 0.304102 0.351501 0.299609
0 0.762512 0.182471 0.055542 0.0545898
1 0.0287132 0.36543 0.0574265 0.0886719
0 0.754578 0.186914 0.0491943 0.0554687
1 0.760925 0.183398 0.055542 0.0578125
1 0.0271263 0.378516 0.0542526 0.0703125
0 0.756561 0.173047 0.0515747 0.0445312
0 0.742676 0.208789 0.0507812 0.0390625
1 0.858521 0.626562 0.139648 0.142188
1 0.0399704 0.973437 0.0799408 0.053125
1 0.0272503 0.354688 0.0545006 0.0726563
1 0.877563 0.595703 0.0968018 0.0898438
1 0.931519 0.5375 0.109497 0.090625
0 0.720062 0.213086 0.0420532 0.0351562
1 0.518127 0.58125 0.0507812 0.0484375
0 0.787109 0.189404 0.291992 0.236035
0 0.779175 0.276758 0.317383 0.283984
1 0.38205 0.240625 0.0698242 0.078125
0 0.77124 0.233154 0.285645 0.27666
0 0.714905 0.278516 0.345947 0.303906
0 0.797424 0.153931 0.150757 0.183545
0 0.782349 0.132031 0.311035 0.253125
0 0.710144 0.228467 0.32373 0.29541
0 0.77124 0.323828 0.331665 0.269531
0 0.709747 0.332031 0.349915 0.284375
0 0.77124 0.188477 0.072998 0.06875
1 0.46814 0.249219 0.155518 0.139062
1 0.872009 0.610156 0.117432 0.121875
0 0.0503349 0.951563 0.10067 0.096875
0 0.11396 0.110156 0.227921 0.220313
0 0.724426 0.173535 0.338013 0.286133
0 0.879272 0.287891 0.241455 0.269531
0 0.703796 0.378516 0.353882 0.275781
0 0.880859 0.236523 0.238281 0.25625
0 0.90863 0.923437 0.182739 0.153125
0 0.80278 0.1375 0.381256 0.275
0 0.884232 0.268945 0.231537 0.393359
0 0.895142 0.131348 0.209717 0.262695
0 0.836029 0.142969 0.327942 0.285937
0 0.879074 0.335547 0.241852 0.267969
1 0.714905 0.278516 0.345947 0.303906
1 0.779175 0.276758 0.317383 0.283984
0 0.884827 0.351221 0.230347 0.386621
1 0.77124 0.233154 0.285645 0.27666
0 0.760925 0.372656 0.353882 0.276563
0 0.919739 0.0562012 0.160522 0.112402
0 0.841858 0.156348 0.163452 0.16543
1 0.787109 0.189404 0.291992 0.236035
1 0.710144 0.228467 0.32373 0.29541
1 0.709747 0.332031 0.349915 0.284375
0 0.657776 0.257812 0.32373 0.300781
0 0.0936279 0.646875 0.187256 0.234375
0 0.0311184 0.0446289 0.0622368 0.0892578
0 0.702209 0.429297 0.349121 0.259375
0 0.851105 0.642578 0.297791 0.283594
0 0.827301 0.178711 0.345398 0.357422
0 0.882248 0.1875 0.235504 0.250781
0 0.118225 0.948828 0.23645 0.102344
0 0.0322342 0.106836 0.0644684 0.213672
1 0.884232 0.268945 0.231537 0.393359
1 0.77124 0.323828 0.331665 0.269531
0 0.88562 0.450391 0.22876 0.392188
0 0.848724 0.59375 0.302551 0.253125
0 0.0957108 0.600391 0.191422 0.252344
1 0.0503349 0.951563 0.10067 0.096875
0 0.833252 0.935938 0.333496 0.128125
0 0.758545 0.427734 0.36499 0.274219
0 0.0936279 0.500391 0.187256 0.248437
0 0.739105 0.940625 0.356262 0.11875
0 0.657379 0.204492 0.308655 0.291797
1 0.884827 0.351221 0.230347 0.386621
0 0.094223 0.55 0.188446 0.25
0 0.0940247 0.697656 0.188049 0.24375
0 0.825989 0.266211 0.250732 0.239453
0 0.83226 0.376563 0.33548 0.31875
0 0.841858 0.323828 0.266602 0.217969
1 0.703796 0.378516 0.353882 0.275781
0 0.74823 0.489746 0.360229 0.28457
0 0.0927353 0.407813 0.185471 0.247656
0 0.889587 0.541309 0.220825 0.362695
0 0.838211 0.550781 0.323578 0.276563
0 0.0999756 0.746484 0.199951 0.246094
0 0.39286 0.827344 0.310837 0.270312
0 0.473793 0.95 0.348923 0.1
0 0.0548477 0.0376465 0.109695 0.075293
0 0.81012 0.217383 0.192017 0.216797
0 0.653809 0.329492 0.338013 0.306641
0 0.909424 0.901953 0.181152 0.196094
0 0.581604 0.946094 0.352295 0.107813
0 0.0850487 0.261133 0.170097 0.248047
0 0.649048 0.382129 0.34436 0.30293
0 0.891174 0.666797 0.217651 0.332031
0 0.443939 0.82793 0.308655 0.278516
0 0.148773 0.964844 0.297546 0.0703125
1 0.895142 0.131348 0.209717 0.262695
1 0.11396 0.110156 0.227921 0.220313
1 0.879272 0.287891 0.241455 0.269531
0 0.0862885 0.300781 0.172577 0.225781
0 0.0960083 0.361133 0.192017 0.257422
0 0.342377 0.832812 0.315002 0.279687
0 0.0970001 0.114355 0.194 0.228711
0 0.706177 0.139453 0.345947 0.278906
0 0.281082 0.329102 0.343964 0.297266
0 0.27771 0.481641 0.34436 0.314844
0 0.377686 0.680859 0.328491 0.289844
0 0.85527 0.699219 0.289459 0.289062
0 0.190826 0.784375 0.312622 0.295312
0 0.189041 0.821875 0.279694 0.28125
0 0.327103 0.952344 0.34079 0.0953125
1 0.919739 0.0562012 0.160522 0.112402
0 0.695068 0.479688 0.34436 0.25625
0 0.476471 0.678125 0.307068 0.285937
0 0.531219 0.679688 0.317383 0.29375
1 0.90863 0.923437 0.182739 0.153125
1 0.782349 0.132031 0.311035 0.253125
1 0.880859 0.236523 0.238281 0.25625
0 0.829163 0.169922 0.180908 0.124219
0 0.281727 0.382031 0.344261 0.303906
0 0.229656 0.530469 0.34684 0.310937
0 0.279694 0.635938 0.335632 0.307813
0 0.377289 0.741016 0.336426 0.299219
0 0.0922394 0.798437 0.184479 0.239063
0 0.239624 0.824219 0.295166 0.2875
0 0.178528 0.947656 0.357056 0.104687
0 0.909424 0.967969 0.181152 0.0640625
0 0.431641 0.123438 0.377686 0.246875
0 0.834442 0.224805 0.331116 0.301172
1 0.879074 0.335547 0.241852 0.267969
0 0.330673 0.530469 0.346344 0.308594
0 0.281082 0.582031 0.334442 0.3125
0 0.587158 0.677734 0.320557 0.294531
0 0.186462 0.73125 0.313416 0.290625
0 0.438782 0.13623 0.335632 0.272461
0 0.0957108 0.15752 0.191422 0.268555
0 0.595886 0.197998 0.280884 0.274316
0 0.333847 0.275195 0.346344 0.299609
0 0.228168 0.427344 0.340294 0.296875
0 0.894348 0.505078 0.211304 0.272656
0 0.74585 0.539844 0.355469 0.289062
0 0.147781 0.677734 0.295563 0.294531
0 0.183289 0.681641 0.324127 0.297656
0 0.696259 0.671875 0.326111 0.295312
0 0.289017 0.786719 0.339996 0.3
0 0.289215 0.869727 0.308655 0.260547
0 0.0556412 0.0728516 0.111282 0.145703
0 0.333649 0.121484 0.384033 0.242969
0 0.529335 0.119141 0.377487 0.238281
0 0.0932312 0.212695 0.186462 0.282031
0 0.494324 0.259766 0.32373 0.227734
0 0.603424 0.253174 0.315002 0.234277
0 0.175354 0.480078 0.3396 0.3125
0 0.473694 0.735156 0.299927 0.285937
0 0.689911 0.723437 0.310242 0.309375
0 0.889984 0.772266 0.220032 0.302344
0 0.436401 0.870313 0.291992 0.259375
1 0.0315399 0.972656 0.0630798 0.0546875
1 0.904541 0.625 0.19043 0.146875
0 0.234467 0.136328 0.337219 0.272656
1 0.797424 0.153931 0.150757 0.183545
0 0.500572 0.169434 0.341385 0.286133
0 0.485497 0.21875 0.298538 0.265625
0 0.840393 0.300781 0.319214 0.401563
0 0.441856 0.272656 0.341385 0.274219
0 0.382347 0.329688 0.342972 0.295312
1 0.888992 0.467578 0.222015 0.302344
0 0.179123 0.579687 0.331268 0.314063
0 0.377686 0.582031 0.329285 0.303125
0 0.583984 0.733984 0.309448 0.294531
0 0.633972 0.728125 0.303101 0.298438
0 0.435608 0.782812 0.322144 0.279687
0 0.693085 0.829687 0.288025 0.278125
0 0.889587 0.860547 0.220825 0.278906
0 0.382843 0.874219 0.291199 0.251563
0 0.890381 0.957031 0.219238 0.0859375
0 0.233276 0.277344 0.345947 0.29375
0 0.146591 0.728125 0.293182 0.285937
0 0.283264 0.7375 0.341187 0.303125
0 0.233276 0.867773 0.288025 0.264453
0 0.697449 0.873242 0.29834 0.253516
0 0.880661 0.953125 0.238678 0.09375
0 0.227722 0.124219 0.380066 0.248437
0 0.339996 0.135352 0.34436 0.270703
0 0.539551 0.129883 0.314209 0.259766
0 0.390778 0.172852 0.354675 0.291797
0 0.386314 0.224805 0.346146 0.301172
0 0.178329 0.329688 0.324524 0.292969
0 0.180115 0.382812 0.333252 0.291406
1 0.760925 0.372656 0.353882 0.276563
0 0.147285 0.427344 0.294571 0.286719
0 0.332062 0.429688 0.349915 0.302344
1 0.702209 0.429297 0.349121 0.259375
0 0.426483 0.478223 0.345154 0.301367
0 0.149368 0.526563 0.298737 0.298438
0 0.427773 0.529297 0.339401 0.300781
0 0.473297 0.578516 0.319763 0.288281
0 0.798019 0.582031 0.339996 0.273438
0 0.425987 0.635938 0.323929 0.303125
0 0.529633 0.735937 0.313416 0.295312
0 0.644287 0.782031 0.322144 0.29375
0 0.48629 0.862891 0.282669 0.274219
0 0.285248 0.174609 0.345154 0.295312
1 0.724426 0.173535 0.338013 0.286133
0 0.539154 0.210938 0.289612 0.270312
0 0.545502 0.254883 0.313416 0.213281
0 0.578827 0.630078 0.315002 0.300781
0 0.799011 0.674219 0.325317 0.3
0 0.744263 0.719922 0.306274 0.314844
0 0.547485 0.829687 0.299133 0.290625
0 0.745056 0.828125 0.295166 0.284375
0 0.282272 0.225586 0.350311 0.304297
1 0.839478 0.280859 0.241211 0.228125
1 0.841858 0.323828 0.266602 0.217969
0 0.821152 0.466504 0.357697 0.323242
0 0.525963 0.528906 0.315994 0.295312
0 0.139053 0.821094 0.278107 0.282813
0 0.599854 0.831055 0.306274 0.287891
0 0.178528 0.871094 0.270569 0.248437
0 0.736328 0.0450195 0.291992 0.0900391
0 0.637146 0.11748 0.380859 0.234961
1 0.882248 0.1875 0.235504 0.250781
0 0.483315 0.324609 0.314011 0.264844
1 0.758545 0.427734 0.36499 0.274219
0 0.14798 0.782031 0.295959 0.2875
0 0.796631 0.827344 0.299927 0.292188
0 0.890381 0.888281 0.219238 0.223438
0 0.607788 0.164258 0.31897 0.280859
0 0.541138 0.320703 0.325317 0.266406
1 0.83226 0.376563 0.33548 0.31875
1 0.74823 0.489746 0.360229 0.28457
1 0.848724 0.59375 0.302551 0.253125
0 0.746643 0.622656 0.333252 0.2875
0 0.540741 0.783594 0.313416 0.2875
0 0.647858 0.870313 0.299133 0.259375
0 0.0249443 0.75 0.0330276 0.0320312
0 0.683167 0.0464844 0.309448 0.0929687
0 0.796631 0.0467773 0.287231 0.0935547
0 0.150658 0.137695 0.301315 0.275391
0 0.653015 0.134766 0.322144 0.269531
0 0.382545 0.38125 0.345749 0.299219
0 0.6427 0.483594 0.34436 0.289844
0 0.577637 0.575391 0.306274 0.288281
0 0.861618 0.797656 0.276764 0.295312
0 0.905457 0.829687 0.189087 0.25625
0 0.845825 0.869922 0.303101 0.260156
0 0.888794 0.910156 0.222412 0.179688
0 0.074337 0.017041 0.148674 0.034082
0 0.0322342 0.149023 0.0644684 0.218359
0 0.142227 0.326367 0.284454 0.285547
0 0.531219 0.47666 0.331665 0.291992
0 0.796631 0.775781 0.311035 0.317187
0 0.846344 0.782031 0.307312 0.323438
0 0.101761 0.853125 0.203522 0.210938
1 0.118225 0.948828 0.23645 0.102344
0 0.541039 0.371484 0.336624 0.269531
0 0.693481 0.576172 0.336426 0.284375
1 0.87439 0.583594 0.0856934 0.0640625
1 0.0311184 0.0446289 0.0622368 0.0892578
0 0.847336 0.0779785 0.305328 0.155957
0 0.592712 0.12832 0.304688 0.256641
0 0.181751 0.177295 0.342674 0.299316
0 0.17952 0.232227 0.350708 0.305859
0 0.150162 0.274219 0.300323 0.284375
0 0.484108 0.369141 0.326706 0.255469
0 0.8396 0.379004 0.320801 0.274805
0 0.479347 0.428906 0.334641 0.288281
0 0.583984 0.529688 0.32373 0.295312
0 0.633575 0.574219 0.316589 0.2875
1 0.851105 0.642578 0.297791 0.283594
0 0.845352 0.721875 0.309296 0.321875
0 0.708557 0.899609 0.325317 0.200781
0 0.880661 0.187891 0.238678 0.375781
1 0.39286 0.827344 0.310837 0.270312
0 0.864594 0.878516 0.270813 0.242969
1 0.148773 0.964844 0.297546 0.0703125
0 0.590332 0.426465 0.358643 0.30332
1 0.909424 0.901953 0.181152 0.196094
1 0.657776 0.257812 0.32373 0.300781
0 0.90625 0.775 0.1875 0.248437
1 0.909424 0.967969 0.181152 0.0640625
1 0.841858 0.156348 0.163452 0.16543
0 0.806152 0.898438 0.317383 0.203125
1 0.431641 0.123438 0.377686 0.246875
1 0.657379 0.204492 0.308655 0.291797
1 0.695068 0.479688 0.34436 0.25625
1 0.892365 0.626562 0.215271 0.326562
1 0.0936279 0.646875 0.187256 0.234375
1 0.443939 0.82793 0.308655 0.278516
0 0.13707 0.870313 0.274139 0.240625
0 0.11525 0.898438 0.230499 0.203125
0 0.603821 0.9 0.31897 0.2
0 0.626038 0.0455566 0.32373 0.0911133
0 0.0313416 0.200391 0.0626831 0.218359
1 0.281082 0.329102 0.343964 0.297266
1 0.838211 0.550781 0.323578 0.276563
1 0.342377 0.832812 0.315002 0.279687
1 0.883636 0.162109 0.232727 0.324219
1 0.529335 0.119141 0.377487 0.238281
1 0.80278 0.1375 0.381256 0.275
1 0.829163 0.169922 0.180908 0.124219
1 0.281727 0.382031 0.344261 0.303906
1 0.27771 0.481641 0.34436 0.314844
1 0.0298042 0.368359 0.0596085 0.1
0 0.760529 0.183545 0.0595093 0.0618164
1 0.0278702 0.384473 0.0557404 0.0669922
1 0.377586 0.243945 0.100174 0.106641
1 0.649048 0.932813 0.122192 0.1125
1 0.448303 0.242383 0.134888 0.137109
1 0.329285 0.929688 0.141235 0.134375
1 0.760529 0.184717 0.0626831 0.0633789
1 0.0560379 0.314063 0.112076 0.128125
1 0.312424 0.267578 0.096405 0.090625
1 0.613342 0.582031 0.136475 0.126563
1 0.405357 0.109863 0.17952 0.125195
0 0.766479 0.183252 0.0507812 0.0514648
1 0.664917 0.675781 0.0872803 0.0890625
1 0.39048 0.317187 0.0918427 0.0863281
1 0.621277 0.858594 0.134888 0.129688
1 0.373917 0.588281 0.136078 0.128125
0 0.743866 0.203125 0.06427 0.053125
0 0.77243 0.178516 0.0579224 0.0582031
0 0.765289 0.17207 0.0626831 0.0566406
1 0.933105 0.538281 0.117432 0.096875
1 0.872803 0.771484 0.133301 0.132031
1 0.0242996 0.394141 0.0485992 0.0523437
1 0.618896 0.928906 0.141235 0.129688
0 0.719666 0.2125 0.0460205 0.0433594
1 0.027523 0.386816 0.0550461 0.0560547
1 0.64032 0.591406 0.139648 0.132812
1 0.00189686 0.364453 0.00379372 0.115625
1 1 0 0 0
1 0.0282173 0.36875 0.0564346 0.0992187
0 0.764099 0.185156 0.0634766 0.065625
0 0.756165 0.190283 0.0587158 0.0694336
0 0.738312 0.210742 0.0428467 0.0402344
0 0.733551 0.215625 0.0444336 0.040625
1 0.0256386 0.354297 0.0512772 0.071875
1 0.373322 0.249805 0.118225 0.117578
0 0.72641 0.214453 0.0420532 0.040625
1 0.0664024 0.465625 0.0802383 0.084375
0 0.746643 0.214453 0.0452271 0.0453125
0 0.752991 0.179102 0.0587158 0.0546875
1 0.442352 0.242969 0.12616 0.129688
1 0.651031 0.932813 0.111877 0.109375
1 0.325714 0.93125 0.138855 0.128125
0 0.737122 0.219141 0.055542 0.0445312
1 0.763306 0.182373 0.0650635 0.0641602
0 0.749817 0.222266 0.0460205 0.05
1 0.243591 0.39375 0.0968018 0.0929687
1 0.648254 0.716406 0.119019 0.114063
1 0.221375 0.678906 0.0491943 0.0625
1 0.227325 0.768359 0.118622 0.108594
0 0.711731 0.209766 0.0301514 0.0449219
0 0.837891 0.982813 0.055542 0.034375
0 0.840271 0.972266 0.0571289 0.0554687
1 0.763702 0.715625 0.0769653 0.0773437
0 0.0276718 0.362891 0.0553436 0.0851562
1 0.609375 0.857813 0.130127 0.121875
1 0.117134 0.523047 0.104935 0.107031
1 0.943542 0.925 0.112915 0.121875
1 0.241806 0.685938 0.0916443 0.0789063
1 0.323334 0.103711 0.115051 0.123438
1 0.0191174 0.6875 0.0382347 0.0546875
1 0.233871 0.695312 0.0781555 0.0867188
1 0.0123482 0.370703 0.0246964 0.105469
1 0.772034 0.716797 0.0968018 0.0945313
0 0.837097 0.98125 0.0650635 0.0375
0 0.720856 0.212891 0.0420532 0.0453125
1 0.30925 0.864062 0.132904 0.125
1 0.437988 0.114355 0.108704 0.116016
1 0.33345 0.740625 0.144012 0.13125
1 0.350708 0.166309 0.132507 0.119727
0 0.761719 0.184033 0.0603027 0.0616211
1 0.0278702 0.368555 0.0557404 0.0957031
0 0.772034 0.179688 0.0571289 0.0601562
1 0.174511 0.041748 0.11277 0.0834961
0 0.765686 0.173438 0.0587158 0.05625
1 0.652222 0.713281 0.115845 0.0992187
1 0.761719 0.184033 0.0603027 0.0616211
0 0.742676 0.201172 0.0484009 0.0476562
0 0.762512 0.183984 0.0634766 0.0660156
1 0.0288372 0.367578 0.0576744 0.0953125
0 0.759735 0.193555 0.0579224 0.0605469
0 0.754578 0.178955 0.0650635 0.0647461
0 0.77243 0.180469 0.0674438 0.0679687
1 0.317184 0.259375 0.0860901 0.078125
1 0.657776 0.717188 0.12854 0.121875
1 0.653015 0.930469 0.125366 0.120312
0 0.726013 0.210938 0.0476074 0.0476562
0 0.745056 0.199219 0.0476074 0.0539063
1 0.762512 0.183984 0.0634766 0.0660156
1 0.028986 0.367578 0.057972 0.0960938
0 0.763306 0.184961 0.0618896 0.0625
1 0.199554 0.396094 0.0507812 0.0492188
0 0.752991 0.17832 0.0666504 0.0621094
1 0.762909 0.184961 0.0610962 0.0640625
1 0.202332 0.0459473 0.0547485 0.0547852
1 0.199505 0.037793 0.0596085 0.0667969
1 0.189041 0.397656 0.0484009 0.046875
0 0.773621 0.179492 0.0650635 0.0679687
0 0.202332 0.0459473 0.0547485 0.0547852
0 0.201141 0.0546875 0.0531616 0.0383789
0 0.760132 0.182422 0.0603027 0.0601562
1 0.028614 0.368945 0.0572281 0.0933594
0 0.755371 0.172168 0.0587158 0.0501953
0 0.74704 0.2 0.0507812 0.0445312
1 0.314804 0.260156 0.0726013 0.06875
0 0.770844 0.176758 0.0579224 0.059375
1 0.758545 0.182227 0.0603027 0.0589844
1 0.315796 0.249023 0.0666504 0.0535156
0 0.762512 0.183789 0.0634766 0.0652344
1 0.0287628 0.36875 0.0575256 0.0921875
1 0.0297794 0.365625 0.0595589 0.1
0 0.762512 0.182812 0.0618896 0.0628906
0 0.759338 0.174805 0.0603027 0.0558594
1 0.757751 0.183252 0.0634766 0.0631836
1 0.028862 0.367578 0.057724 0.0953125
0 0.761719 0.185156 0.0634766 0.0621094
1 0.324921 0.507422 0.0618896 0.059375
1 0.060216 0.308984 0.0959835 0.0964844
1 0.0514755 0.30625 0.102951 0.107813
1 0.32254 0.736719 0.120605 0.114063
1 0.280487 0.242969 0.0658569 0.0617188
1 0.173767 0.0426758 0.117828 0.0853516
1 0.585571 0.753906 0.131714 0.132812
1 0.761719 0.183594 0.0650635 0.0625
1 0.196381 0.754687 0.0968018 0.104687
1 0.0292339 0.366797 0.0584679 0.0945313
0 0.763702 0.185889 0.0674438 0.0649414
0 0.761322 0.174805 0.0579224 0.0535156
0 0.756561 0.181055 0.0610962 0.0613281
0 0.773621 0.179639 0.0618896 0.0641602
1 0.761719 0.184961 0.0666504 0.065625
1 0.651031 0.715625 0.119019 0.107031
1 0.380959 0.244727 0.0918427 0.0878906
1 0.0280437 0.366602 0.0560875 0.0941406
0 0.762512 0.184961 0.0650635 0.0652344
0 0.839478 0.976562 0.0571289 0.046875
1 0.762909 0.184033 0.0658569 0.0655273
1 0.0301018 0.365234 0.0602036 0.0945313
0 0.761322 0.185205 0.0626831 0.0624023
1 0.655396 0.716406 0.119019 0.109375
1 0.581604 0.758984 0.111084 0.114844
1 0.528442 0.578125 0.0777588 0.0726563
1 0.448303 0.343359 0.0809326 0.100781
1 0.758545 0.183936 0.0634766 0.0633789
1 0.0295067 0.365039 0.0590134 0.0957031
0 0.763702 0.185107 0.0674438 0.0688477
1 0.0293827 0.364258 0.0587654 0.0996094
0 0.761719 0.185547 0.0618896 0.0625
0 0.839478 0.978906 0.0523682 0.0421875
1 0.215027 0.757812 0.083313 0.078125
1 0.328888 0.511719 0.0579224 0.05625
0 0.759735 0.177734 0.0563354 0.0546875
1 0.516541 0.580078 0.0666504 0.0640625
1 0.303696 0.348633 0.120209 0.105859
1 0.762512 0.184424 0.0618896 0.0616211
1 0.910095 0.533594 0.0666504 0.0640625
1 0.607788 0.665625 0.117432 0.107813
1 0.449097 0.238281 0.115845 0.111719
1 0.610962 0.196289 0.0491943 0.0472656
0 0.714111 0.208789 0.0380859 0.0382813
1 0.0318127 0.523828 0.0636253 0.0796875
1 0.170494 0.34082 0.103348 0.112891
1 0.866455 0.460156 0.0761719 0.0734375
1 0.580811 0.75625 0.106323 0.103125
0 0.761719 0.186523 0.0634766 0.0628906
1 0.0277214 0.365625 0.0554428 0.0921875
0 0.760132 0.174512 0.0571289 0.0494141
0 0.199158 0.0543457 0.0452271 0.0415039
0 0.753387 0.182471 0.0595093 0.0577148
0 0.83313 0.976953 0.0491943 0.0460938
0 0.842651 0.974609 0.0634766 0.0507812
0 0.0280685 0.365234 0.0561371 0.0898438
1 0.0293083 0.366797 0.0586166 0.0945313
0 0.762512 0.185107 0.0634766 0.0641602
1 0.0294571 0.365234 0.0589142 0.0953125
0 0.762512 0.185498 0.0618896 0.0633789
0 0.754578 0.189844 0.0618896 0.0652344
0 0.760925 0.185352 0.0666504 0.0667969
1 0.0289364 0.367578 0.0578728 0.0984375
1 0.431641 0.346484 0.0952148 0.0914062
0 0.756561 0.1875 0.0499878 0.0585938
0 0.760925 0.183008 0.0698242 0.0683594
1 0.0300026 0.368945 0.0600052 0.0964844
1 1 0.971875 0 0.05625
1 1 0.989453 0 0.0210938
0 0.763702 0.183154 0.06427 0.0633789
1 0.0298042 0.366797 0.0596085 0.0953125
0 0.761719 0.174414 0.0603027 0.0546875
0 0.755371 0.187109 0.0634766 0.0660156
1 0.0668488 0.30957 0.133698 0.129297
1 0.76886 0.522656 0.126953 0.125
1 0.0294075 0.365625 0.058815 0.0929687
0 0.760132 0.185986 0.0634766 0.0639648
0 0.722839 0.209375 0.0507812 0.0460938
0 0.751801 0.17832 0.0626831 0.0605469
1 0.0295315 0.366406 0.059063 0.0921875
0 0.762512 0.186279 0.0634766 0.0633789
1 0.0601044 0.303516 0.120209 0.126563
1 0.0650635 0.160449 0.096405 0.0970703
1 0.0202827 0.692969 0.0405655 0.0734375
1 0.0346642 0.0346924 0.0693283 0.0693848
1 0.483215 0.308594 0.0531616 0.0609375
1 0.472504 0.307422 0.0547485 0.0523437
1 0.0303993 0.367188 0.0607986 0.0929687
0 0.762909 0.185596 0.0626831 0.0639648
1 0.762512 0.185547 0.0634766 0.0625
1 0.0271263 1 0.0542526 0
1 0.0301018 0.366797 0.0602036 0.09375
0 0.762512 0.184033 0.0618896 0.0616211
1 0.586365 0.753516 0.134888 0.132031
1 0.879944 0.75625 0.101562 0.101562
1 0.761719 0.185107 0.0618896 0.0649414
1 0.0684357 0.166016 0.0983887 0.0921875
1 0.0290852 0.368945 0.0581703 0.0957031
0 0.761719 0.184766 0.0618896 0.0613281
1 0.465759 0.311328 0.0682373 0.059375
1 0.344757 0.271484 0.051178 0.0523437
1 0.460999 0.31875 0.0618896 0.0632813
1 0.907715 0.532422 0.0666504 0.0617188
1 0.486389 0.301562 0.0650635 0.0625
0 0.0285149 0.368945 0.0570297 0.0957031
1 0.0685349 0.163281 0.0930328 0.0875
0 0.764099 0.183936 0.0634766 0.0633789
1 0.028738 0.366602 0.057476 0.0949219
0 1 0.953125 0 0.065625
0 1 0.965625 0 0.065625
0 1 0.971875 0 0.05625
0 1 0.978125 0 0.04375
0 1 0.939062 0 0.065625
0 1 0.989062 0 0.021875
0 1 0.926562 0 0.06875
0 1 0.55 0 0.075
0 1 0.9125 0 0.071875
0 0.3638 1 0.0682373 0
0 0.377686 1 0.0674438 0
0 0.392365 1 0.0666504 0
0 0.753387 0.207031 0.0523682 0.046875
0 0.40744 1 0.0682373 0
0 0.991943 1 0.0161133 0
0 1 0.8375 0 0.075
0 0.340988 1 0.0741882 0
0 0.421326 1 0.0714111 0
0 1 0.997656 0 0.0046875
1 0.166031 0.0148682 0.0769653 0.0297363
0 0.984802 1 0.0303955 0
1 0.444336 0.0193359 0.092041 0.0386719
1 0.739502 1 0.0825195 0
0 0.972107 1 0.0557861 0
1 0.030201 0.365625 0.0604019 0.0945313
0 0.761322 0.18457 0.06427 0.0644531
1 0.0703201 0.15752 0.0858917 0.0830078
1 0.342972 0.272852 0.0527649 0.0535156
1 0.444336 0.0248535 0.0991821 0.049707
1 0.252716 0.344141 0.0531616 0.0554687
1 0.0307713 0.366406 0.0615425 0.100781
0 0.762115 0.184814 0.0626831 0.0624023
0 0.0301514 0.366016 0.0603027 0.100781
1 0.0291348 0.366016 0.0582695 0.0929687
0 0.763306 0.185547 0.0650635 0.0652344
1 0.0314655 0.363672 0.0629311 0.096875
0 0.763306 0.185596 0.0650635 0.0639648
0 0.0311928 0.364648 0.0623856 0.101953
1 0.0309448 0.366406 0.0618896 0.0984375
0 0.762512 0.186328 0.0650635 0.065625
1 0.342773 0.267969 0.0531616 0.0570313
1 0.313019 0.258008 0.0674438 0.0652344
1 0.326904 0.2625 0.0722046 0.0597656
0 0.0297298 0.364453 0.0594597 0.096875
1 0.322144 0.245508 0.0666504 0.0535156
1 0.395538 0.291211 0.0539551 0.0496094
1 0.402184 0.293359 0.062088 0.0640625
1 0.0309448 0.367578 0.0618896 0.0960938
0 0.763306 0.18457 0.0682373 0.0664062
1 0.238831 0.846875 0.10434 0.115625
1 0.0300522 0.367188 0.0601044 0.0921875
0 0.762512 0.185547 0.0634766 0.0632813
0 0.0305481 0.367188 0.0610962 0.0945313
1 0.0318375 0.367188 0.0636749 0.096875
0 0.762512 0.184814 0.0666504 0.0663086
0 0.0304985 0.367188 0.060997 0.0984375
1 0.030077 0.366211 0.060154 0.0949219
0 0.763306 0.185352 0.0650635 0.0667969
1 0.0261097 0.384766 0.0522194 0.0546875
1 0.313812 0.256641 0.078949 0.0710938
1 0.0313416 0.36875 0.0626831 0.100781
0 0.761322 0.186133 0.0690308 0.0707031
0 0.0320854 0.368164 0.0641708 0.105078
1 0 0.953906 0 0.0921875
1 0 0.235742 0 0.123828
1 0.761719 0.186328 0.0666504 0.06875
1 0 0.560156 0 0.123438
1 0 0.910937 0 0.13125
1 0 0.470313 0 0.11875
1 0 0.170996 0 0.116992
1 0.0311928 0.366797 0.0623856 0.0960938
0 0.760925 0.182812 0.0650635 0.0636719
1 0.0302505 0.365234 0.0605011 0.0960938
0 0.761719 0.185547 0.0666504 0.0679687
1 0.583191 0.751562 0.114258 0.1125
0 0.762115 0.185547 0.0690308 0.06875
1 0.0296307 0.364062 0.0592613 0.0992187
0 0.760529 0.206445 0.0563354 0.0488281
0 0.760132 0.185742 0.0650635 0.0667969
1 0.030201 0.366406 0.0604019 0.0945313
0 0.754578 0.205859 0.0499878 0.0445312
0 0.761322 0.184961 0.0658569 0.065625
1 0.0295315 0.366797 0.059063 0.0914062
0 0.752991 0.208594 0.0491943 0.0421875
1 0.636353 0.202295 0.0674438 0.0649414
1 0.66095 0.20625 0.114258 0.0816406
1 0.629211 0.203857 0.0491943 0.0633789
1 0.0284901 0.365625 0.0569801 0.090625
0 0.762512 0.184326 0.0682373 0.0672852
0 0.757751 0.205078 0.0571289 0.0484375
1 0.0282421 0.366016 0.0564842 0.090625
0 0.762512 0.185742 0.0666504 0.0679687
1 0.02911 0.366016 0.0582199 0.09375
0 0.761719 0.185498 0.0634766 0.0633789
1 0.028738 0.365625 0.057476 0.0921875
0 0.760925 0.185937 0.0650635 0.0660156
1 0.0309448 0.0286865 0.0618896 0.057373
1 0.0296059 0.368555 0.0592117 0.0917969
0 0.761719 0.186523 0.0650635 0.0652344
1 0.0705185 0.160156 0.0926361 0.0863281
1 0.0293579 0.367969 0.0587158 0.09375
0 0.760132 0.186279 0.0650635 0.0665039
1 0.233723 0.848437 0.126854 0.121875
1 0.0360031 0.525 0.0720062 0.09375
1 0.958618 0.731641 0.0827637 0.119531
1 0.0409622 0.0456055 0.0819244 0.0912109
1 0.0302505 0.366406 0.0605011 0.0976562
0 0.761719 0.184961 0.0618896 0.0628906
1 0.029953 0.365625 0.059906 0.096875
0 0.760925 0.184717 0.0650635 0.0649414
1 0.0698242 0.158789 0.0892639 0.084375
1 0.0302258 0.36543 0.0604515 0.0964844
0 0.760925 0.184766 0.0634766 0.0648438
1 0.0303497 0.365234 0.0606995 0.0976562
0 0.760132 0.183984 0.0634766 0.0652344
1 0.0290108 0.366016 0.0580215 0.090625
0 0.761719 0.184375 0.0603027 0.0617188
1 0.464569 0.846875 0.0666504 0.0640625
1 0.49115 0.857031 0.0618896 0.059375
0 0.756958 0.195117 0.0507812 0.0546875
1 0.445923 0.845312 0.0618896 0.0625
1 0.0303249 0.366602 0.0606499 0.0949219
0 0.762512 0.187109 0.0634766 0.0648438
0 0.759338 0.207422 0.055542 0.0414063
1 0.0306969 0.367578 0.0613937 0.0953125
0 0.760925 0.185498 0.0682373 0.0688477
1 0.0348625 0.0436035 0.069725 0.087207
1 0.0302753 0.367578 0.0605507 0.0921875
0 0.761719 0.185937 0.0634766 0.0652344
1 0.4729 0.853906 0.0809326 0.071875
1 0.484802 0.857813 0.0666504 0.065625
1 0.225143 0.768359 0.118225 0.117969
1 0.220383 0.7625 0.0979919 0.0984375
1 0.0309448 0.364453 0.0618896 0.09375
0 0.761322 0.184033 0.0610962 0.0600586
1 0.224201 0.770312 0.120506 0.120312
1 0.468933 0.85625 0.0666504 0.065625
1 0.758942 0.184961 0.0610962 0.0625
1 0.0301514 0.365625 0.0603027 0.0953125
0 0.761322 0.184326 0.0626831 0.0625977
1 0.116043 0.274219 0.0690308 0.075
0 0.760925 0.198877 0.055542 0.0545898
1 0.0296555 0.364453 0.0593109 0.09375
0 0.759338 0.186133 0.0650635 0.0644531
0 0.885498 0.973437 0.0476074 0.053125
0 0.760132 0.201172 0.0539551 0.05
1 0.636353 0.200781 0.0682373 0.0738281
0 0.89502 0.975781 0.0444336 0.0484375
1 0.660156 0.218408 0.106323 0.115527
0 0.85376 0.975 0.0698242 0.05
1 0.22197 0.761719 0.0932312 0.090625
1 0.0309944 0.365234 0.0619888 0.0945313
0 0.761322 0.18418 0.0658569 0.065625
1 0.438782 0.343359 0.0928345 0.0828125
1 0.0298042 0.36582 0.0596085 0.0933594
0 0.760132 0.185986 0.0682373 0.0694336
1 0.441261 0.0515625 0.136276 0.103125
1 0.029953 0.366406 0.059906 0.09375
0 0.760529 0.185107 0.0674438 0.0688477
1 0.225937 0.759766 0.121002 0.117969
1 0.44751 0.0467285 0.126953 0.093457
1 0.0314407 0.364844 0.0628815 0.0929687
0 0.761719 0.184717 0.0634766 0.0641602
1 0.432037 0.8375 0.06427 0.065625
1 0.584381 0.750781 0.118225 0.109375
1 0.434814 0.85 0.0682373 0.071875
1 0.46814 0.319531 0.0777588 0.078125
1 0.0301514 0.367188 0.0603027 0.090625
0 0.760925 0.186133 0.0666504 0.0683594
1 0.222614 0.772266 0.110191 0.113281
1 0.316986 0.398047 0.0547485 0.059375
1 0.236649 0.840625 0.108307 0.1
1 0.125664 0.266602 0.0839081 0.0691406
1 0.0291843 0.365234 0.0583687 0.090625
0 0.760132 0.185742 0.0682373 0.0683594
1 0.0299034 0.364258 0.0598068 0.0933594
0 0.760925 0.185986 0.0634766 0.0647461
1 0.761322 0.186328 0.06427 0.0652344
1 0.0302258 0.366406 0.0604515 0.0921875
0 0.759338 0.187109 0.0634766 0.065625
1 0.03092 0.36875 0.0618401 0.0921875
0 0.760925 0.183594 0.0634766 0.0636719
1 0.0667 0.161523 0.0943222 0.0921875
1 0.0296307 0.365625 0.0592613 0.0914062
0 0.760132 0.184961 0.0666504 0.0648438
1 0.331467 0.312109 0.0622864 0.059375
1 0.0305481 0.365625 0.0610962 0.0945313
0 0.760925 0.183203 0.0634766 0.0636719
1 0.439575 0.354102 0.104736 0.109766
1 0.438782 0.332617 0.0936279 0.0816406
1 0.0295563 0.365625 0.0591125 0.0914062
0 0.759338 0.185107 0.0650635 0.0657227
1 0.029953 0.367188 0.059906 0.0898438
0 0.760529 0.186328 0.0610962 0.0601562
1 0.526062 0.580859 0.0936279 0.0929687
1 0.437592 0.346484 0.0975952 0.0914062
1 0.220184 0.222852 0.083313 0.0785156
1 0.446716 0.0460938 0.123779 0.0921875
1 0.653809 0.717188 0.114258 0.115625
1 0.81488 0.625781 0.072998 0.0601562
1 0.848999 0.432813 0.0856934 0.0890625
1 0.0372925 0.528125 0.074585 0.0921875
1 0.0299282 0.367773 0.0598564 0.0902344
0 0.760529 0.183789 0.0610962 0.0613281
1 0.124176 0.274023 0.0666504 0.071875
1 0.44989 0.0361572 0.110291 0.0723145
1 0.0363998 0.529688 0.0727997 0.0914062
1 0.440369 0.350977 0.0809326 0.0847656
1 0.0296059 0.367578 0.0592117 0.0914062
0 0.760529 0.186328 0.0610962 0.0601562
0 0.760925 0.183789 0.0634766 0.0636719
1 0.030077 0.366016 0.060154 0.0929687
1 0.0108604 0.955469 0.0217209 0.0890625
1 0.316788 0.345703 0.107513 0.115625
1 0.0308704 0.363867 0.0617409 0.0933594
0 0.760529 0.185547 0.06427 0.0625
0 0.754578 0.192969 0.0491943 0.0621094
1 0.656189 0.706641 0.117432 0.108594
0 0.760132 0.184961 0.0650635 0.0636719
1 0.0302505 0.368164 0.0605011 0.0949219
1 0.0312424 0.365234 0.0624847 0.0929687
0 0.760132 0.183594 0.0634766 0.0648438
1 0.0315151 0.366992 0.0630302 0.0949219
0 0.761719 0.18418 0.0650635 0.0644531
1 0.0314407 0.366406 0.0628815 0.09375
0 0.760925 0.185156 0.0634766 0.0625
1 0.0312176 0.366602 0.0624352 0.0933594
0 0.760925 0.185547 0.0634766 0.0621094
1 0.0312424 0.367578 0.0624847 0.09375
0 0.760132 0.186328 0.0618896 0.0625
0 0.756561 0.203516 0.0531616 0.0453125
1 0.0305233 0.367578 0.0610466 0.0914062
0 0.760132 0.185889 0.0634766 0.0649414
1 0.0309696 0.367578 0.0619392 0.0921875
0 0.759338 0.185596 0.0634766 0.0631836
1 0.388397 0.327734 0.0904541 0.0929687
1 0.0302505 0.367188 0.0605011 0.090625
0 0.758545 0.185889 0.0634766 0.0625977
1 0.0297794 0.367773 0.0595589 0.0917969
0 0.757751 0.185352 0.0618896 0.0621094
1 0.0305233 0.367188 0.0610466 0.0929687
0 0.758545 0.185352 0.0634766 0.0644531
0 0.758545 0.187158 0.0650635 0.0655273
1 0.03092 0.367969 0.0618401 0.0929687
1 0.756958 0.187891 0.0650635 0.0652344
1 0.030201 0.36875 0.0604019 0.0898438
0 0.757751 0.1875 0.0650635 0.0671875
1 0.433624 0.577344 0.0896606 0.0890625
1 0.436401 0.845312 0.0793457 0.096875
1 0.757751 0.187939 0.0650635 0.0655273
1 0.458221 0.85625 0.116638 0.10625
1 0.587158 0.753125 0.12854 0.128125
1 0.200943 0.214648 0.139648 0.112891
1 0.02911 0.367969 0.0582199 0.0890625
0 0.758545 0.185596 0.0634766 0.0647461
1 0.0283413 0.026416 0.0566826 0.052832
1 0.758545 0.186328 0.0650635 0.0644531
1 0.0303001 0.367969 0.0606003 0.090625
0 0.758545 0.185156 0.0634766 0.0652344
1 0.450287 0.037085 0.112671 0.0741699
1 0.0379372 0.529688 0.0758743 0.104687
1 0.0329781 0.0286865 0.0659561 0.057373
1 0.0307713 0.368359 0.0615425 0.0898438
0 0.760132 0.183594 0.0650635 0.0648438
1 0.039772 0.529688 0.0795441 0.0984375
1 0.454651 0.0384766 0.109497 0.0769531
1 0.444336 0.352734 0.101562 0.104687
1 0.644287 0.714063 0.112671 0.109375
0 0.847412 0.998047 0.0666504 0.00390625
1 0.0346146 0.0296875 0.0692291 0.059375
1 0.652618 0.205469 0.100769 0.0949219
1 0.438782 0.570312 0.0841064 0.0882813
1 0.463776 0.322656 0.0912476 0.0855469
0 0.898987 1 0.0714111 0
0 0.950562 1 0.072998 0
0 0.758545 0.186523 0.0618896 0.0628906
1 0.0291595 0.369141 0.0583191 0.090625
1 0.0336475 0.0306885 0.0672951 0.061377
1 0.0286388 0.366602 0.0572777 0.0894531
0 0.759338 0.184961 0.0618896 0.0628906
1 0.451477 0.0304443 0.106323 0.0608887
1 0.028986 0.0271973 0.057972 0.0543945
1 0.0203819 0.960156 0.0407639 0.0796875
1 0.330475 0.306836 0.072998 0.0695312
1 0.382347 0.238281 0.0874786 0.0894531
1 0.00717831 0.963281 0.0143566 0.0734375
0 0.847412 0.999219 0.0634766 0.0015625
1 0.0293083 0.368164 0.0586166 0.0917969
0 0.759338 0.18418 0.0634766 0.0625
1 0.035408 0.527734 0.070816 0.102344
1 0.380066 0.322266 0.0769653 0.0835937
1 0.0290604 0.368555 0.0581207 0.0886719
0 0.757355 0.186133 0.0610962 0.0628906
1 0.0283909 0.0242676 0.0567818 0.0485352
1 0.44989 0.037207 0.112671 0.0744141
1 0.0298538 0.367188 0.0597076 0.090625
0 0.758545 0.185596 0.0618896 0.0624023
1 0.740295 0.722656 0.0666504 0.065625
1 0.171982 0.0250244 0.0892639 0.0500488
1 0.449493 0.034668 0.110291 0.0693359
1 0.385719 0.31875 0.0743866 0.0710938
1 0.0291595 0.0254639 0.0583191 0.0509277
1 0.436401 0.578516 0.0841064 0.0757812
1 0.0404663 0.0319336 0.0809326 0.0638672
1 0.642303 0.202344 0.0753784 0.071875
0 0.956116 0.989062 0.0603027 0.021875
1 0.0295811 0.368359 0.0591621 0.0890625
0 0.758942 0.185547 0.06427 0.065625
0 0.752991 0.198242 0.046814 0.0511719
1 0.386414 0.328711 0.0825195 0.0859375
1 0.433624 0.352734 0.109497 0.109375
1 0.450287 0.0346924 0.113464 0.0693848
1 0.0320358 0.367188 0.0640717 0.0945313
0 0.758942 0.185107 0.0626831 0.0625977
0 0.335434 1 0.0726013 0
0 0.311829 1 0.074585 0
0 0.324524 1 0.078949 0
0 0.360626 1 0.0706177 0
0 0.476471 1 0.0722046 0
0 0.501465 1 0.0714111 0
1 0.030201 0.366016 0.0604019 0.0929687
0 0.758545 0.186523 0.0634766 0.0625
1 0.0310192 0.365625 0.0620384 0.0921875
0 0.759338 0.184424 0.0634766 0.0631836
1 0.0312672 0.366406 0.0625343 0.0921875
0 0.758942 0.184375 0.06427 0.0648438
0 0.757751 0.185742 0.0634766 0.0636719
1 0.0314407 0.367578 0.0628815 0.0914062
1 0.0309696 0.367578 0.0619392 0.0914062
0 0.757355 0.185937 0.0626831 0.0628906
0 0.757751 0.186279 0.0650635 0.0649414
1 0.0305481 0.366602 0.0610962 0.0902344
1 0.452271 0.0338623 0.10791 0.0677246
1 0.0316887 0.36582 0.0633774 0.0933594
0 0.757751 0.185742 0.0650635 0.065625
1 0.0319118 0.366406 0.0638237 0.0921875
0 0.758545 0.185742 0.0650635 0.065625
1 0.902161 0.540625 0.0507812 0.059375
1 0.000458717 0.957031 0.000917435 0.0859375
1 0.379372 0.0436523 0.11882 0.0873047
1 0.453064 0.0343262 0.104736 0.0686523
1 0.909302 0.536719 0.0634766 0.071875
1 0.0308704 0.367188 0.0617409 0.0898438
0 0.758942 0.18457 0.06427 0.0652344
1 0.902954 0.535156 0.0539551 0.0640625
1 0.910095 0.532422 0.0666504 0.0726563
1 0.0317879 0.366016 0.0635757 0.0921875
0 0.760132 0.183936 0.0650635 0.0665039
1 0.439575 0.573438 0.0817261 0.0804688
1 0.032259 0.367578 0.064518 0.0953125
0 0.760529 0.183984 0.06427 0.0648438
0 0.754181 0.170703 0.0484009 0.0476562
1 0.454651 0.0327637 0.0999756 0.0655273
1 0.0313663 0.366797 0.0627327 0.0929687
0 0.758545 0.185205 0.0634766 0.0647461
1 0.600647 0.851562 0.118225 0.114063
1 0.0309448 0.368359 0.0618896 0.09375
0 0.756958 0.187061 0.0666504 0.0665039
1 0.575256 0.617188 0.0968018 0.096875
1 0.599854 0.853906 0.120605 0.11875
1 0.586761 0.747266 0.107117 0.108594
1 0.0314903 0.367578 0.0629807 0.0945313
0 0.757751 0.184961 0.0666504 0.0660156
1 0.0216217 0.955469 0.0432434 0.0890625
1 0.0313168 0.366992 0.0626335 0.0925781
0 0.758942 0.185205 0.0658569 0.0663086
1 0.0305233 0.368164 0.0610466 0.0894531
0 0.759338 0.185742 0.0666504 0.0675781
1 0.030201 0.36875 0.0604019 0.0921875
0 0.759338 0.184766 0.0666504 0.0660156
1 0.0300026 0.368359 0.0600052 0.0914062
0 0.758545 0.185352 0.0650635 0.0660156
1 0.0303001 0.366016 0.0606003 0.0914062
0 0.757751 0.186914 0.0618896 0.0664062
1 0.578827 0.616406 0.0888672 0.0890625
1 0.0309944 0.368555 0.0619888 0.0917969
0 0.758148 0.185742 0.0626831 0.0644531
1 0.0314407 0.367969 0.0628815 0.0953125
0 0.757751 0.185205 0.0634766 0.0647461
1 0.578033 0.615625 0.0960083 0.0984375
1 0.584778 0.751562 0.109497 0.109375
1 0.219788 0.214648 0.10791 0.114063
1 0.201191 0.213232 0.137962 0.124316
1 0.319366 0.351953 0.13092 0.121094
1 0.177338 0.209766 0.116638 0.124609
1 0.0761471 0.475781 0.10915 0.104687
1 0.0316143 0.366992 0.0632286 0.0917969
0 0.757355 0.186133 0.0658569 0.0652344
1 0.586365 0.750781 0.0991821 0.0953125
1 0.868835 0.592969 0.0856934 0.0796875
1 0.0314903 0.367773 0.0629807 0.0910156
0 0.760925 0.185986 0.0666504 0.0663086
1 0.586365 0.750781 0.103149 0.103125
1 0.464569 0.795508 0.0753784 0.0746094
1 0.733948 0.9625 0.117432 0.075
1 0.597473 0.850781 0.115845 0.117188
1 0.0309448 0.365625 0.0618896 0.0914062
0 0.760925 0.185156 0.0650635 0.0644531
1 0.57843 0.613281 0.0936279 0.0953125
1 0.446716 0.789844 0.0960083 0.0875
0 0.422119 1 0.0841064 0
1 0.459412 0.795313 0.0761719 0.0765625
0 0.330475 1 0.083313 0
0 0.421722 1 0.0928345 0
1 0.0307713 0.366406 0.0615425 0.090625
0 0.759735 0.184375 0.0626831 0.0613281
1 0.443146 0.351953 0.107117 0.109375
1 0.386314 0.327734 0.0890656 0.0890625
1 0.453461 0.340039 0.0880737 0.0933594
1 0.0342674 0.147754 0.0685349 0.0783203
1 0.188793 0.20918 0.124672 0.114844
1 0.223755 0.222266 0.0872803 0.0828125
1 0.57843 0.6125 0.0872803 0.0921875
1 0.321747 0.0988037 0.0825195 0.086377
1 0.499878 0.76875 0.114258 0.125
1 0.0303249 0.367188 0.0606499 0.0898438
0 0.759338 0.185352 0.0634766 0.0632813
1 0.715698 0.432813 0.0793457 0.0765625
1 0.0307217 0.367578 0.0614433 0.0898438
0 0.758545 0.183984 0.0634766 0.0636719
1 0.584778 0.739062 0.0888672 0.0828125
1 0.439178 0.351172 0.110291 0.108594
1 0.0718079 0.473437 0.102753 0.101562
1 0.0308952 0.366992 0.0617905 0.0902344
0 0.757751 0.185156 0.0634766 0.0628906
1 0.032135 0.366602 0.06427 0.0949219
0 0.758942 0.185889 0.06427 0.0649414
1 0.0314159 0.364062 0.0628319 0.0953125
0 0.759338 0.18457 0.0634766 0.0640625
1 0.449097 0.794531 0.0777588 0.0828125
1 0.437592 0.569922 0.0841064 0.0851562
1 0.600647 0.853906 0.123779 0.123438
1 0.441162 0.785937 0.092041 0.1
1 0.434021 0.718359 0.0841064 0.102344
1 0.618103 0.925 0.12854 0.140625
1 0.0314655 0.365625 0.0629311 0.09375
0 0.756958 0.185889 0.0650635 0.0649414
1 0.0313416 0.368164 0.0626831 0.0933594
0 0.760925 0.185107 0.0650635 0.0665039
1 0.580017 0.616406 0.0936279 0.0953125
1 0.437988 0.569531 0.0817261 0.084375
0 0.761719 0.185498 0.0666504 0.0665039
1 0.0317631 0.368359 0.0635262 0.0960938
1 0.0315647 0.366211 0.0631294 0.0925781
0 0.761322 0.18418 0.06427 0.0660156
1 0.0553932 0.166797 0.103844 0.0917969
1 0.223755 0.222266 0.0817261 0.0789063
1 0.0320606 0.368359 0.0641212 0.0921875
0 0.761719 0.184961 0.0650635 0.0652344
1 0.0317879 0.366406 0.0635757 0.0945313
0 0.760132 0.185156 0.0650635 0.0660156
1 0.445129 0.341797 0.114258 0.102344
1 0.451477 0.0284912 0.106323 0.0569824
1 0.584778 0.753906 0.122192 0.125
1 0.319366 0.925 0.125366 0.121875
1 0.498688 0.778906 0.131714 0.14375
1 0.0307713 0.365625 0.0615425 0.0929687
0 0.759338 0.18457 0.0650635 0.0652344
1 0.452271 0.0323242 0.101562 0.0646484
1 0.0313416 0.367188 0.0626831 0.09375
0 0.757751 0.184766 0.0650635 0.0652344
1 0.0307217 0.367578 0.0614433 0.09375
0 0.759735 0.185352 0.0658569 0.0652344
1 0.0309944 0.367188 0.0619888 0.09375
0 0.759338 0.185156 0.0650635 0.065625
1 0.585968 0.750781 0.113464 0.11875
1 0.578827 0.616016 0.0936279 0.09375
1 0.496307 0.772656 0.119812 0.129688
1 0.0310192 0.36582 0.0620384 0.0917969
0 0.761719 0.184961 0.0650635 0.0652344
1 0.57843 0.616797 0.0968018 0.0984375
1 0.0307713 0.366992 0.0615425 0.0925781
0 0.758545 0.185547 0.0650635 0.0648438
1 0.575653 0.617969 0.0904541 0.0898438
1 0.0309448 0.366797 0.0618896 0.0921875
0 0.761322 0.185547 0.06427 0.0640625
1 0.0311928 0.367188 0.0623856 0.09375
0 0.760529 0.18418 0.06427 0.0640625
1 0.57605 0.6125 0.0936279 0.0945313
1 0.460999 0.32832 0.0690308 0.0746094
1 0.312622 0.920313 0.123779 0.117188
1 0.0316143 0.366406 0.0632286 0.09375
0 0.760132 0.185352 0.0650635 0.0644531
1 0.575256 0.614844 0.0968018 0.096875
1 0.0315399 0.36582 0.0630798 0.0933594
0 0.761719 0.18418 0.0650635 0.0652344
1 0.0307465 0.36875 0.0614929 0.0914062
0 0.758942 0.182812 0.06427 0.0636719
1 0.579224 0.618359 0.0856934 0.0851562
1 0.0319366 0.367969 0.0638733 0.09375
0 0.762115 0.184717 0.06427 0.0649414
1 0.0321598 0.367969 0.0643196 0.09375
0 0.760925 0.185596 0.0650635 0.0647461
1 0.736725 0.719531 0.0714111 0.075
1 0.0309696 0.369336 0.0619392 0.0925781
0 0.762512 0.184766 0.0634766 0.0640625
1 0.308456 0.935938 0.108307 0.128125
1 0.031168 0.366016 0.062336 0.0929687
0 0.762512 0.18418 0.0666504 0.0660156
1 0.308655 0.937109 0.115051 0.125781
1 0.374313 0.0492676 0.123383 0.0985352
1 0.459412 0.332812 0.0912476 0.096875
1 0.434021 0.568359 0.0841064 0.0882813
1 0.588348 0.751172 0.124573 0.130469
1 0.0308952 0.367578 0.0617905 0.0914062
0 0.760925 0.184033 0.0650635 0.0655273
1 0.466156 0.332812 0.0785522 0.0898438
1 0.736725 0.715625 0.0682373 0.06875
1 0.0313168 0.366992 0.0626335 0.0925781
0 0.759735 0.184375 0.0658569 0.065625
1 0.57605 0.618359 0.092041 0.0921875
1 0.587952 0.753125 0.103149 0.10625
1 0.0308952 0.366406 0.0617905 0.0929687
0 0.760925 0.185156 0.0666504 0.0660156
1 0.434418 0.570312 0.0904541 0.0890625
1 0.588745 0.753125 0.122192 0.120312
1 0.861694 0.6 0.0968018 0.096875
1 0.518921 0.322266 0.0952148 0.0914062
1 0.575256 0.615234 0.0999756 0.102344
1 0.303101 0.935938 0.116638 0.125
1 0.505432 0.649219 0.126953 0.117188
1 0.600647 0.85625 0.130127 0.128125
1 0.459412 0.332617 0.0896606 0.0871094
1 0.528442 0.644141 0.109497 0.117969
1 0.495514 0.773438 0.123779 0.13125
1 0.868835 0.748438 0.106323 0.0921875
1 0.17099 0.203955 0.119812 0.124121
1 0.591919 0.230859 0.134888 0.140234
1 0.828369 0.595703 0.0634766 0.084375
1 0.320557 0.722656 0.119019 0.117188
1 0.457031 0.797656 0.0888672 0.0890625
1 0.599457 0.671875 0.122986 0.116406
1 0.652618 0.711719 0.115051 0.103125
1 0.520508 0.630078 0.0983887 0.0929687
1 0.44989 0.789062 0.10791 0.107813
1 0.735931 0.717578 0.0722046 0.0757812
1 0.451874 0.71875 0.13092 0.128125
1 0.44751 0.0393066 0.114258 0.0786133
1 0.466553 0.80293 0.0944214 0.106641
1 0.434814 0.882031 0.072998 0.075
1 0.372726 0.0495117 0.126556 0.0990234
1 0.437592 0.346094 0.10791 0.104687
1 0.430054 0.670313 0.0856934 0.084375
1 0.51297 0.213232 0.110291 0.104785
1 0.713715 0.429688 0.0864868 0.08125
1 0.441162 0.800195 0.092041 0.0871094
1 0.386414 0.327344 0.0904541 0.0976562
1 0.0305481 0.366797 0.0610962 0.0921875
0 0.760925 0.185498 0.0650635 0.0641602
1 0.432831 0.570312 0.0912476 0.0875
1 0.495117 0.774219 0.12854 0.135937
1 0.575256 0.616406 0.0968018 0.0984375
1 0.588745 0.750781 0.125366 0.129688
1 0.599854 0.854688 0.133301 0.13125
1 0.306274 0.9375 0.10791 0.125
1 0.864868 0.596094 0.104736 0.0984375
1 0.502258 0.652344 0.131714 0.124219
1 0.459412 0.332227 0.0904541 0.0949219
1 0.518127 0.323047 0.0888672 0.0882813
1 0.172131 0.204736 0.117531 0.12334
1 0.370346 0.0494141 0.125763 0.0988281
1 0.598663 0.671484 0.119812 0.115625
1 0.0318871 0.366406 0.0637741 0.0921875
0 0.761322 0.18457 0.06427 0.0640625
1 0.573669 0.617969 0.0999756 0.101562
1 0.495911 0.766406 0.123779 0.11875
1 0.296753 0.948438 0.100769 0.103125
1 0.0316143 0.365625 0.0632286 0.0929687
0 0.761322 0.183984 0.06427 0.0648438
1 0.573669 0.619531 0.0999756 0.100781
1 0.0318127 0.365625 0.0636253 0.0929687
0 0.763306 0.184766 0.0666504 0.065625
1 0.572083 0.618359 0.104736 0.103125
1 0.433624 0.568359 0.0904541 0.0890625
1 0.298538 0.944141 0.110687 0.111719
1 0.0311928 0.366016 0.0623856 0.09375
0 0.760925 0.183984 0.0650635 0.0644531
1 0.498291 0.778906 0.126953 0.139062
1 0.434021 0.567969 0.0872803 0.0890625
1 0.300125 0.945312 0.106323 0.109375
1 0.519318 0.653125 0.126953 0.120312
1 0.574463 0.61875 0.0999756 0.0984375
1 0.170593 0.205273 0.113464 0.121875
1 0.197968 0.206445 0.145203 0.124609
1 0.461792 0.327539 0.0777588 0.0792969
1 0.538757 0.653125 0.123779 0.13125
1 0.0313663 0.367578 0.0627327 0.0921875
0 0.760925 0.183594 0.0650635 0.0648438
1 0.433228 0.568359 0.0856934 0.0875
1 0.0315647 0.366016 0.0631294 0.0929687
0 0.760925 0.184375 0.0650635 0.0640625
1 0.433624 0.570312 0.0841064 0.0859375
1 0.0314655 0.366406 0.0629311 0.0929687
0 0.760132 0.184814 0.0650635 0.0655273
1 0.434021 0.572656 0.0825195 0.0828125
1 0.0316143 0.367383 0.0632286 0.0933594
0 0.760925 0.184375 0.0650635 0.0660156
1 0.588745 0.748828 0.119019 0.119531
1 0.0322094 0.366406 0.0644188 0.0929687
0 0.760529 0.184814 0.06427 0.0647461
1 0.0319118 0.366406 0.0638237 0.0929687
0 0.761719 0.185352 0.0650635 0.0648438
1 0.0314407 0.365625 0.0628815 0.0921875
0 0.761719 0.184033 0.0634766 0.0639648
1 0.464172 0.328516 0.0714111 0.0765625
1 0.436401 0.573438 0.0841064 0.0828125
1 0.589935 0.749219 0.115845 0.117188
1 0.577637 0.620313 0.0904541 0.0890625
1 0.0316887 0.365625 0.0633774 0.0929687
0 0.761719 0.183789 0.0650635 0.0648438
1 0.460999 0.329688 0.0801392 0.0804688
1 0.0316887 0.36582 0.0633774 0.0933594
0 0.761719 0.184814 0.0650635 0.0647461
1 0.0314903 0.366016 0.0629807 0.0929687
0 0.762115 0.18457 0.06427 0.0640625
1 0.0315895 0.366016 0.063179 0.0929687
0 0.761719 0.184375 0.0650635 0.0648438
1 0.0316143 0.366016 0.0632286 0.0929687
0 0.760529 0.184961 0.06427 0.0648438
1 0.031168 0.367188 0.062336 0.0921875
0 0.760132 0.185156 0.0634766 0.0644531
1 0.0316639 0.366406 0.0633278 0.0929687
0 0.760925 0.184766 0.0634766 0.0644531
1 0.0318127 0.366797 0.0636253 0.09375
0 0.760529 0.18457 0.06427 0.0644531
1 0.0315151 0.367188 0.0630302 0.0929687
0 0.760529 0.184961 0.06427 0.0644531
1 0.0317383 0.366992 0.0634766 0.0925781
0 0.760925 0.184766 0.0650635 0.0652344
1 0.434418 0.573438 0.0872803 0.0867188
1 0.0316887 0.367578 0.0633774 0.09375
0 0.760925 0.185498 0.0650635 0.0657227
1 0.0315399 0.366797 0.0630798 0.0929687
0 0.762115 0.185205 0.0658569 0.0647461
1 0.0315399 0.366992 0.0630798 0.0925781
0 0.760925 0.18418 0.0650635 0.0644531
1 0.031292 0.366016 0.0625839 0.0921875
0 0.761719 0.185498 0.0650635 0.0641602
1 0.031044 0.366406 0.062088 0.0914062
0 0.761719 0.184961 0.0650635 0.0652344
1 0.0312176 0.366797 0.0624352 0.0921875
0 0.760529 0.185596 0.06427 0.0647461
1 0.0313168 0.366016 0.0626335 0.0921875
0 0.761719 0.183789 0.0650635 0.0636719
1 0.0310688 0.366016 0.0621376 0.0929687
0 0.760925 0.18457 0.0650635 0.0644531
1 0.0307217 0.366406 0.0614433 0.0921875
0 0.761719 0.184961 0.0650635 0.0648438
1 0.031168 0.366406 0.062336 0.0921875
0 0.760925 0.184326 0.0650635 0.0649414
1 0.0307217 0.366797 0.0614433 0.0921875
0 0.760925 0.184375 0.0650635 0.0648438
1 0.0307713 0.366406 0.0615425 0.0929687
0 0.760132 0.183643 0.0650635 0.0647461
1 0.0309944 0.366211 0.0619888 0.0925781
0 0.760132 0.183789 0.0650635 0.0644531
1 0.0312672 0.366211 0.0625343 0.0925781
0 0.760132 0.184424 0.0650635 0.0655273
1 0.0313663 0.366211 0.0627327 0.0925781
0 0.761322 0.184424 0.06427 0.0647461
1 0.0311432 0.366406 0.0622864 0.0921875
0 0.760925 0.183984 0.0650635 0.0644531
1 0.0313168 0.366406 0.0626335 0.0921875
0 0.760925 0.183984 0.0650635 0.0640625
1 0.031292 0.366406 0.0625839 0.0921875
0 0.760925 0.183984 0.0650635 0.0648438
1 0.0310936 0.366406 0.0621872 0.0921875
0 0.760925 0.184033 0.0650635 0.0647461
1 0.0310192 0.366602 0.0620384 0.0917969
0 0.760925 0.183789 0.0650635 0.0644531
1 0.0309696 0.366602 0.0619392 0.0917969
0 0.760925 0.183594 0.0650635 0.0644531
1 0.0308952 0.366016 0.0617905 0.0929687
0 0.762512 0.186328 0.0650635 0.065625
1 0.342773 0.267969 0.0531616 0.0570313
1 0.313019 0.258008 0.0674438 0.0652344
1 0.326904 0.2625 0.0722046 0.0597656
0 0.0297298 0.364453 0.0594597 0.096875
1 0.3396 0.517969 0.0559387 0.05625
1 0.0192413 0.69375 0.0384827 0.0578125
0 0.754578 0.180859 0.0618896 0.0605469
1 0.321945 0.245508 0.0662537 0.0535156
1 0.395538 0.291211 0.0539551 0.0496094
1 0.483215 0.85625 0.0563354 0.0609375
1 0.0236549 0.384375 0.0473099 0.065625
1 0.504242 0.443359 0.0634766 0.0710938
1 0.328094 0.0661377 0.051178 0.0495605
1 0.402184 0.293359 0.062088 0.0640625
0 0.0191917 0.390723 0.0383835 0.0615234
