1 0.0955124 0.803906 0.102554 0.09375
0 0.377686 0.582031 0.755371 0.835938
0 0.428467 0.313086 0.856934 0.626172
0 0.471313 0.208594 0.855347 0.417188
1 0.377686 0.582031 0.755371 0.835938
0 0.352097 0.640625 0.704193 0.71875
1 0.333054 0.689062 0.666107 0.55625
0 0.427673 0.182227 0.855347 0.364453
0 0.399109 0.226562 0.798218 0.427344
0 0.390778 0.728125 0.781555 0.54375
1 0.428467 0.313086 0.856934 0.626172
0 0.137863 0.167187 0.0531616 0.0546875
1 0.395935 0.782617 0.79187 0.434766
0 0.118622 0.705469 0.230896 0.307813
1 0.401489 0.691406 0.802979 0.617188
1 0.464569 0.177148 0.845032 0.354297
1 0.325516 0.613281 0.651031 0.773438
0 0.234467 0.863281 0.468933 0.259375
1 0.397125 0.201172 0.79425 0.316797
0 0.279099 0.753906 0.558197 0.492188
0 0.134293 0.168359 0.0670471 0.0625
0 0.119019 0.717188 0.238037 0.342187
0 0.389191 0.301953 0.693481 0.603906
0 0.358841 0.349219 0.717682 0.483594
0 0.340195 0.854688 0.680389 0.290625
1 0.319366 0.813281 0.604614 0.329688
0 0.317383 0.823047 0.634766 0.353906
1 0.379272 0.154492 0.671265 0.308984
0 0.390282 0.174414 0.633377 0.348828
0 0.336823 0.795703 0.673645 0.408594
1 0.358841 0.349219 0.717682 0.483594
0 0.366776 0.677344 0.733551 0.55625
1 0.119019 0.717188 0.238037 0.342187
1 0.261444 0.682813 0.522888 0.425
0 0.314209 0.84375 0.628418 0.3125
1 0.275726 0.567187 0.551453 0.360938
0 0.350708 0.321875 0.679993 0.355469
0 0.270966 0.345313 0.481628 0.528906
0 0.261444 0.682813 0.522888 0.425
0 0.334442 0.744531 0.668884 0.510938
1 0.340195 0.854688 0.680389 0.290625
0 0.845154 0.804688 0.309692 0.242188
0 0.156906 0.0298828 0.313812 0.0597656
1 0.845154 0.804688 0.309692 0.242188
1 0.279099 0.753906 0.558197 0.492188
0 0.164047 0.0222168 0.328094 0.0444336
0 0.139748 0.797656 0.279495 0.25625
1 0.246964 0.132397 0.34079 0.193408
1 0.898315 0.10918 0.203369 0.218359
1 0.879272 0.05625 0.241455 0.1125
1 0.145401 0.563281 0.290802 0.357812
0 0.101067 0.765625 0.202133 0.2125
0 0.102257 0.222266 0.204514 0.444531
0 0.268188 0.324219 0.412598 0.335156
1 0.234467 0.863281 0.468933 0.259375
0 0.246964 0.132397 0.34079 0.193408
0 0.391968 0.0384766 0.295166 0.0769531
0 0.757477 0.0538086 0.485046 0.107617
1 0.330078 0.651465 0.660156 0.69707
1 0.295563 0.877148 0.591125 0.245703
1 0.0180511 0.122852 0.0361023 0.245703
0 0.231094 0.469141 0.455048 0.269531
0 0.161072 0.538281 0.322144 0.329688
0 0.222168 0.894531 0.311829 0.210938
0 0.945923 0.88125 0.108154 0.2375
0 0.958618 0.83125 0.0827637 0.3375
0 0.344757 0.0489258 0.377686 0.0978516
0 0.525665 0.027002 0.421326 0.0540039
1 0.118622 0.705469 0.230896 0.307813
1 0.962585 0.826563 0.0748291 0.323438
0 0.480438 0.0318848 0.433228 0.0637695
1 0.968536 0.0479004 0.0629272 0.0958008
0 0.24855 0.442969 0.4487 0.378125
0 0.968536 0.0479004 0.0629272 0.0958008
0 0.23764 0.548535 0.475281 0.41543
0 0.587555 0.032666 0.448303 0.065332
0 0.695862 0.0472168 0.485596 0.0944336
1 0.965759 0.45 0.0684814 0.351562
1 0.222168 0.894531 0.311829 0.210938
0 0.0848503 0.101465 0.169701 0.20293
1 0.0848503 0.101465 0.169701 0.20293
0 0.88562 0.829492 0.22876 0.328516
0 0.245575 0.371875 0.434814 0.384375
1 0.221375 0.529785 0.442749 0.343555
0 0.965759 0.45 0.0684814 0.351562
1 0.876694 0.928125 0.246613 0.14375
1 0.156906 0.0298828 0.313812 0.0597656
0 0.388695 0.152246 0.596878 0.304492
1 0.944336 0.396875 0.111328 0.458594
0 0.0180511 0.122852 0.0361023 0.245703
0 0.879272 0.05625 0.241455 0.1125
1 0.406151 0.225781 0.722244 0.451562
0 0.587952 0.0431641 0.523682 0.0863281
0 0.961792 0.507812 0.076416 0.5875
1 0.416168 0.825781 0.432434 0.295312
1 0.0847015 0.830859 0.169403 0.338281
0 0.339203 0.0923828 0.575256 0.184766
1 0.141037 0.158789 0.0940247 0.0964844
1 0.961792 0.507812 0.076416 0.5875
1 0.757477 0.0538086 0.485046 0.107617
0 0.335831 0.355469 0.585175 0.648438
1 0.964172 0.604785 0.0716553 0.587305
1 0.0928345 0.753125 0.185669 0.49375
1 0.186859 0.920313 0.373718 0.159375
1 0.0671463 0.195312 0.134293 0.390625
0 0.164246 0.0912109 0.328491 0.182422
0 0.20015 0.0670898 0.372528 0.13418
0 0.944336 0.396875 0.111328 0.458594
0 0.347733 0.248096 0.695465 0.338965
0 0.948303 0.294141 0.103394 0.357031
0 0.0951157 0.714453 0.190231 0.525781
1 0.101067 0.765625 0.202133 0.2125
1 0.823608 0.360938 0.352295 0.35625
0 0.295563 0.17168 0.591125 0.343359
0 0.814606 0.128125 0.370789 0.25625
1 0.390282 0.174414 0.633377 0.348828
1 0.241608 0.273633 0.421326 0.219141
1 0.231094 0.469141 0.455048 0.269531
0 0.930847 0.477441 0.138306 0.68418
1 0.164047 0.0222168 0.328094 0.0444336
1 0.961792 0.742188 0.076416 0.30625
1 0.886414 0.180273 0.227173 0.340625
0 0.945923 0.236133 0.108154 0.344141
1 0.849716 0.967578 0.300568 0.0648438
1 0.210861 0.0992187 0.225739 0.191406
0 0.141037 0.158789 0.0940247 0.0964844
0 0.823608 0.360938 0.352295 0.35625
0 0.388397 0.116504 0.495117 0.233008
1 0.0885696 0.251367 0.177139 0.502734
0 0.245178 0.198047 0.412598 0.172656
1 0.245178 0.198047 0.412598 0.172656
1 0.756561 0.337305 0.238831 0.262891
1 0.37838 0.841016 0.666702 0.317969
0 0.756561 0.337305 0.238831 0.262891
0 0.856857 0.685547 0.286285 0.566406
1 0.964966 0.0724609 0.0700684 0.144922
0 0.101067 0.310742 0.202133 0.621484
0 0.110092 0.164844 0.220184 0.329688
0 0.898315 0.10918 0.203369 0.218359
1 0.948303 0.294141 0.103394 0.357031
0 0.241608 0.273633 0.421326 0.219141
0 0.158691 0.867383 0.317383 0.265234
1 0.20015 0.0670898 0.372528 0.13418
0 0.920532 0.403906 0.158936 0.495313
0 0.268784 0.629785 0.537567 0.53418
0 0.849716 0.967578 0.300568 0.0648438
1 0.945923 0.88125 0.108154 0.2375
1 0.953461 0.128027 0.0930786 0.251758
1 0.245575 0.371875 0.434814 0.384375
1 0.0872803 0.343945 0.174561 0.687891
0 0.183586 0.466016 0.367172 0.239844
1 0.268784 0.629785 0.537567 0.53418
1 0.139748 0.797656 0.279495 0.25625
1 0.158691 0.867383 0.317383 0.265234
0 0.399902 0.170898 0.799805 0.341797
0 0.964172 0.604785 0.0716553 0.587305
0 0.0847015 0.830859 0.169403 0.338281
1 0.316788 0.127148 0.563751 0.254297
0 0.210861 0.0992187 0.225739 0.191406
0 0.287231 0.103882 0.393555 0.187549
0 0.870941 0.283008 0.258118 0.452734
0 0.946716 0.181836 0.106567 0.298828
1 0.946716 0.181836 0.106567 0.298828
0 0.941956 0.556152 0.116089 0.686133
1 0.462486 0.725781 0.384232 0.335938
1 0.461792 0.764844 0.358643 0.232812
1 0.344757 0.0489258 0.377686 0.0978516
1 0.287231 0.103882 0.393555 0.187549
1 0.168114 0.156934 0.150558 0.133008
1 0.945923 0.236133 0.108154 0.344141
1 0.9487 0.784375 0.1026 0.33125
0 0.869354 0.200586 0.261292 0.367578
0 0.346939 0.185352 0.693878 0.291016
0 0.825317 0.344922 0.349365 0.533594
1 0.183586 0.466016 0.367172 0.239844
1 0.10305 0.678125 0.2061 0.54375
0 0.343567 0.177051 0.559387 0.354102
0 0.861023 0.866406 0.277954 0.251563
0 0.263626 0.485156 0.513763 0.595312
0 0.961792 0.742188 0.076416 0.30625
1 0.330078 0.362109 0.652222 0.674219
0 0.0981903 0.780469 0.196381 0.439063
0 0.876694 0.928125 0.246613 0.14375
0 0.344757 0.118262 0.689514 0.236523
1 0.870941 0.283008 0.258118 0.452734
0 0.0671463 0.195312 0.134293 0.390625
0 0.168114 0.156934 0.150558 0.133008
0 0.186859 0.920313 0.373718 0.159375
0 0.161964 0.179248 0.323929 0.0915039
0 0.140442 0.705078 0.280884 0.349219
0 0.9487 0.784375 0.1026 0.33125
0 0.717285 0.42334 0.334839 0.398633
0 0.776001 0.329883 0.290405 0.330078
1 0.941956 0.556152 0.116089 0.686133
0 0.458221 0.103516 0.44751 0.207031
1 0.101067 0.310742 0.202133 0.621484
1 0.24855 0.442969 0.4487 0.378125
1 0.391968 0.0384766 0.295166 0.0769531
1 0.717285 0.42334 0.334839 0.398633
1 0.930847 0.477441 0.138306 0.68418
1 0.870743 0.80625 0.258514 0.353125
0 0.141037 0.793555 0.282074 0.403516
1 0.832458 0.347656 0.335083 0.495313
1 0.525665 0.027002 0.421326 0.0540039
1 0.814606 0.128125 0.370789 0.25625
0 0.416565 0.133691 0.570496 0.267383
1 0.911011 0.382031 0.177979 0.565625
1 0.695862 0.0472168 0.485596 0.0944336
0 0.780365 0.106641 0.394348 0.213281
0 0.0872803 0.343945 0.174561 0.687891
0 0.90625 0.31543 0.1875 0.455078
1 0.949097 0.660937 0.101807 0.559375
0 0.321747 0.758984 0.59906 0.346094
1 0.325714 0.183105 0.651428 0.366211
1 0.480438 0.0318848 0.433228 0.0637695
0 0.964966 0.0724609 0.0700684 0.144922
1 0.206894 0.255127 0.413788 0.19209
1 0.324127 0.317139 0.530823 0.335254
1 0.337814 0.489062 0.57724 0.753125
0 0.100571 0.614746 0.201141 0.661133
0 0.462486 0.725781 0.384232 0.335938
0 0.162659 0.835156 0.325317 0.310937
1 0.438782 0.903125 0.608582 0.19375
0 0.158096 0.0990234 0.316193 0.170703
1 0.270966 0.345313 0.481628 0.528906
0 0.949097 0.660937 0.101807 0.559375
0 0.55661 0.102344 0.400696 0.204688
1 0.0798912 0.510547 0.159782 0.863281
1 0.856857 0.685547 0.286285 0.566406
1 0.587952 0.0431641 0.523682 0.0863281
0 0.821945 0.218945 0.35611 0.402734
1 0.776001 0.329883 0.290405 0.330078
1 0.507019 0.725391 0.381653 0.289844
0 0.653412 0.101562 0.47052 0.203125
1 0.344757 0.118262 0.689514 0.236523
1 0.81282 0.453125 0.374359 0.410937
0 0.129433 0.552734 0.258865 0.827344
1 0.131714 0.786719 0.263428 0.348437
0 0.438782 0.903125 0.608582 0.19375
1 0.587555 0.032666 0.448303 0.065332
1 0.110092 0.164844 0.220184 0.329688
1 0.102257 0.222266 0.204514 0.444531
0 0.206894 0.255127 0.413788 0.19209
0 0.0885696 0.251367 0.177139 0.502734
0 0.953461 0.128027 0.0930786 0.251758
1 0.861023 0.866406 0.277954 0.251563
0 0.416168 0.825781 0.432434 0.295312
1 0.123184 0.785937 0.159485 0.14375
1 0.388397 0.116504 0.495117 0.233008
0 0.170296 0.229639 0.340591 0.289941
0 0.72998 0.356445 0.314209 0.376172
0 0.20015 0.354688 0.400299 0.355469
0 0.16127 0.509473 0.32254 0.64668
0 0.461792 0.764844 0.358643 0.232812
1 0.113663 0.477344 0.227325 0.901563
1 0.318573 0.741992 0.608582 0.516016
0 0.88205 0.387109 0.235901 0.525
1 0.712524 0.502344 0.347534 0.51875
1 0.82869 0.975391 0.342621 0.0492188
1 0.72998 0.356445 0.314209 0.376172
1 0.205902 0.298828 0.411804 0.238281
1 0.20015 0.354688 0.400299 0.355469
1 0.162659 0.835156 0.325317 0.310937
0 0.712524 0.502344 0.347534 0.51875
1 0.508209 0.80918 0.335632 0.247266
1 0.677612 0.95625 0.399902 0.0875
1 0.747833 0.967188 0.394348 0.065625
0 0.205902 0.298828 0.411804 0.238281
0 0.869751 0.596094 0.260498 0.657812
0 0.731171 0.474219 0.299133 0.35625
1 0.878281 0.538672 0.243439 0.666406
1 0.350113 0.17627 0.517731 0.352539
1 0.889587 0.433984 0.220825 0.360938
0 0.779175 0.832812 0.425293 0.28125
0 0.345749 0.226172 0.691498 0.452344
1 0.14798 0.169531 0.295959 0.0851562
0 0.715698 0.350977 0.363403 0.537109
1 0.140442 0.705078 0.280884 0.349219
0 0.677612 0.95625 0.399902 0.0875
1 0.164246 0.0912109 0.328491 0.182422
1 0.347733 0.248096 0.695465 0.338965
0 0.81282 0.453125 0.374359 0.410937
0 0.150658 0.685547 0.301315 0.596094
0 0.806946 0.169238 0.36499 0.29707
1 0.398315 0.280859 0.615723 0.561719
1 0.640717 0.944141 0.416565 0.111719
0 0.782349 0.343555 0.353882 0.494141
0 0.755371 0.145508 0.312622 0.251172
1 0.731171 0.474219 0.299133 0.35625
0 0.0798912 0.510547 0.159782 0.863281
0 0.82869 0.975391 0.342621 0.0492188
1 0.399902 0.170898 0.799805 0.341797
0 0.747833 0.967188 0.394348 0.065625
1 0.129234 0.576172 0.258469 0.730469
0 0.507019 0.725391 0.381653 0.289844
1 0.158096 0.0990234 0.316193 0.170703
0 0.889587 0.433984 0.220825 0.360938
1 0.150658 0.685547 0.301315 0.596094
0 0.163254 0.26875 0.326508 0.4
1 0.555023 0.954297 0.435608 0.0914062
1 0.100174 0.807031 0.096405 0.096875
0 0.142426 0.16709 0.0650635 0.0654297
0 0.144806 0.178711 0.0694275 0.0730469
0 0.130424 0.340625 0.0678406 0.065625
0 0.133896 0.162109 0.0718079 0.0796875
1 0.105331 0.792188 0.113861 0.13125
0 0.124176 0.383984 0.0543518 0.059375
1 0.0809326 0.810156 0.0900574 0.0953125
0 0.870422 0.191846 0.0507812 0.0624023
0 0.293182 0.298828 0.440369 0.535156
1 0.0953884 0.774805 0.101215 0.150391
0 0.219788 0.916406 0.439575 0.167187
0 0.481232 0.29375 0.416565 0.530469
1 0.293182 0.298828 0.440369 0.535156
1 0.114555 0.775 0.168411 0.15
0 0.701416 0.214258 0.431641 0.428516
0 0.533203 0.255078 0.409424 0.449219
0 0.330475 0.91875 0.489563 0.1625
0 0.146393 0.914062 0.292786 0.171875
0 0.830276 0.24707 0.339447 0.403516
0 0.0706177 0.929688 0.141235 0.140625
0 0.431244 0.369336 0.432434 0.612109
1 0.178726 0.143262 0.171387 0.169727
1 0.256683 0.151172 0.303894 0.210938
0 0.803101 0.193359 0.393799 0.386719
0 0.84317 0.858203 0.31366 0.283594
0 0.77005 0.855469 0.422913 0.289062
0 0.178726 0.143262 0.171387 0.169727
0 0.591125 0.259961 0.387207 0.377734
0 0.457031 0.917188 0.51416 0.165625
0 0.256683 0.151172 0.303894 0.210938
1 0.830276 0.24707 0.339447 0.403516
0 0.599754 0.850781 0.52388 0.298438
0 0.864197 0.913281 0.271606 0.173438
1 0.0624847 0.873438 0.11882 0.109375
0 0.960205 0.892187 0.0795898 0.215625
1 0.146393 0.914062 0.292786 0.171875
1 0.701416 0.214258 0.431641 0.428516
1 0.803101 0.193359 0.393799 0.386719
0 0.775208 0.290283 0.21582 0.314746
1 0.775208 0.290283 0.21582 0.314746
0 0.115448 0.9125 0.230896 0.175
1 0.394745 0.918359 0.486389 0.163281
0 0.601837 0.204297 0.451477 0.408594
0 0.531715 0.341211 0.402878 0.458203
0 0.0702209 0.126172 0.140442 0.252344
0 0.134987 0.890625 0.230698 0.21875
0 0.916565 0.953906 0.16687 0.0921875
0 0.291794 0.154297 0.431244 0.275781
1 0.431244 0.369336 0.432434 0.612109
1 0.134987 0.890625 0.230698 0.21875
1 0.188843 0.916406 0.377686 0.167187
1 0.291794 0.154297 0.431244 0.275781
1 0.864197 0.913281 0.271606 0.173438
1 0.89978 0.242773 0.12854 0.135937
0 0.965759 0.114551 0.0684814 0.229102
0 0.538361 0.1875 0.425293 0.375
0 0.677612 0.838867 0.437988 0.322266
0 0.488075 0.858984 0.47905 0.282031
0 0.133499 0.8625 0.266998 0.260938
1 0.284851 0.919141 0.502258 0.161719
0 0.171982 0.158301 0.343964 0.238086
0 0.114555 0.775 0.168411 0.15
0 0.176147 0.865039 0.3396 0.269922
0 0.529236 0.120312 0.403076 0.240625
0 0.700623 0.249609 0.325317 0.385156
0 0.870941 0.651563 0.258118 0.367188
0 0.782349 0.28418 0.301514 0.320703
0 0.0922394 0.810742 0.184479 0.297266
1 0.481232 0.29375 0.416565 0.530469
1 0.782349 0.28418 0.301514 0.320703
0 0.14679 0.776758 0.208282 0.149609
0 0.327103 0.898047 0.372528 0.203906
0 0.201935 0.155688 0.232483 0.196436
1 0.591125 0.259961 0.387207 0.377734
1 0.14679 0.776758 0.208282 0.149609
0 0.367569 0.868359 0.391571 0.263281
0 0.135185 0.113184 0.27037 0.226367
0 0.827499 0.153125 0.345001 0.30625
1 0.533203 0.255078 0.409424 0.449219
0 0.938782 0.591797 0.122437 0.389844
1 0.86499 0.888281 0.27002 0.223438
0 0.922913 0.632812 0.154175 0.439063
1 0.515846 0.917188 0.510788 0.165625
1 0.700623 0.249609 0.325317 0.385156
0 0.12368 0.782031 0.12001 0.1375
0 0.255295 0.898438 0.355865 0.203125
0 0.109398 0.37959 0.0809326 0.0814453
1 0.161072 0.14834 0.12854 0.157227
0 0.859833 0.740234 0.280334 0.378906
0 0.0953884 0.774805 0.101215 0.150391
0 0.481628 0.795313 0.445923 0.409375
0 0.195984 0.894531 0.354675 0.210938
0 0.749817 0.171289 0.433228 0.342578
1 0.201935 0.155688 0.232483 0.196436
0 0.0856934 0.845117 0.171387 0.309766
0 0.86499 0.888281 0.27002 0.223438
0 0.841583 0.921094 0.316833 0.157813
0 0.224945 0.130469 0.280884 0.153906
0 0.867767 0.570312 0.264465 0.326562
1 0.867767 0.570312 0.264465 0.326562
1 0.115448 0.9125 0.230896 0.175
0 0.116737 0.380078 0.070816 0.0671875
0 0.161072 0.14834 0.12854 0.157227
0 0.450684 0.147656 0.420532 0.295312
0 0.479645 0.429688 0.437988 0.604688
1 0.859833 0.955469 0.280334 0.0890625
0 0.424896 0.821094 0.430054 0.357812
1 0.786041 0.125391 0.427917 0.250781
0 0.858643 0.516309 0.282715 0.342383
0 0.111877 0.775 0.223755 0.34375
1 0.531715 0.341211 0.402878 0.458203
0 0.251526 0.832812 0.391174 0.334375
0 0.0994797 0.868555 0.198959 0.253516
1 0.133499 0.8625 0.266998 0.260938
1 0.827499 0.153125 0.345001 0.30625
0 0.835236 0.471973 0.329529 0.479492
0 0.530128 0.7625 0.447311 0.475
1 0.0922394 0.810742 0.184479 0.297266
1 0.916565 0.953906 0.16687 0.0921875
1 0.0702209 0.126172 0.140442 0.252344
1 0.208233 0.128491 0.222267 0.155518
0 0.165039 0.187939 0.264221 0.216309
0 0.582298 0.918359 0.488968 0.163281
1 0.165039 0.187939 0.264221 0.216309
0 0.835434 0.316602 0.329132 0.394141
1 0.111877 0.775 0.223755 0.34375
0 0.282074 0.753906 0.440369 0.365625
0 0.449493 0.886328 0.486389 0.227344
0 0.379372 0.427637 0.447311 0.618164
0 0.834839 0.618359 0.330322 0.507031
0 0.806076 0.749609 0.387848 0.442969
0 0.31897 0.840625 0.411011 0.31875
1 0.171982 0.158301 0.343964 0.238086
0 0.957825 0.574219 0.0843506 0.325
0 0.14679 0.796875 0.293579 0.395312
0 0.739502 0.757422 0.477661 0.464844
0 0.137665 0.779688 0.27533 0.146875
0 0.940369 0.169043 0.119263 0.338086
0 0.0946198 0.680469 0.18924 0.385938
0 0.42926 0.741406 0.440369 0.425
1 0.856461 0.852148 0.287079 0.295703
1 0.0706177 0.929688 0.141235 0.140625
1 0.940369 0.169043 0.119263 0.338086
0 0.457428 0.0986328 0.40863 0.197266
0 0.172974 0.718359 0.345947 0.538281
1 0.12368 0.782031 0.12001 0.1375
1 0.172924 0.780469 0.315895 0.217187
1 0.211506 0.862891 0.373619 0.274219
0 0.859833 0.955469 0.280334 0.0890625
0 0.108307 0.372852 0.0656586 0.0683594
1 0.749817 0.171289 0.433228 0.342578
0 0.578033 0.728125 0.422913 0.49375
0 0.325714 0.74375 0.462585 0.504687
0 0.375305 0.791016 0.44751 0.417969
1 0.429657 0.796094 0.439575 0.407813
0 0.172924 0.780469 0.315895 0.217187
0 0.963379 0.257422 0.0732422 0.460156
0 0.582001 0.3875 0.413391 0.502344
1 0.858643 0.516309 0.282715 0.342383
0 0.808655 0.542578 0.38269 0.447656
1 0.870941 0.651563 0.258118 0.367188
1 0.2668 0.797656 0.38681 0.282813
0 0.679199 0.879687 0.444336 0.240625
1 0.841583 0.921094 0.316833 0.157813
1 0.379372 0.427637 0.447311 0.618164
0 0.584778 0.510254 0.437988 0.507617
1 0.960205 0.892187 0.0795898 0.215625
1 0.594696 0.180176 0.465759 0.360352
1 0.479645 0.429688 0.437988 0.604688
1 0.0946198 0.680469 0.18924 0.385938
0 0.922913 0.739062 0.154175 0.403125
0 0.0969009 0.780469 0.193802 0.140625
1 0.529236 0.120312 0.403076 0.240625
0 0.959412 0.452344 0.0811768 0.414844
1 0.834839 0.618359 0.330322 0.507031
0 0.149368 0.747656 0.298737 0.445312
0 0.164047 0.785156 0.280487 0.160938
1 0.736328 0.787891 0.477661 0.424219
1 0.47052 0.846094 0.42926 0.307813
1 0.582397 0.842773 0.484009 0.314453
0 0.210464 0.0488281 0.420929 0.0976562
0 0.0874786 0.150977 0.174957 0.301953
0 0.145103 0.159961 0.290207 0.319922
0 0.863403 0.397266 0.273193 0.394531
0 0.963379 0.521484 0.0732422 0.351562
0 0.635956 0.760547 0.448303 0.478906
1 0.282074 0.753906 0.440369 0.365625
0 0.576843 0.795313 0.436401 0.409375
0 0.786041 0.125391 0.427917 0.250781
1 0.835236 0.471973 0.329529 0.479492
0 0.210663 0.757812 0.409424 0.465625
0 0.836823 0.800586 0.326355 0.398828
1 0.0856934 0.845117 0.171387 0.309766
0 0.92688 0.199609 0.14624 0.399219
1 0.92688 0.199609 0.14624 0.399219
0 0.675232 0.318555 0.288818 0.409766
0 0.960999 0.373047 0.0780029 0.475781
0 0.111084 0.760547 0.222168 0.460156
1 0.0994797 0.868555 0.198959 0.253516
0 0.566528 0.884766 0.442749 0.230469
0 0.327103 0.0454102 0.401093 0.0908203
0 0.875107 0.119629 0.249786 0.239258
0 0.234863 0.308984 0.44989 0.466406
0 0.428467 0.479199 0.450684 0.608789
1 0.0926361 0.580469 0.185272 0.35625
0 0.0853462 0.910937 0.170692 0.178125
1 0.327103 0.898047 0.372528 0.203906
0 0.784058 0.923437 0.431885 0.153125
0 0.249592 0.0466797 0.406151 0.0933594
1 0.487976 0.177441 0.414978 0.354883
0 0.904266 0.343799 0.191467 0.368652
0 0.0926361 0.580469 0.185272 0.35625
0 0.743469 0.642969 0.453857 0.495313
0 0.935608 0.799219 0.128784 0.348437
0 0.191025 0.412891 0.293976 0.466406
1 0.160378 0.721484 0.320755 0.497656
1 0.390381 0.887891 0.448303 0.224219
1 0.628021 0.88125 0.456238 0.2375
0 0.169006 0.0624023 0.338013 0.124805
1 0.835434 0.316602 0.329132 0.394141
0 0.271362 0.515723 0.428467 0.50293
0 0.521202 0.57959 0.435013 0.56582
1 0.859833 0.740234 0.280334 0.378906
1 0.375702 0.818555 0.434814 0.362891
1 0.0874786 0.150977 0.174957 0.301953
0 0.942749 0.291406 0.114502 0.321094
1 0.0802383 0.47959 0.160477 0.36582
1 0.530128 0.7625 0.447311 0.475
0 0.963379 0.873047 0.0732422 0.253906
0 0.204712 0.401172 0.409424 0.482031
0 0.634766 0.647656 0.450684 0.545313
1 0.806076 0.749609 0.387848 0.442969
1 0.840591 0.818164 0.318817 0.363672
1 0.31897 0.840625 0.411011 0.31875
1 0.783737 0.841016 0.390778 0.317969
0 0.702606 0.0736328 0.51178 0.147266
1 0.138657 0.137109 0.277313 0.274219
1 0.963379 0.235352 0.0732422 0.449609
0 0.72998 0.325781 0.36499 0.415625
1 0.176941 0.342578 0.338806 0.444531
1 0.639923 0.790625 0.464172 0.41875
1 0.582001 0.3875 0.413391 0.502344
0 0.641113 0.438281 0.450684 0.496094
0 0.636353 0.555078 0.457031 0.502344
1 0.210663 0.757812 0.409424 0.465625
0 0.11644 0.905469 0.23288 0.189063
0 0.672455 0.917188 0.465759 0.165625
0 0.391869 0.0472168 0.481033 0.0944336
1 0.579323 0.690625 0.425095 0.53125
1 0.255295 0.898438 0.355865 0.203125
1 0.500275 0.886523 0.476868 0.226953
0 0.307663 0.0908203 0.524078 0.181641
0 0.294373 0.121094 0.438782 0.242188
0 0.331268 0.417871 0.44989 0.52832
0 0.739502 0.472754 0.439575 0.473242
0 0.200745 0.549902 0.401489 0.448633
0 0.0899582 0.929688 0.179916 0.140625
1 0.965759 0.114551 0.0684814 0.229102
1 0.234863 0.308984 0.44989 0.466406
1 0.584778 0.510254 0.437988 0.507617
0 0.169601 0.596484 0.339203 0.413281
0 0.780884 0.698438 0.438232 0.498437
1 0.111084 0.760547 0.222168 0.460156
1 0.145004 0.821875 0.290009 0.348437
0 0.94751 0.839063 0.10498 0.321875
0 0.40625 0.105078 0.567322 0.210156
1 0.450684 0.147656 0.420532 0.295312
1 0.13459 0.190234 0.214828 0.265625
1 0.942749 0.291406 0.114502 0.321094
1 0.191025 0.412891 0.293976 0.466406
0 0.68634 0.714844 0.455444 0.542188
1 0.681976 0.759766 0.464172 0.477344
1 0.164047 0.785156 0.280487 0.160938
1 0.523682 0.826172 0.435608 0.347656
1 0.722839 0.876562 0.430054 0.246875
0 0.13459 0.190234 0.214828 0.265625
0 0.135681 0.597266 0.271362 0.435156
1 0.145103 0.159961 0.290207 0.319922
1 0.0751305 0.337305 0.150261 0.342578
0 0.151848 0.348437 0.303696 0.448438
0 0.176941 0.342578 0.338806 0.444531
0 0.58091 0.609375 0.433029 0.529688
0 0.482819 0.643359 0.453064 0.510156
1 0.277313 0.722266 0.453857 0.517969
0 0.627625 0.0621582 0.417358 0.124316
1 0.0757256 0.275977 0.151451 0.329297
1 0.863403 0.397266 0.273193 0.394531
1 0.743469 0.642969 0.453857 0.495313
0 0.151947 0.653906 0.303894 0.403125
1 0.151947 0.653906 0.303894 0.403125
1 0.677612 0.838867 0.437988 0.322266
0 0.139748 0.209961 0.279495 0.3125
1 0.904266 0.343799 0.191467 0.368652
1 0.963379 0.873047 0.0732422 0.253906
1 0.294373 0.121094 0.438782 0.242188
0 0.0757256 0.275977 0.151451 0.329297
0 0.208035 0.293945 0.326607 0.416016
0 0.766479 0.360547 0.25708 0.435156
0 0.380066 0.527344 0.472107 0.525
1 0.0973969 0.804688 0.0900574 0.0890625
0 0.141335 0.166699 0.0537567 0.0572266
0 0.133896 0.167578 0.0495911 0.0527344
1 0.0923386 0.800781 0.0712128 0.0765625
1 0.150558 0.945312 0.101959 0.109375
1 0.140739 0.167187 0.0563354 0.0585938
1 0.10424 0.815625 0.0777588 0.071875
1 0.0820236 0.803906 0.0549469 0.06875
1 0.869629 0.190234 0.0460205 0.0503906
0 0.637146 0.216406 0.326904 0.38125
1 0.697449 0.26582 0.296753 0.363672
1 0.637146 0.216406 0.326904 0.38125
0 0.697449 0.26582 0.296753 0.363672
0 0.172577 0.798437 0.249146 0.232812
0 0.257278 0.860937 0.330475 0.278125
0 0.0449791 0.960156 0.0899582 0.0796875
1 0.728394 0.309375 0.34436 0.367188
1 0.691498 0.193359 0.318176 0.346094
0 0.728394 0.309375 0.34436 0.367188
0 0.209869 0.847656 0.285645 0.2875
0 0.0256386 0.083252 0.0512772 0.166504
0 0.955048 0.162598 0.0899048 0.250586
1 0.737122 0.242773 0.325317 0.345703
0 0.0992813 0.946875 0.198563 0.10625
0 0.583588 0.175098 0.341187 0.350195
0 0.327103 0.883984 0.34079 0.232031
0 0.953857 0.304492 0.0922852 0.241016
0 0.776398 0.850391 0.388 0.299219
0 0.959412 0.91875 0.0811768 0.1625
0 0.957031 0.255469 0.0859375 0.241406
0 0.958618 0.207861 0.0827637 0.24209
0 0.956238 0.356055 0.0875244 0.237891
0 0.818771 0.776563 0.362457 0.376563
1 0.857651 0.121582 0.284698 0.243164
0 0.954651 0.891406 0.0906982 0.217187
1 0.583588 0.175098 0.341187 0.350195
0 0.691498 0.193359 0.318176 0.346094
0 0.721649 0.856641 0.354675 0.286719
0 0.737122 0.242773 0.325317 0.345703
0 0.815598 0.690625 0.368805 0.396875
0 0.216167 0.804688 0.260353 0.234375
0 0.919739 0.126172 0.160522 0.252344
0 0.718475 0.377344 0.367371 0.38125
0 0.130524 0.792969 0.238037 0.2375
0 0.384033 0.891406 0.372925 0.217187
0 0.857651 0.121582 0.284698 0.243164
0 0.629211 0.286523 0.303101 0.394141
0 0.923309 0.0568848 0.153381 0.11377
0 0.670471 0.331641 0.338013 0.389844
1 0.772827 0.357227 0.384033 0.360547
0 0.0658569 0.0529297 0.131714 0.105859
1 0.953857 0.304492 0.0922852 0.241016
1 0.187206 0.344141 0.0445328 0.0515625
1 0.955048 0.162598 0.0899048 0.250586
0 0.281082 0.228125 0.369354 0.415625
0 0.772827 0.357227 0.384033 0.360547
0 0.837814 0.643359 0.324371 0.385156
1 0.172577 0.798437 0.249146 0.232812
1 0.209869 0.847656 0.285645 0.2875
1 0.257278 0.860937 0.330475 0.278125
0 0.561371 0.243359 0.330872 0.413281
1 0.957031 0.255469 0.0859375 0.241406
0 0.829681 0.54375 0.340637 0.425
0 0.963379 0.413379 0.0732422 0.248242
0 0.768463 0.432813 0.405457 0.403125
1 0.939453 0.346875 0.0507812 0.0492188
1 0.958618 0.207861 0.0827637 0.24209
0 0.150162 0.968359 0.300323 0.0632813
1 0.956238 0.356055 0.0875244 0.237891
0 0.197174 0.294141 0.341187 0.433594
0 0.259808 0.294727 0.310341 0.424609
1 0.841187 0.392578 0.317627 0.361719
0 0.825119 0.845703 0.349762 0.308594
0 0.526855 0.925 0.379272 0.15
0 0.125267 0.137305 0.250534 0.274609
0 0.818375 0.416309 0.363251 0.39082
1 0.327103 0.883984 0.34079 0.232031
0 0.441261 0.907031 0.336227 0.185937
0 0.177437 0.215625 0.354874 0.39375
0 0.391174 0.232422 0.350708 0.398438
0 0.505432 0.244922 0.340393 0.399219
1 0.718475 0.377344 0.367371 0.38125
1 0.130524 0.792969 0.238037 0.2375
1 0.670471 0.331641 0.338013 0.389844
0 0.501465 0.909375 0.293579 0.18125
1 0.0992813 0.946875 0.198563 0.10625
1 0.0256386 0.083252 0.0512772 0.166504
0 0.468536 0.189844 0.410217 0.379687
1 0.629211 0.286523 0.303101 0.394141
0 0.193405 0.796094 0.38681 0.323438
0 0.958618 0.856055 0.0827637 0.244141
1 0.384033 0.891406 0.372925 0.217187
1 0.177437 0.215625 0.354874 0.39375
1 0.837814 0.643359 0.324371 0.385156
0 0.560577 0.881836 0.381653 0.236328
1 0.806351 0.859961 0.351898 0.280078
0 0.0481529 0.14082 0.0963058 0.281641
0 0.338806 0.302344 0.357056 0.428125
1 0.768463 0.432813 0.405457 0.403125
0 0.772827 0.505859 0.437988 0.436719
1 0.835831 0.479785 0.328339 0.413867
1 0.818771 0.776563 0.362457 0.376563
1 0.954651 0.891406 0.0906982 0.217187
0 0.218796 0.369531 0.311432 0.410937
1 0.825119 0.845703 0.349762 0.308594
0 0.667694 0.857813 0.353088 0.284375
0 0.44632 0.928125 0.375305 0.14375
1 0.919739 0.126172 0.160522 0.252344
0 0.869949 0.712109 0.260101 0.377344
1 0.216167 0.804688 0.260353 0.234375
1 0.243641 0.215234 0.342674 0.391406
0 0.0993805 0.910937 0.198761 0.178125
1 0.526855 0.925 0.379272 0.15
1 0.963379 0.413379 0.0732422 0.248242
0 0.967346 0.475 0.0653076 0.219531
0 0.450287 0.0378906 0.265015 0.0757812
0 0.142822 0.158398 0.285645 0.316797
0 0.827896 0.732031 0.344208 0.382812
0 0.596283 0.903906 0.310242 0.192188
1 0.959412 0.91875 0.0811768 0.1625
0 0.649445 0.923437 0.391174 0.153125
0 0.396629 0.0391602 0.274734 0.0783203
0 0.499977 0.0371582 0.261642 0.0743164
0 0.630798 0.117578 0.3396 0.235156
0 0.340988 0.0400391 0.283661 0.0800781
1 0.923309 0.0568848 0.153381 0.11377
0 0.872726 0.146289 0.254547 0.292578
0 0.888794 0.6125 0.222412 0.36875
0 0.775925 0.752344 0.448151 0.446875
0 0.526459 0.112695 0.359436 0.225391
0 0.82254 0.613281 0.354919 0.407813
1 0.160179 0.821875 0.320358 0.246875
1 0.721649 0.856641 0.354675 0.286719
1 0.870148 0.850195 0.259705 0.299609
0 0.47052 0.892187 0.395142 0.215625
1 0.441261 0.907031 0.336227 0.185937
0 0.658966 0.395312 0.426086 0.409375
1 0.0449791 0.960156 0.0899582 0.0796875
1 0.150162 0.968359 0.300323 0.0632813
0 0.139648 0.114063 0.279297 0.228125
0 0.377289 0.120703 0.400696 0.241406
0 0.849915 0.47041 0.300171 0.376367
1 0.815598 0.690625 0.368805 0.396875
0 0.858444 0.816992 0.283112 0.322266
1 0.958618 0.856055 0.0827637 0.244141
0 0.406944 0.926172 0.384232 0.147656
1 0.649445 0.923437 0.391174 0.153125
0 0.962982 0.810156 0.0740356 0.25625
0 0.816589 0.110742 0.366821 0.221484
1 0.142822 0.158398 0.285645 0.316797
0 0.458221 0.304102 0.326111 0.374609
0 0.165535 0.372656 0.33107 0.425
1 0.827103 0.591797 0.345795 0.413281
1 0.827896 0.732031 0.344208 0.382812
1 0.501465 0.909375 0.293579 0.18125
0 0.27895 0.130762 0.371239 0.261523
0 0.735535 0.114063 0.345947 0.228125
1 0.561371 0.243359 0.330872 0.413281
0 0.553436 0.0377441 0.257874 0.0754883
0 0.183735 0.121094 0.353783 0.242188
1 0.125267 0.137305 0.250534 0.274609
0 0.495117 0.150879 0.44751 0.301758
0 0.918945 0.554688 0.162109 0.328125
0 0.883041 0.861719 0.233917 0.276563
0 0.707367 0.921875 0.364197 0.15625
1 0.872726 0.146289 0.254547 0.292578
0 0.107315 0.696484 0.21463 0.338281
1 0.765686 0.82207 0.372925 0.318359
1 0.596283 0.903906 0.310242 0.192188
0 0.0914459 0.0396484 0.182892 0.0792969
0 0.243938 0.0408203 0.266701 0.0816406
1 0.0993805 0.910937 0.198761 0.178125
1 0.1092 0.206689 0.218399 0.31709
1 0.807739 0.283545 0.372925 0.34541
0 0.966553 0.761719 0.0668945 0.225
1 0.47052 0.892187 0.395142 0.215625
1 0.656189 0.898438 0.29834 0.203125
1 0.44632 0.928125 0.375305 0.14375
1 0.0481529 0.14082 0.0963058 0.281641
1 0.155418 0.306641 0.310837 0.43125
0 0.597473 0.347656 0.396729 0.411719
1 0.967346 0.475 0.0653076 0.219531
1 0.193405 0.796094 0.38681 0.323438
0 0.19405 0.0410645 0.263329 0.0821289
1 0.32869 0.23125 0.372528 0.409375
0 0.775604 0.650781 0.359436 0.370313
1 0.872131 0.664062 0.255737 0.36875
0 0.966949 0.692187 0.0661011 0.285937
1 0.70578 0.894531 0.291199 0.210938
0 0.955444 0.970312 0.0891113 0.059375
0 0.147781 0.0411133 0.255493 0.0822266
1 0.450287 0.0378906 0.265015 0.0757812
0 0.222218 0.442969 0.310143 0.396875
1 0.847534 0.54375 0.304932 0.394531
0 0.180313 0.769922 0.360626 0.422656
0 0.160179 0.821875 0.320358 0.246875
0 0.33955 0.898438 0.343666 0.1875
0 0.0910492 0.170117 0.182098 0.318359
0 0.359634 0.194922 0.418549 0.389844
1 0.468536 0.189844 0.410217 0.379687
0 0.1092 0.206689 0.218399 0.31709
0 0.106026 0.792188 0.212051 0.340625
0 0.656189 0.898438 0.29834 0.203125
1 0.758148 0.891406 0.326111 0.217187
0 0.354725 0.919531 0.391075 0.160938
0 0.763306 0.923437 0.361816 0.153125
1 0.396629 0.0391602 0.274734 0.0783203
1 0.499977 0.0371582 0.261642 0.0743164
1 0.560577 0.881836 0.381653 0.236328
1 0.707367 0.921875 0.364197 0.15625
1 0.0658569 0.0529297 0.131714 0.105859
0 0.603821 0.0381348 0.258667 0.0762695
0 0.664124 0.4625 0.471313 0.4375
1 0.772827 0.505859 0.437988 0.436719
1 0.962982 0.810156 0.0740356 0.25625
1 0.340988 0.0400391 0.283661 0.0800781
1 0.259808 0.294727 0.310341 0.424609
0 0.540344 0.308594 0.399109 0.403125
1 0.667694 0.857813 0.353088 0.284375
0 0.114357 0.876367 0.228714 0.247266
0 0.219193 0.935156 0.356659 0.129688
1 0.549767 0.139062 0.419144 0.278125
0 0.798019 0.141602 0.38443 0.283203
0 0.292736 0.372852 0.348427 0.398828
0 0.108109 0.594531 0.216217 0.328125
0 0.0484009 0.926172 0.0968018 0.147656
1 0.816589 0.110742 0.366821 0.221484
1 0.391174 0.232422 0.350708 0.398438
1 0.33955 0.898438 0.343666 0.1875
0 0.266006 0.921875 0.345551 0.15625
0 0.826584 0.925 0.330475 0.15
0 0.888794 0.491406 0.222412 0.325
0 0.96814 0.515625 0.0637207 0.223438
1 0.505432 0.244922 0.340393 0.399219
1 0.888794 0.6125 0.222412 0.36875
0 0.2547 0.822656 0.479248 0.3375
0 0.845551 0.861328 0.308899 0.277344
1 0.406944 0.926172 0.384232 0.147656
1 0.553436 0.0377441 0.257874 0.0754883
0 0.748627 0.813477 0.457825 0.373047
1 0.966553 0.761719 0.0668945 0.225
0 0.115845 0.826563 0.231689 0.264062
1 0.658966 0.395312 0.426086 0.409375
0 0.580017 0.857813 0.439575 0.284375
1 0.815475 0.892187 0.311432 0.215625
1 0.955444 0.970312 0.0891113 0.059375
0 0.839203 0.335352 0.321594 0.352734
1 0.150757 0.771484 0.301514 0.408594
0 0.0878754 0.831055 0.175751 0.319141
0 0.875305 0.270312 0.24939 0.308594
1 0.165535 0.372656 0.33107 0.425
1 0.218796 0.369531 0.311432 0.410937
0 0.713318 0.567969 0.495117 0.43125
1 0.873718 0.766406 0.252563 0.3375
0 0.861221 0.930469 0.277557 0.139062
1 0.0914459 0.0396484 0.182892 0.0792969
1 0.243938 0.0408203 0.266701 0.0816406
0 0.59787 0.135742 0.405457 0.271484
0 0.873917 0.174219 0.252167 0.314453
1 0.11525 0.264258 0.230499 0.330859
1 0.338806 0.302344 0.357056 0.428125
0 0.807739 0.283545 0.372925 0.34541
0 0.964569 0.644531 0.0708618 0.31875
0 0.560577 0.80332 0.519714 0.387109
0 0.462189 0.838867 0.505432 0.322266
0 0.70578 0.894531 0.291199 0.210938
0 0.656189 0.0377441 0.253906 0.0754883
1 0.630798 0.117578 0.3396 0.235156
0 0.401093 0.165918 0.438782 0.331836
1 0.661743 0.156641 0.358643 0.313281
0 0.180115 0.498828 0.324921 0.399219
0 0.165634 0.64375 0.331268 0.40625
0 0.879868 0.883008 0.240265 0.233984
1 0.86499 0.049707 0.27002 0.0994141
1 0.96814 0.515625 0.0637207 0.223438
1 0.1455 0.721484 0.291 0.436719
1 0.878876 0.8125 0.242249 0.317187
0 0.0619392 0.854297 0.123878 0.291406
1 0.879868 0.883008 0.240265 0.233984
1 0.147781 0.0411133 0.255493 0.0822266
1 0.19405 0.0410645 0.263329 0.0821289
0 0.260849 0.168457 0.388397 0.336914
0 0.11525 0.264258 0.230499 0.330859
1 0.966949 0.692187 0.0661011 0.285937
0 0.360626 0.807813 0.519714 0.384375
1 0.119415 0.76875 0.238831 0.307813
0 0.394745 0.880273 0.4245 0.239453
1 0.603821 0.0381348 0.258667 0.0762695
1 0.359634 0.194922 0.418549 0.389844
0 0.359833 0.375781 0.477661 0.436719
0 0.1455 0.721484 0.291 0.436719
0 0.694275 0.142676 0.38562 0.285352
1 0.875305 0.270312 0.24939 0.308594
1 0.176991 0.441016 0.332359 0.404687
0 0.11158 0.49209 0.22316 0.337695
1 0.146889 0.632812 0.293777 0.403125
0 0.717285 0.732422 0.498291 0.457031
1 0.775925 0.752344 0.448151 0.446875
0 0.654205 0.836719 0.47052 0.326562
1 0.114357 0.876367 0.228714 0.247266
0 0.140839 0.169531 0.0583191 0.0578125
1 0.0984879 0.80625 0.0970001 0.0921875
0 0.142029 0.179883 0.0618896 0.0640625
0 0.272552 0.728906 0.0864868 0.084375
0 0.669678 0.151172 0.0515747 0.0519531
1 0.100273 0.81875 0.0852966 0.08125
0 0.132309 0.167187 0.0630798 0.0628906
0 0.270172 0.739062 0.0761719 0.0734375
0 0.131516 0.161816 0.0785522 0.0595703
0 0.668884 0.14668 0.0706177 0.0617188
0 0.146492 0.188672 0.0612946 0.0753906
0 0.280884 0.742969 0.0801392 0.071875
1 0.106819 0.801758 0.0743866 0.0808594
0 0.110588 0.390625 0.0862885 0.075
0 0.282471 0.721094 0.0773621 0.0734375
0 0.866455 0.707031 0.0761719 0.065625
0 0.119713 0.390625 0.066452 0.0671875
0 0.443146 0.682422 0.0825195 0.0640625
0 0.433624 0.396094 0.0769653 0.0773437
0 0.677216 0.63125 0.106323 0.0953125
1 0.154922 0.946484 0.103546 0.107031
0 0.256683 0.728906 0.0785522 0.078125
0 0.85376 0.702344 0.0507812 0.0523437
1 0.141434 0.168945 0.0614929 0.059375
0 0.891174 0.590625 0.217651 0.3
0 0.502655 0.419531 0.0880737 0.0804688
0 0.883438 0.644531 0.233124 0.292188
0 0.288025 0.732031 0.0801392 0.0796875
0 0.904663 0.529297 0.190674 0.269531
0 0.878082 0.696875 0.243835 0.290625
0 0.876694 0.839063 0.246613 0.265625
0 0.878876 0.876172 0.242249 0.247656
0 0.875305 0.75 0.24939 0.2875
0 0.333649 0.264062 0.0936279 0.0789063
0 0.0511284 0.944531 0.102257 0.110937
0 0.907043 0.271289 0.185913 0.283984
0 0.909424 0.325 0.181152 0.295312
0 0.899109 0.476953 0.201782 0.289844
0 0.848328 0.182617 0.303345 0.365234
0 0.876892 0.259033 0.246216 0.386621
0 0.877487 0.582422 0.245026 0.394531
0 0.898315 0.425098 0.203369 0.29043
0 0.0537567 0.0648926 0.107513 0.129785
0 0.118225 0.14707 0.23645 0.294141
0 0.745056 0.252393 0.315796 0.293652
0 0.903076 0.373437 0.193848 0.295312
0 0.687927 0.239844 0.299927 0.260547
0 0.834641 0.154297 0.330719 0.308594
0 0.876099 0.736328 0.247803 0.402344
0 0.937195 0.0412109 0.12561 0.0824219
0 0.694672 0.171582 0.276917 0.242773
0 0.884033 0.839063 0.231934 0.321875
0 0.779968 0.125977 0.338013 0.251953
1 0.875702 0.635547 0.248596 0.388281
0 0.75061 0.17168 0.296753 0.261719
0 0.804367 0.20293 0.34317 0.316797
0 0.796432 0.27832 0.34317 0.346484
0 0.30072 0.174414 0.265808 0.219141
0 0.17218 0.132617 0.34436 0.265234
0 0.238434 0.171289 0.242798 0.226953
0 0.607788 0.236719 0.271362 0.244922
0 0.630798 0.174805 0.279297 0.23125
1 0.904663 0.529297 0.190674 0.269531
0 0.881653 0.889063 0.236694 0.221875
0 0.907043 0.112891 0.185913 0.225781
0 0.227921 0.122266 0.360626 0.244531
0 0.835632 0.231836 0.328735 0.384766
0 0.356461 0.141602 0.416962 0.283203
0 0.891174 0.173828 0.217651 0.296484
0 0.537964 0.133398 0.307861 0.266797
0 0.5578 0.175 0.257874 0.204688
0 0.216614 0.247705 0.260254 0.237402
0 0.870941 0.458203 0.258118 0.396094
0 0.495117 0.178076 0.193604 0.184473
0 0.533997 0.240039 0.241211 0.201562
0 0.874512 0.358594 0.250977 0.400781
0 0.0812302 0.939844 0.16246 0.120312
0 0.353088 0.183398 0.225342 0.2125
0 0.180115 0.292627 0.307861 0.318652
1 0.899109 0.476953 0.201782 0.289844
1 0.883438 0.644531 0.233124 0.292188
1 0.118225 0.14707 0.23645 0.294141
1 0.884033 0.858594 0.231934 0.282813
0 0.40625 0.1875 0.210266 0.194141
1 0.876892 0.259033 0.246216 0.386621
0 0.692688 0.337158 0.369751 0.387402
1 0.88562 0.829687 0.22876 0.340625
0 0.37838 0.915234 0.292191 0.169531
0 0.130623 0.947656 0.261246 0.104687
0 0.449493 0.189795 0.19281 0.177441
0 0.313019 0.256055 0.345154 0.281641
1 0.909424 0.325 0.181152 0.295312
1 0.898315 0.425098 0.203369 0.29043
0 0.44989 0.141602 0.413391 0.283203
0 0.662933 0.135937 0.392761 0.271875
1 0.848328 0.182617 0.303345 0.365234
0 0.478554 0.239893 0.210861 0.17334
0 0.886017 0.962891 0.227966 0.0742188
1 0.907043 0.271289 0.185913 0.283984
0 0.220779 0.333594 0.315399 0.275781
0 0.265808 0.337109 0.376892 0.322656
0 0.628021 0.335205 0.348328 0.353027
1 0.876099 0.736328 0.247803 0.402344
0 0.329086 0.873633 0.286041 0.237109
0 0.214432 0.133789 0.255096 0.251563
0 0.445129 0.139746 0.335632 0.279492
1 0.903076 0.373437 0.193848 0.295312
0 0.349567 0.471973 0.379967 0.368555
0 0.543915 0.85625 0.419739 0.2875
1 0.0511284 0.944531 0.102257 0.110937
0 0.320557 0.13457 0.301514 0.269141
0 0.384033 0.138574 0.32135 0.277148
0 0.134689 0.313281 0.269379 0.345313
0 0.851105 0.295508 0.297791 0.410547
0 0.567719 0.324414 0.299133 0.252734
0 0.408531 0.887305 0.320755 0.225391
0 0.199158 0.926562 0.329681 0.146875
0 0.363007 0.567969 0.0896606 0.0773437
0 0.37233 0.263281 0.288422 0.257031
0 0.435509 0.243018 0.214432 0.171777
0 0.337219 0.346484 0.369751 0.321875
0 0.464569 0.324023 0.283264 0.206641
0 0.514557 0.325391 0.276917 0.217969
0 0.801193 0.337549 0.371735 0.393652
1 0.875305 0.525098 0.24939 0.37793
1 0.878082 0.696875 0.243835 0.290625
0 0.0706177 0.0405273 0.141235 0.0810547
1 0.937195 0.0412109 0.12561 0.0824219
0 0.401886 0.251953 0.214233 0.1875
0 0.481628 0.410937 0.371338 0.31875
0 0.23407 0.471484 0.398315 0.371094
0 0.49115 0.835156 0.437988 0.329688
0 0.108803 0.761719 0.217606 0.132812
0 0.702606 0.941406 0.376892 0.117188
1 0.0537567 0.0648926 0.107513 0.129785
0 0.544708 0.130664 0.399902 0.261328
0 0.259064 0.133301 0.27771 0.266602
0 0.158691 0.205908 0.278503 0.27959
0 0.229507 0.410059 0.370941 0.343945
0 0.597076 0.828516 0.434021 0.342969
0 0.828094 0.895312 0.343811 0.209375
0 0.426483 0.91875 0.281677 0.1625
0 0.875702 0.904688 0.248596 0.190625
0 0.798019 0.939062 0.352692 0.121875
0 0.399109 0.351562 0.325317 0.292188
0 0.429657 0.337695 0.287231 0.236328
0 0.0925369 0.766406 0.185074 0.151562
0 0.259907 0.833008 0.331566 0.233984
0 0.098587 0.174219 0.197174 0.253125
0 0.110588 0.235156 0.221176 0.275
0 0.585571 0.408203 0.379272 0.341406
0 0.64032 0.40791 0.395142 0.382617
0 0.53965 0.739844 0.410812 0.359375
0 0.692688 0.732031 0.374512 0.321875
0 0.400597 0.789062 0.39534 0.348437
0 0.495117 0.490625 0.404663 0.35625
0 0.201538 0.517871 0.345947 0.320508
0 0.304886 0.521094 0.378876 0.351562
0 0.594299 0.583984 0.414185 0.358594
0 0.148376 0.154687 0.234863 0.249219
0 0.155914 0.382422 0.311829 0.367188
0 0.648254 0.531641 0.407837 0.372656
0 0.697449 0.627344 0.415771 0.345313
0 0.695068 0.675781 0.380859 0.292188
0 0.427673 0.742188 0.434814 0.351562
0 0.778778 0.724219 0.413391 0.34375
0 0.697845 0.858203 0.427673 0.283594
0 0.637146 0.941797 0.336426 0.116406
0 0.832458 0.567871 0.335083 0.408008
0 0.756165 0.878125 0.403076 0.24375
0 0.75061 0.907031 0.366577 0.185937
0 0.0660553 0.11543 0.132111 0.230859
1 0.834641 0.154297 0.330719 0.308594
0 0.395935 0.413281 0.369751 0.332812
0 0.40139 0.530566 0.393753 0.326367
0 0.823532 0.516504 0.352936 0.399805
0 0.486389 0.584375 0.419739 0.353125
0 0.839203 0.73125 0.321594 0.365625
1 0.875305 0.75 0.24939 0.2875
0 0.693878 0.795313 0.40863 0.346875
0 0.741882 0.8375 0.42688 0.325
0 0.838806 0.862305 0.322388 0.275391
0 0.117233 0.816406 0.234467 0.229687
1 0.130623 0.947656 0.261246 0.104687
0 0.394447 0.928125 0.361618 0.14375
0 0.893555 0.152148 0.212891 0.304297
0 0.752991 0.396094 0.398315 0.401563
0 0.152542 0.528223 0.305084 0.348242
0 0.553139 0.541406 0.383835 0.323438
0 0.824722 0.628906 0.350555 0.376563
0 0.443146 0.684375 0.395935 0.309375
0 0.334442 0.735156 0.411804 0.353125
0 0.440765 0.852734 0.402283 0.294531
1 0.907043 0.112891 0.185913 0.225781
1 0.227921 0.122266 0.360626 0.244531
1 0.891174 0.173828 0.217651 0.296484
1 0.537964 0.133398 0.307861 0.266797
0 0.101562 0.279297 0.203125 0.307813
0 0.700226 0.463184 0.410217 0.392383
0 0.743469 0.519922 0.42688 0.394531
0 0.101265 0.678125 0.20253 0.30625
0 0.554626 0.688281 0.379272 0.315625
0 0.0905533 0.766016 0.181107 0.227344
0 0.830872 0.844531 0.338257 0.310937
1 0.878876 0.876172 0.242249 0.247656
1 0.356461 0.141602 0.416962 0.283203
1 0.779968 0.125977 0.338013 0.251953
0 0.593109 0.484766 0.416565 0.364844
0 0.194744 0.669531 0.347633 0.295312
0 0.217606 0.719531 0.427277 0.357812
0 0.0581207 0.141992 0.116241 0.283984
1 0.17218 0.132617 0.34436 0.265234
1 0.44989 0.141602 0.413391 0.283203
0 0.105431 0.376563 0.210861 0.31875
0 0.824127 0.390234 0.351746 0.397656
0 0.785248 0.457715 0.429504 0.406445
1 0.870941 0.458203 0.258118 0.396094
0 0.103745 0.530078 0.207489 0.311719
0 0.228516 0.563281 0.417358 0.35625
0 0.339401 0.574219 0.395538 0.353125
0 0.610168 0.644922 0.391968 0.336719
0 0.348724 0.681641 0.384827 0.308594
0 0.787109 0.798633 0.425293 0.349609
1 0.876694 0.839063 0.246613 0.265625
0 0.78981 0.857617 0.42038 0.284766
0 0.54203 0.8875 0.372726 0.225
0 0.662537 0.916406 0.266602 0.167187
0 0.47538 0.926953 0.22197 0.146094
0 0.297199 0.923828 0.340294 0.152344
0 0.462982 0.938281 0.332458 0.123438
0 0.580811 0.936719 0.303101 0.126563
0 0.139351 0.596875 0.278702 0.339844
0 0.276123 0.8 0.306274 0.214062
0 0.506226 0.910937 0.256287 0.178125
0 0.143318 0.451953 0.286636 0.328125
0 0.849121 0.445703 0.301758 0.403125
0 0.149864 0.671094 0.299728 0.323438
0 0.798218 0.674219 0.403076 0.326562
0 0.330029 0.856836 0.372231 0.286328
0 0.57962 0.921875 0.224548 0.15625
0 0.8125 0.930469 0.244385 0.139062
1 0.199158 0.926562 0.329681 0.146875
0 0.12368 0.114941 0.24736 0.229883
1 0.544708 0.130664 0.399902 0.261328
0 0.231888 0.634375 0.43045 0.346875
0 0.122887 0.760156 0.162064 0.179688
0 0.372925 0.831445 0.36499 0.262109
0 0.207886 0.81543 0.323334 0.206641
1 0.875702 0.904688 0.248596 0.190625
1 0.5578 0.175 0.257874 0.204688
1 0.694672 0.171582 0.276917 0.242773
1 0.874512 0.358594 0.250977 0.400781
0 0.780487 0.565723 0.439026 0.410742
0 0.499481 0.644922 0.40863 0.341406
0 0.162262 0.751953 0.324524 0.346094
0 0.653412 0.884375 0.407043 0.23125
0 0.327499 0.90625 0.274933 0.171875
0 0.501068 0.936719 0.293579 0.126563
0 0.0888672 0.120117 0.177734 0.240234
1 0.495117 0.178076 0.193604 0.184473
0 0.0968018 0.771484 0.193604 0.303906
0 0.288818 0.765625 0.430054 0.382812
0 0.511383 0.926562 0.219788 0.125
1 0.134689 0.313281 0.269379 0.345313
1 0.745056 0.252393 0.315796 0.293652
0 0.400597 0.639844 0.396927 0.34375
0 0.196777 0.773438 0.267395 0.1625
0 0.473793 0.894531 0.280685 0.210938
0 0.774017 0.933594 0.249939 0.132812
1 0.0812302 0.939844 0.16246 0.120312
0 0.53717 0.935547 0.290405 0.128906
1 0.893555 0.152148 0.212891 0.304297
1 0.630798 0.174805 0.279297 0.23125
1 0.804367 0.20293 0.34317 0.316797
1 0.687927 0.239844 0.299927 0.260547
1 0.88324 0.914844 0.233521 0.170312
0 0.718872 0.934375 0.282471 0.13125
1 0.886017 0.928906 0.227966 0.142188
1 0.662933 0.135937 0.392761 0.271875
1 0.445129 0.139746 0.335632 0.279492
1 0.238434 0.171289 0.242798 0.226953
1 0.30072 0.174414 0.265808 0.219141
1 0.75061 0.17168 0.296753 0.261719
1 0.796432 0.27832 0.34317 0.346484
0 0.842377 0.800781 0.315247 0.3375
0 0.8396 0.872656 0.320801 0.254687
0 0.119812 0.870313 0.239624 0.253125
0 0.280487 0.864844 0.318176 0.251563
0 0.0643692 0.910937 0.128738 0.14375
0 0.653015 0.934375 0.253113 0.13125
1 0.449493 0.189795 0.19281 0.177441
0 0.123581 0.719531 0.247162 0.320312
0 0.0826683 0.817187 0.165337 0.28125
0 0.552246 0.925781 0.230896 0.11875
1 0.098587 0.174219 0.197174 0.253125
1 0.110588 0.235156 0.221176 0.275
1 0.40625 0.1875 0.210266 0.194141
1 0.607788 0.236719 0.271362 0.244922
1 0.155914 0.382422 0.311829 0.367188
0 0.848999 0.933203 0.280884 0.133594
1 0.100794 0.804883 0.0927849 0.0933594
0 0.138657 0.167773 0.0551453 0.05625
0 0.131912 0.169336 0.046814 0.0476562
1 0.0845032 0.80625 0.0654602 0.075
0 0.553833 0.18833 0.0380859 0.0452148
1 0.104935 0.809375 0.0751801 0.078125
0 0.561768 0.190234 0.0380859 0.0441406
1 0.468536 1 0.0991821 0
0 0.285248 0.703906 0.0587158 0.04375
1 0.503845 1 0.0983887 0
1 0.9729 0.710547 0.0541992 0.144531
1 0.491943 0.976953 0.106323 0.0460938
1 0.657776 1 0.0968018 0
1 0.747437 1 0.0983887 0
1 0.759735 1 0.0975952 0
1 0.9729 0.607813 0.0541992 0.153125
1 0.645081 1 0.0983887 0
1 0.62088 1 0.0975952 0
0 0.0997772 0.80332 0.0983887 0.0964844
0 0.0415077 0.951953 0.0830154 0.0960938
1 0.683167 1 0.0983887 0
1 0.315796 1 0.0975952 0
0 0.569702 0.186719 0.0666504 0.0519531
0 0.854675 0.833594 0.290649 0.215625
1 0.327698 1 0.0960083 0
1 0.15274 0.946875 0.10791 0.10625
0 0.205109 0.372266 0.284454 0.235938
0 0.0528641 0.055127 0.105728 0.110254
0 0.0813293 0.377734 0.162659 0.176563
0 0.0775604 0.422656 0.155121 0.146094
0 0.0816269 0.510938 0.163254 0.198437
0 0.0847015 0.104492 0.169403 0.208984
0 0.631989 0.122168 0.330872 0.244336
0 0.853882 0.878125 0.292236 0.228125
0 0.0853958 0.276172 0.170792 0.221875
0 0.0831146 0.341406 0.166229 0.207813
0 0.190628 0.421777 0.255096 0.212695
0 0.0798416 0.4625 0.159683 0.151562
0 0.0802383 0.20957 0.160477 0.179688
0 0.302704 0.378223 0.307861 0.281055
0 0.0882721 0.611719 0.176544 0.188281
0 0.0427971 0.12627 0.0855942 0.252539
0 0.0595093 0.134668 0.119019 0.170117
0 0.0784035 0.140723 0.156807 0.132227
0 0.416168 0.402734 0.337219 0.3375
0 0.319565 0.434473 0.344757 0.29043
0 0.824921 0.127734 0.350159 0.255469
0 0.0718575 0.221875 0.143715 0.274219
0 0.0623856 0.184326 0.124771 0.181348
0 0.0606995 0.316797 0.121399 0.274219
0 0.0615921 0.227539 0.123184 0.171484
0 0.074337 0.932813 0.148674 0.134375
0 0.613342 0.273633 0.274536 0.258984
0 0.133797 0.379687 0.183487 0.200781
0 0.359634 0.396484 0.350311 0.322656
0 0.0550461 0.510156 0.110092 0.15
0 0.891968 0.883203 0.216064 0.233594
0 0.0676422 0.271924 0.135284 0.276465
0 0.271957 0.259375 0.272552 0.23125
0 0.567322 0.280811 0.262634 0.263379
0 0.68396 0.277344 0.314209 0.279687
0 0.736328 0.268945 0.284058 0.262109
0 0.481232 0.335742 0.357056 0.297266
0 0.679596 0.335742 0.318176 0.288672
0 0.624847 0.399902 0.315002 0.314258
0 0.68396 0.391504 0.31897 0.304492
0 0.261444 0.422266 0.310242 0.254687
0 0.184875 0.489062 0.262634 0.240625
0 0.900299 0.922656 0.199402 0.154687
0 0.203571 0.32207 0.298241 0.274609
0 0.419838 0.326758 0.364792 0.285547
0 0.0547485 0.425684 0.109497 0.154883
0 0.055542 0.470313 0.111084 0.145313
0 0.198959 0.573438 0.279694 0.3
0 0.0563354 0.0498047 0.112671 0.0996094
0 0.0524178 0.364258 0.104836 0.260547
0 0.0614929 0.279492 0.122986 0.194141
0 0.296703 0.317187 0.307961 0.265625
0 0.613342 0.33457 0.285645 0.269141
0 0.0814285 0.566406 0.162857 0.171875
0 0.889191 0.726953 0.221619 0.242969
1 0.0415077 0.951953 0.0830154 0.0960938
0 0.173965 0.937109 0.347931 0.125781
0 0.14064 0.329688 0.222961 0.252344
0 0.354675 0.323047 0.360229 0.275781
0 0.132135 0.427344 0.176891 0.167969
0 0.378578 0.4375 0.367966 0.298438
0 0.564941 0.451953 0.34436 0.320312
0 0.68515 0.435156 0.294373 0.279687
0 0.0442352 0.620703 0.0884705 0.265625
0 0.23288 0.940234 0.347534 0.119531
0 0.0792465 0.175391 0.158493 0.134375
0 0.12973 0.275 0.2547 0.251563
0 0.220184 0.262549 0.270569 0.231934
0 0.348328 0.263477 0.341187 0.250391
0 0.419739 0.272266 0.365784 0.275781
0 0.766876 0.252344 0.23407 0.217969
0 0.760529 0.317383 0.246765 0.232422
0 0.460999 0.433496 0.269775 0.256445
0 0.510094 0.434473 0.306473 0.273242
0 0.754578 0.419629 0.255493 0.25293
0 0.815674 0.419141 0.295166 0.265625
0 0.14064 0.56875 0.250336 0.304688
0 0.139053 0.948438 0.278107 0.103125
0 0.535583 0.124609 0.324524 0.249219
0 0.889191 0.192383 0.221619 0.377734
0 0.480438 0.284961 0.348328 0.306641
0 0.308456 0.510254 0.335236 0.320117
0 0.893951 0.760156 0.212097 0.20625
0 0.0580215 0.331445 0.116043 0.193359
0 0.0561371 0.376465 0.112274 0.15957
0 0.762512 0.378125 0.284058 0.280469
0 0.0464172 0.567578 0.0928345 0.249219
0 0.314407 0.560938 0.324921 0.260938
0 0.88562 0.675 0.22876 0.239063
0 0.331219 0.947656 0.343666 0.104687
0 0.546692 0.212939 0.225342 0.194434
0 0.813293 0.372852 0.307861 0.273047
1 0.530029 1 0.0960083 0
1 0.695862 1 0.0968018 0
0 0.0626335 0.17168 0.125267 0.263672
0 0.11644 0.209814 0.222168 0.219434
0 0.503052 0.220508 0.222168 0.192578
0 0.733154 0.2 0.276123 0.2125
0 0.0458717 0.410937 0.0917435 0.239063
0 0.806946 0.309766 0.261841 0.213281
0 0.859039 0.420215 0.281921 0.275195
0 0.25589 0.496094 0.319763 0.289062
0 0.452171 0.484766 0.28743 0.2625
0 0.506226 0.491016 0.327698 0.291406
0 0.172924 0.624219 0.296852 0.2125
0 0.431541 0.953906 0.346146 0.0921875
0 0.485992 0.957031 0.353088 0.0859375
0 0.583191 0.955469 0.3396 0.0890625
0 0.162857 0.200977 0.230103 0.216016
0 0.606995 0.209961 0.253906 0.205469
0 0.0447311 0.517187 0.0894623 0.25
0 0.128937 0.477344 0.218994 0.184375
0 0.0548477 0.566406 0.109695 0.157031
0 0.378479 0.643359 0.381653 0.308594
0 0.887207 0.90625 0.225586 0.1875
1 0.582397 1 0.0936279 0
0 0.0584183 0.0911133 0.116837 0.182227
0 0.689514 0.149609 0.299927 0.224219
0 0.418549 0.219922 0.337219 0.262891
0 0.68158 0.206299 0.291992 0.222559
0 0.81488 0.246924 0.249146 0.200684
0 0.0436897 0.465234 0.0873795 0.246094
0 0.567719 0.505371 0.357849 0.33457
0 0.632385 0.503027 0.330078 0.318945
0 0.68396 0.485156 0.301514 0.25625
0 0.499481 0.566797 0.258667 0.210156
0 0.148575 0.81543 0.29715 0.225391
0 0.624451 0.946875 0.345947 0.10625
1 0.460999 0.995313 0.102356 0.009375
0 0.884628 0.632031 0.230743 0.248437
0 0.180065 0.585156 0.242897 0.207813
0 0.374908 0.571875 0.30072 0.207813
1 0.854675 0.833594 0.290649 0.215625
1 0.631989 0.122168 0.330872 0.244336
0 0.163824 0.158008 0.19762 0.162891
0 0.470917 0.219189 0.284851 0.232715
0 0.3638 0.501172 0.355469 0.3125
0 0.887207 0.567187 0.225586 0.226562
0 0.427673 0.563672 0.27533 0.213281
0 0.432037 0.631641 0.349121 0.271094
1 1 0 0 0
0 0.207092 0.20293 0.23645 0.227344
0 0.273544 0.206201 0.289215 0.249316
0 0.743469 0.470313 0.239624 0.220313
0 0.0368958 0.703125 0.0737915 0.232812
0 0.668884 0.9375 0.345947 0.125
0 0.15036 0.115039 0.30072 0.230078
0 0.715698 0.116016 0.322144 0.232031
0 0.643097 0.157031 0.30072 0.227344
0 0.835236 0.548047 0.329529 0.321094
1 0.889191 0.726953 0.221619 0.242969
0 0.180908 0.758984 0.303101 0.194531
0 0.83313 0.824805 0.296753 0.228516
0 0.40873 0.537109 0.339401 0.292969
0 0.834442 0.639844 0.331116 0.359375
0 0.086586 0.846875 0.173172 0.23125
0 0.18924 0.110937 0.31897 0.221875
1 0.0802383 0.20957 0.160477 0.179688
0 0.3517 0.211523 0.345551 0.256641
0 0.815674 0.192627 0.276123 0.196777
1 0.0775604 0.422656 0.155121 0.146094
0 0.891174 0.504687 0.217651 0.188281
1 0.0816269 0.510938 0.163254 0.198437
0 0.225342 0.633594 0.340393 0.246875
0 0.0906525 0.672266 0.181305 0.249219
0 0.292984 0.667969 0.342377 0.289062
1 0.893951 0.760156 0.212097 0.20625
0 0.14064 0.755469 0.281281 0.190625
0 0.228912 0.764063 0.299133 0.20625
0 0.695862 0.868555 0.328491 0.250391
0 0.530426 0.137891 0.409424 0.275781
0 0.289017 0.586719 0.29953 0.214062
0 0.230053 0.816406 0.327797 0.223438
0 0.283463 0.820312 0.326508 0.232812
0 0.544312 0.872656 0.334839 0.251563
0 0.857651 0.953906 0.284698 0.0921875
1 0.543518 1 0.0936279 0
1 0.0847015 0.104492 0.169403 0.208984
1 0.0623856 0.184326 0.124771 0.181348
0 0.203869 0.151465 0.22068 0.188477
0 0.578033 0.165723 0.264221 0.219336
0 0.829483 0.187891 0.341034 0.282813
1 0.0853958 0.276172 0.170792 0.221875
1 0.0831146 0.341406 0.166229 0.207813
1 0.0813293 0.377734 0.162659 0.176563
0 0.888 0.47666 0.223999 0.238867
0 0.80159 0.472656 0.263031 0.229687
1 0.0882721 0.611719 0.176544 0.188281
0 0.49839 0.626562 0.317184 0.253125
0 0.840393 0.725391 0.319214 0.277344
0 0.891174 0.810742 0.217651 0.225391
0 0.889587 0.830078 0.220825 0.339844
0 0.0959091 0.89375 0.191818 0.209375
0 0.780762 0.942969 0.345947 0.114063
1 0.0595093 0.134668 0.119019 0.170117
0 0.772034 0.141992 0.299927 0.235938
1 0.0615921 0.227539 0.123184 0.171484
0 0.858643 0.475 0.282715 0.227344
0 0.720856 0.517187 0.291199 0.235938
0 0.240021 0.581641 0.284058 0.190625
0 0.564941 0.571094 0.288818 0.235938
0 0.620087 0.571094 0.276917 0.242188
1 0.88562 0.675 0.22876 0.239063
0 0.884628 0.705078 0.230743 0.403906
0 0.093132 0.799219 0.186264 0.225
0 0.151451 0.86582 0.302902 0.249609
0 0.790283 0.873242 0.347534 0.250391
0 0.832062 0.949219 0.335876 0.101562
0 0.886612 0.966406 0.226776 0.0671875
1 0.972107 0.749219 0.0557861 0.160938
0 0.857452 0.3125 0.285095 0.233594
0 0.831467 0.439063 0.337067 0.385938
1 0.0798416 0.4625 0.159683 0.151562
1 0.887207 0.567187 0.225586 0.226562
0 0.88562 0.605859 0.22876 0.421094
0 0.670074 0.563281 0.278503 0.233594
0 0.0340691 0.753125 0.0681381 0.228125
1 0.2122 0.184766 0.132607 0.128125
0 0.888596 0.0617188 0.222809 0.123438
0 0.432434 0.142773 0.413391 0.285547
0 0.119043 0.15498 0.182446 0.161523
0 0.430748 0.126367 0.344559 0.252734
0 0.488869 0.8375 0.344162 0.284375
1 0.892365 0.855469 0.215271 0.289062
0 0.631592 0.124414 0.411011 0.248828
1 0.824921 0.127734 0.350159 0.255469
1 0.0784035 0.140723 0.156807 0.132227
1 0.0792465 0.175391 0.158493 0.134375
0 0.267792 0.155078 0.272949 0.215625
0 0.471413 0.170801 0.24736 0.20918
0 0.518127 0.170117 0.231689 0.210547
1 0.0614929 0.279492 0.122986 0.194141
1 0.0550461 0.510156 0.110092 0.15
1 0.884628 0.632031 0.230743 0.248437
1 0.0814285 0.566406 0.162857 0.171875
0 0.0553436 0.607813 0.110687 0.152344
0 0.841583 0.789844 0.316833 0.25
0 0.334442 0.828906 0.325317 0.259375
1 0.853882 0.878125 0.292236 0.228125
0 0.917358 0.031543 0.165283 0.0630859
0 0.837616 0.376563 0.324768 0.361719
0 0.887207 0.500879 0.225586 0.356055
1 0.891174 0.810742 0.217651 0.225391
0 0.2789 0.770312 0.289612 0.226562
1 0.140244 0.167383 0.055542 0.0527344
1 0.473297 0.976562 0.107117 0.046875
1 0.0563354 0.0498047 0.112671 0.0996094
0 0.286488 0.122461 0.395042 0.244922
0 0.416466 0.167187 0.293777 0.21875
1 0.0580215 0.331445 0.116043 0.193359
0 0.888992 0.427734 0.222015 0.252344
1 0.0547485 0.425684 0.109497 0.154883
1 0.055542 0.470313 0.111084 0.145313
1 0.0548477 0.566406 0.109695 0.157031
0 0.716888 0.557813 0.289612 0.23125
0 0.890381 0.864844 0.219238 0.254687
0 0.439476 0.873438 0.331863 0.253125
0 0.549866 0.902344 0.31897 0.195312
1 0.900299 0.922656 0.199402 0.154687
1 0.443542 1 0.0968018 0
0 0.388 0.836133 0.333252 0.283984
0 0.590332 0.842969 0.355469 0.298438
0 0.743469 0.832617 0.341187 0.259766
0 0.875702 0.965625 0.248596 0.06875
1 0.729584 0.143066 0.288025 0.225195
1 0.0561371 0.376465 0.112274 0.15957
1 0.891174 0.504687 0.217651 0.188281
0 0.0318623 0.798437 0.0637245 0.209375
0 0.0878754 0.728125 0.175751 0.226562
0 0.193802 0.87168 0.336029 0.253516
0 0.337616 0.874805 0.330078 0.247266
1 0.074337 0.932813 0.148674 0.134375
0 0.838409 0.0383301 0.323181 0.0766602
0 0.346741 0.161328 0.299927 0.219531
1 0.100992 0.805469 0.0927849 0.0953125
0 0.140541 0.168359 0.0628815 0.0613281
0 0.149864 0.165527 0.057724 0.0587891
0 0.136475 0.166211 0.0495911 0.0535156
1 0.108208 0.813281 0.0781555 0.078125
1 0.460999 0.465625 0.133301 0.132031
1 0.682373 0.194141 0.074585 0.0699219
0 0.139648 0.178906 0.0658569 0.0644531
1 0.678406 0.201367 0.0856934 0.0917969
1 0.68515 0.186719 0.0650635 0.0546875
1 0.155319 0.945703 0.0991821 0.108594
1 0.0799408 0.808594 0.0543518 0.0703125
0 0.136673 0.159082 0.0618896 0.0548828
1 1 0 0 0
1 0.0999508 0.80625 0.0948677 0.0921875
0 0.141335 0.166797 0.062088 0.0605469
0 0.279694 0.717188 0.0436401 0.05
0 0.132309 0.165234 0.0559387 0.0574219
0 0.278305 0.709375 0.0412598 0.0453125
0 0.143021 0.177344 0.0654602 0.0574219
1 0.394348 0.0372559 0.0999756 0.0745117
1 0.154327 0.946484 0.100769 0.107031
0 0.152145 0.158789 0.0670471 0.0574219
1 0.676819 0.197217 0.0880737 0.0868164
0 0.679993 0.139746 0.0444336 0.0517578
1 0.141335 0.166797 0.062088 0.0605469
1 0.107216 0.797656 0.0781555 0.08125
1 0.0993557 0.80625 0.0928841 0.09375
0 0.139748 0.168066 0.0610962 0.0595703
0 0.140938 0.179297 0.0632782 0.0625
0 0.148674 0.167187 0.062088 0.0648438
0 0.131912 0.171875 0.0583191 0.0597656
0 0.13707 0.159375 0.0630798 0.0601562
0 0.269974 0.728125 0.0543518 0.0515625
0 0.274139 0.743359 0.0603027 0.05625
0 0.26561 0.740625 0.0630798 0.0578125
0 0.277115 0.724609 0.0487976 0.0523437
0 0.140938 0.167871 0.0547485 0.0564453
1 0.100967 0.807031 0.0940247 0.0921875
0 0.132706 0.163672 0.0527649 0.0558594
0 0.141235 0.177734 0.0595093 0.059375
1 0.0970001 0.806445 0.0968018 0.0933594
0 0.141731 0.168066 0.0561371 0.0580078
0 0.14064 0.177783 0.0591125 0.0600586
0 0.149765 0.16416 0.0630798 0.0638672
0 0.132111 0.163281 0.0646667 0.0628906
0 0.131516 0.173535 0.0563354 0.0595703
1 0.140442 0.169434 0.0567322 0.0587891
1 0.391968 0.514063 0.115051 0.115625
1 0.100174 0.807813 0.0928345 0.09375
0 0.138458 0.166992 0.0571289 0.0570313
0 0.147881 0.163574 0.0573273 0.0591797
0 0.134689 0.159082 0.0583191 0.0513672
0 0.136673 0.177148 0.0612946 0.0585938
1 0.0983639 0.809375 0.0916939 0.0921875
0 0.140839 0.168652 0.0593109 0.0607422
0 0.136276 0.161523 0.0603027 0.0585938
1 0.0985622 0.808008 0.0964546 0.0964844
0 0.14064 0.16875 0.0587158 0.059375
0 0.142326 0.158789 0.0593109 0.0527344
0 0.133003 0.163867 0.0587158 0.0605469
1 0.140244 0.169238 0.0614929 0.0591797
1 0.0981903 0.808594 0.0940247 0.090625
0 0.139847 0.17002 0.0603027 0.0595703
0 0.273743 0.730078 0.0825195 0.0851562
1 0.868042 0.191211 0.0539551 0.0519531
1 0.541138 0.783594 0.0682373 0.053125
0 0.286835 0.725 0.0809326 0.0820312
0 0.675629 0.153516 0.0428467 0.0464844
1 0.546692 0.79668 0.074585 0.0722656
0 0.775208 0.043457 0.0349121 0.0382813
1 0.529633 0.7875 0.0547485 0.05625
0 0.142227 0.158984 0.0591125 0.0511719
1 0.554626 0.77793 0.0634766 0.0472656
0 0.149864 0.164844 0.0616913 0.0625
1 0.0986862 0.807617 0.0928345 0.0878906
0 0.141434 0.16875 0.0583191 0.0578125
0 0.14183 0.160156 0.055542 0.0507812
0 0.132507 0.173633 0.0535583 0.0585938
0 0.133102 0.165039 0.0503845 0.0527344
1 0.0997772 0.807031 0.092041 0.0890625
0 0.139351 0.170117 0.0628815 0.0597656
0 0.143318 0.160742 0.0644684 0.0585938
1 0.100372 0.806055 0.092041 0.0941406
0 0.139847 0.169434 0.0587158 0.0580078
0 0.144211 0.160352 0.0606995 0.0523437
0 0.131912 0.17207 0.0543518 0.0578125
1 0.0975704 0.807813 0.0980415 0.09375
0 0.138458 0.167871 0.0563354 0.0572266
0 0.146095 0.162695 0.0616913 0.059375
1 0.0122738 1 0.0245476 0
0 0.129631 0.171484 0.0495911 0.0546875
1 0.0980911 0.807031 0.0922394 0.0921875
0 0.139946 0.169727 0.059906 0.0597656
0 0.146988 0.163867 0.0618896 0.0609375
1 1 0.966406 0 0.0671875
1 0.097496 0.805469 0.0914459 0.0921875
0 0.140045 0.169141 0.0622864 0.0613281
0 0.272156 0.730469 0.0690308 0.0828125
0 0.147186 0.164062 0.0658569 0.0628906
0 0.27533 0.7125 0.0499878 0.0546875
0 0.668884 0.141895 0.0809326 0.0791016
0 0.292786 0.709375 0.0634766 0.0609375
0 0.28624 0.723437 0.0733948 0.0828125
1 0.099678 0.806055 0.094223 0.0910156
0 0.141235 0.169238 0.0591125 0.0599609
0 0.148972 0.16377 0.0587158 0.0591797
1 0.0988846 0.807813 0.0958099 0.096875
0 0.140045 0.168652 0.0618896 0.0615234
1 0.3881 0.516406 0.117233 0.117188
0 0.148575 0.164062 0.0622864 0.0621094
0 0.141434 0.180518 0.0626831 0.0702148
0 0.139153 0.169336 0.059906 0.0605469
1 0.0982895 0.807031 0.0930328 0.0921875
0 0.148972 0.162207 0.0626831 0.0603516
0 0.141136 0.167187 0.0628815 0.0628906
1 0.100149 0.807813 0.0924873 0.090625
1 0.100372 0.807031 0.0952148 0.09375
0 0.141136 0.167578 0.0601044 0.0589844
1 0.0975704 0.804883 0.094471 0.0933594
0 0.139053 0.167676 0.0606995 0.0607422
0 0.132309 0.162891 0.0612946 0.0617188
0 0.13945 0.178467 0.059906 0.0625977
1 0.0970993 0.80625 0.0922394 0.09375
0 0.140739 0.169336 0.0593109 0.0589844
1 0.980835 0.595703 0.0383301 0.1
1 0.0992069 0.80625 0.0919914 0.0921875
0 0.140839 0.168945 0.0610962 0.0601562
1 0.0975952 0.806445 0.0914459 0.0902344
0 0.139252 0.169922 0.0579224 0.0570313
0 0.140244 0.161621 0.0531616 0.0466797
1 0.139252 0.169824 0.0579224 0.0583984
1 0.0978928 0.80625 0.0950165 0.090625
0 0.141037 0.169336 0.0591125 0.0570313
0 0.148376 0.16582 0.0567322 0.0554687
1 0.790482 0.576563 0.0630798 0.059375
0 0.140739 0.160352 0.0547485 0.0488281
1 0.94104 0.346094 0.0507812 0.0457031
0 0.862488 0.730078 0.0491943 0.0429688
1 0.721252 0.0270508 0.0507812 0.0490234
0 0.274933 0.557031 0.06427 0.05625
1 0.0984135 0.80625 0.0943718 0.0921875
0 0.142426 0.169141 0.0610962 0.0585938
0 1 0.0165039 0 0.0330078
0 1 0.022998 0 0.0459961
0 1 0.0302734 0 0.0605469
1 0.0982895 0.80625 0.0900574 0.0890625
0 0.141335 0.167773 0.0593109 0.0589844
1 0.78949 0.576563 0.0571289 0.05625
1 0.799805 0.579687 0.0444336 0.0546875
1 0.0986862 0.80625 0.0948181 0.09375
0 0.138954 0.169141 0.0593109 0.0566406
1 0.0983887 0.805469 0.0904541 0.090625
0 0.141235 0.168945 0.0626831 0.059375
0 0.140839 0.168555 0.0626831 0.0609375
1 0.100348 0.805469 0.0912971 0.0875
1 0.0119267 0.86875 0.0238533 0.090625
1 0.0126953 0.85 0.0253906 0.078125
1 0.0993557 0.807031 0.0952644 0.0921875
0 0.140739 0.169531 0.059906 0.0578125
1 0.0985622 0.808008 0.0936775 0.0933594
0 0.140045 0.169336 0.0622864 0.0597656
1 0.100348 0.80625 0.0920906 0.090625
0 0.139549 0.171094 0.0565338 0.05625
0 0.139847 0.161914 0.0519714 0.0449219
1 0.101265 0.80625 0.0948181 0.0921875
0 0.139847 0.171094 0.0603027 0.0601562
1 0.0962067 0.806445 0.0932312 0.0933594
0 0.141235 0.169238 0.0587158 0.0568359
1 0.383339 0.508203 0.106125 0.102344
1 0.0970249 0.808594 0.0931816 0.0921875
0 0.139252 0.169629 0.0610962 0.0587891
0 0.295563 0.701172 0.0606995 0.0539063
1 0.0998764 0.807031 0.0936279 0.090625
0 0.139946 0.168945 0.0595093 0.0570313
1 0.0973969 0.806055 0.0962067 0.0941406
0 0.139351 0.169141 0.0597076 0.0582031
0 0.140442 0.169434 0.0579224 0.0556641
1 0.0978928 0.806055 0.0948181 0.0910156
1 0.0991821 0.807031 0.0922394 0.090625
0 0.140739 0.170117 0.057724 0.059375
0 0.125961 0.380469 0.0525665 0.0507812
1 0.0999756 0.806055 0.0944214 0.0910156
0 0.139748 0.172363 0.0626831 0.0607422
1 0.0976944 0.80625 0.092041 0.090625
0 0.142029 0.171484 0.0614929 0.0605469
1 0.0977936 0.805469 0.0952148 0.0921875
0 0.141136 0.169531 0.0612946 0.059375
1 0.0979919 0.806055 0.0950165 0.0941406
0 0.140839 0.173828 0.0593109 0.0609375
0 0.139549 0.169824 0.0593109 0.0576172
1 0.0984879 0.807031 0.0946198 0.0890625
1 0.0995541 0.807813 0.0948677 0.0921875
0 0.140739 0.17002 0.062088 0.0587891
1 0.0984879 0.807617 0.0928345 0.0910156
0 0.140144 0.170703 0.0601044 0.0566406
1 0.0976944 0.807813 0.094223 0.090625
0 0.140442 0.170703 0.0618896 0.0589844
1 0.0998764 0.80625 0.0950165 0.09375
0 0.139946 0.171777 0.0616913 0.0603516
1 0.0985622 0.80625 0.0948677 0.09375
0 0.140045 0.171582 0.0622864 0.0615234
1 0.0968266 0.80625 0.0927849 0.0921875
0 0.137962 0.169238 0.0597076 0.0580078
1 0.0978184 0.807031 0.0943718 0.09375
0 0.140045 0.169824 0.059906 0.0595703
1 0.795044 0.576563 0.0523682 0.0515625
1 0.802185 0.579687 0.0428467 0.053125
0 0.141037 0.170508 0.0579224 0.0582031
1 0.0978184 0.804492 0.0951653 0.0941406
1 0.0975704 0.807813 0.0956612 0.09375
0 0.140442 0.169824 0.0618896 0.0595703
1 0.098959 0.80625 0.0936775 0.0921875
0 0.141731 0.171191 0.0608978 0.0572266
0 0.140244 0.171289 0.0591125 0.0589844
1 0.0985622 0.803906 0.0952644 0.09375
1 0.140244 0.171289 0.0591125 0.0589844
1 0.0969753 0.804688 0.0928841 0.090625
0 0.139847 0.170312 0.0622864 0.0613281
1 0.0970993 0.803906 0.0934296 0.09375
0 0.139351 0.170703 0.0616913 0.0625
0 0.118027 0.293945 0.0618896 0.0605469
1 0.0982151 0.807031 0.095562 0.09375
0 0.140244 0.171387 0.0626831 0.0623047
1 0.0984135 0.806445 0.0931816 0.0933594
0 0.139847 0.171191 0.0638733 0.0630859
0 0.863281 0.719531 0.0603027 0.0609375
1 0.863281 0.719531 0.0603027 0.0609375
1 0.786911 0.970312 0.0606995 0.059375
1 0.0983887 0.803906 0.0948181 0.0921875
0 0.141335 0.169824 0.0652618 0.0623047
0 0.14183 0.171875 0.0618896 0.0621094
1 0.0975704 0.803906 0.0956612 0.09375
1 0.0976944 0.804688 0.094223 0.0953125
0 0.14183 0.172852 0.0634766 0.0625
1 0.779968 0.967188 0.0983887 0.065625
1 0.0984135 0.804883 0.0975456 0.0964844
0 0.139946 0.172461 0.0632782 0.0628906
1 0.0970249 0.801562 0.0959587 0.0953125
0 0.140938 0.170898 0.0616913 0.0605469
1 0.0963058 0.80625 0.0962067 0.0953125
0 0.139648 0.17168 0.059906 0.0589844
1 0.0979919 0.803125 0.0944214 0.0921875
0 0.141037 0.169922 0.0595093 0.0589844
1 0.0982151 0.807617 0.0947685 0.0941406
0 0.140244 0.170117 0.0603027 0.0605469
1 0.0992069 0.807031 0.0939751 0.090625
0 0.139748 0.169727 0.0603027 0.059375
1 0.0967026 0.803125 0.0958099 0.09375
0 0.140739 0.171777 0.0591125 0.0576172
1 0.0987854 0.809375 0.0938263 0.09375
0 0.139153 0.17207 0.0585175 0.0578125
1 0.811707 0.81875 0.119019 0.117188
1 0.0990086 0.808008 0.0943718 0.0933594
0 0.140839 0.171094 0.0591125 0.0574219
0 0.140244 0.171094 0.059906 0.0582031
1 0.0970001 0.804883 0.0936279 0.0902344
1 0.0996037 0.801758 0.0967522 0.0933594
0 0.13945 0.172363 0.0595093 0.0599609
0 0.139847 0.171875 0.0595093 0.0589844
1 0.099802 0.801562 0.0939751 0.09375
0 0.263824 0.659766 0.0432434 0.040625
0 0.140938 0.169922 0.0624847 0.0621094
1 0.097496 0.80332 0.0938263 0.0902344
1 0.0979919 0.805469 0.0944214 0.09375
0 0.139847 0.170312 0.0622864 0.0613281
0 0.847412 0.694531 0.0412598 0.040625
1 0.09762 0.80293 0.0939751 0.0941406
0 0.139847 0.170508 0.0622864 0.0601562
1 0.79187 0.578906 0.055542 0.0617188
1 0.8125 0.583594 0.0618896 0.0640625
0 0.848206 0.692187 0.0349121 0.0375
1 0.0972233 0.80625 0.0939751 0.0921875
0 0.140343 0.168359 0.0601044 0.0582031
1 0.872803 0.192529 0.0698242 0.0618164
1 0.097496 0.807031 0.0958099 0.09375
0 0.140244 0.17168 0.0626831 0.0597656
0 0.141136 0.169922 0.062088 0.0613281
1 0.100372 0.80293 0.0948181 0.0941406
1 0.539154 0.297266 0.083313 0.0773437
1 0.806152 0.578906 0.0476074 0.0601562
0 0.142128 0.194336 0.057724 0.0429688
1 0.0992813 0.80332 0.0954132 0.0933594
0 0.141037 0.171289 0.0614929 0.0601562
1 0.0999756 0.804883 0.0936279 0.0933594
0 0.140739 0.169922 0.062088 0.0605469
0 0.140839 0.170996 0.0618896 0.0607422
1 0.0958099 0.80625 0.0932312 0.0921875
0 0.14064 0.171289 0.0622864 0.0605469
1 0.0965042 0.803125 0.0918427 0.0921875
1 0.455048 0.864844 0.0841064 0.08125
1 0.342773 0.614062 0.103149 0.1
0 0.140442 0.170312 0.0603027 0.0597656
1 0.0982151 0.805469 0.0943718 0.0953125
0 0.140442 0.171484 0.0605011 0.0613281
1 0.0983639 0.80332 0.0940742 0.0933594
1 0.535583 0.294336 0.117432 0.107422
1 0.0962067 0.803906 0.0936279 0.09375
0 0.140938 0.17207 0.0616913 0.0605469
1 0.536377 0.300195 0.111084 0.0933594
1 0.0947189 0.805469 0.0926361 0.09375
0 0.141434 0.171582 0.0622864 0.0615234
1 0.527649 0.297656 0.119019 0.103125
1 0.0968018 0.806445 0.0936279 0.0933594
0 0.14183 0.170508 0.059906 0.0605469
1 0.0950165 0.80332 0.0912476 0.0933594
0 0.14183 0.169922 0.0606995 0.0609375
1 0.537964 0.298438 0.100769 0.084375
0 0.140839 0.171191 0.0618896 0.0607422
1 0.0944462 0.803125 0.0904045 0.0921875
1 0.0973969 0.802344 0.0948181 0.0921875
0 0.140541 0.166797 0.0624847 0.0578125
1 0.0981903 0.803125 0.0938263 0.09375
0 0.141731 0.170898 0.0616913 0.0605469
1 0.0967026 0.804883 0.0930328 0.0933594
0 0.141235 0.173828 0.0618896 0.0605469
0 0.140442 0.17168 0.0630798 0.0621094
1 0.0966034 0.803906 0.0926361 0.09375
1 0.678406 0.194092 0.0793457 0.0750977
1 0.0973721 0.804883 0.0928841 0.0933594
0 0.139648 0.170898 0.0618896 0.0597656
1 0.0965042 0.801562 0.0930328 0.0921875
0 0.141235 0.171289 0.0595093 0.0601562
1 0.0983887 0.80293 0.0936279 0.0941406
0 0.138657 0.171289 0.0608978 0.0585938
1 0.791077 0.581641 0.0793457 0.0789063
1 0.0997772 0.803125 0.0946198 0.0921875
0 0.140442 0.170215 0.0630798 0.0607422
1 0.78949 0.575781 0.0682373 0.0625
1 0.805954 0.580469 0.0670471 0.06875
0 0.850586 0.69375 0.0412598 0.0375
0 0.0690308 0.321484 0.0501862 0.0257812
0 0.0556412 0.319141 0.0412598 0.0246094
1 0.1 0.807813 0.0935783 0.09375
0 0.138855 0.171094 0.0606995 0.0601562
0 0.849792 0.694531 0.036499 0.034375
1 0.788696 0.573438 0.0634766 0.0578125
0 0.10553 0.355273 0.0575256 0.0425781
0 0.0692291 0.320312 0.0539551 0.0296875
1 0.803772 0.577344 0.0571289 0.0625
0 0.102753 0.34375 0.0634766 0.0445312
0 0.0860901 0.322266 0.062088 0.0359375
0 0.0929337 0.339844 0.0741882 0.0414063
0 0.0550461 0.31875 0.0456238 0.0304688
0 0.0994797 0.358203 0.0765686 0.0515625
0 0.071312 0.335938 0.0585175 0.0347656
0 0.138161 0.171387 0.0591125 0.0572266
1 0.096405 0.805469 0.0918427 0.0921875
1 0.799011 0.578906 0.0603027 0.059375
0 0.098587 0.339844 0.0543518 0.0304688
0 0.0826187 0.320117 0.0527649 0.0210938
1 0.78949 0.575781 0.0618896 0.0578125
0 0.0827427 0.335938 0.0550957 0.0234375
0 0.101761 0.357031 0.051178 0.040625
0 0.134293 0.151758 0.0491943 0.0394531
0 0.0936527 0.361719 0.0666008 0.05
0 0.0968018 0.320312 0.0531616 0.0273438
1 0.0968018 0.808594 0.0940247 0.0953125
0 0.137863 0.173926 0.059906 0.0576172
0 0.132706 0.153027 0.046814 0.0402344
0 0.0948181 0.334375 0.0456238 0.0203125
0 0.100174 0.349805 0.0480042 0.0253906
1 0.793259 0.578516 0.0543518 0.0554687
0 0.0789242 0.333203 0.0452766 0.01875
0 0.137268 0.17207 0.059906 0.0582031
1 0.0973969 0.804688 0.0952148 0.0921875
1 0.794846 0.578125 0.0543518 0.0578125
0 0.133003 0.153516 0.0485992 0.0433594
1 0.0978928 0.808008 0.0930328 0.0933594
0 0.13826 0.172852 0.0614929 0.0613281
1 0.0984879 0.804688 0.0930328 0.0953125
0 0.139153 0.173633 0.0608978 0.0613281
0 0.100075 0.351562 0.0521698 0.028125
0 0.102356 0.376172 0.0551453 0.0695312
0 0.139252 0.17207 0.0601044 0.0585938
1 0.0988846 0.804688 0.0928345 0.09375
1 0.100397 0.803906 0.0931816 0.09375
0 0.139549 0.171484 0.0603027 0.059375
1 0.0981903 0.810156 0.0924377 0.0921875
0 0.139053 0.171094 0.0595093 0.0578125
1 0.537567 0.299219 0.0912476 0.084375
1 0.0984879 0.80332 0.0928345 0.0933594
0 0.138458 0.170703 0.0606995 0.0585938
1 0.550659 0.800781 0.0809326 0.078125
1 0.0983887 0.805469 0.0934296 0.09375
0 0.140144 0.17168 0.0606995 0.0589844
1 0.0975952 0.808594 0.0932312 0.09375
0 0.140144 0.170898 0.0605011 0.0585938
1 0.549469 0.799219 0.0801392 0.08125
1 0.0992813 0.80625 0.0938263 0.09375
0 0.140541 0.171387 0.0614929 0.0607422
1 0.551453 0.798437 0.0825195 0.0828125
1 0.0977936 0.804492 0.0940247 0.0941406
0 0.138855 0.170898 0.0610962 0.0589844
1 0.549866 0.799219 0.0777588 0.075
1 0.788895 0.571875 0.0662537 0.0585938
1 0.0962067 0.80293 0.0926361 0.0941406
0 0.13945 0.17207 0.0622864 0.0613281
1 0.549072 0.798242 0.0793457 0.0785156
1 0.0967026 0.805469 0.0918427 0.09375
0 0.138557 0.171973 0.0605011 0.0583984
1 0.535583 0.303516 0.101562 0.0945313
1 0.0981655 0.804688 0.0928841 0.0921875
0 0.139748 0.172266 0.0616913 0.059375
1 0.0835114 0.398535 0.112274 0.116992
1 0.0980911 0.804688 0.0930328 0.09375
0 0.13945 0.171777 0.0614929 0.0607422
1 0.53717 0.303906 0.103149 0.0960938
0 0.139053 0.171777 0.0606995 0.0611328
1 0.09762 0.803125 0.0927849 0.09375
1 0.0992813 0.80332 0.0958099 0.0933594
0 0.139549 0.172168 0.0606995 0.0611328
1 0.0999756 0.803125 0.0934296 0.09375
0 0.14064 0.171973 0.0622864 0.0611328
1 0.787109 0.574609 0.0587158 0.0578125
1 0.100595 0.801758 0.0923882 0.0933594
0 0.14183 0.172852 0.0638733 0.0625
1 0.533997 0.302539 0.101562 0.0996094
0 0.14064 0.171191 0.0606995 0.0595703
1 0.0987606 0.803125 0.0936775 0.0953125
1 0.785324 0.573828 0.0575256 0.0554687
1 0.68396 0.197461 0.0777588 0.0734375
1 0.100149 0.805469 0.0948677 0.0953125
0 0.13945 0.173633 0.0610962 0.0617188
1 0.100372 0.803906 0.0936279 0.09375
0 0.139748 0.172656 0.0616913 0.0617188
1 0.549072 0.797656 0.0809326 0.08125
1 0.536377 0.307031 0.0904541 0.0875
1 0.78949 0.574219 0.0587158 0.0546875
1 0.10186 0.799219 0.0940247 0.090625
0 0.138855 0.170508 0.059906 0.0585938
1 0.548676 0.797656 0.0785522 0.078125
0 0.140045 0.170801 0.0603027 0.0607422
1 0.0979671 0.804883 0.0956612 0.0933594
1 0.542328 0.309961 0.0960083 0.0964844
1 0.549072 0.796875 0.0809326 0.0796875
1 0.0979671 0.803125 0.0960579 0.09375
0 0.140244 0.170898 0.0610962 0.0589844
1 0.549866 0.794531 0.0825195 0.08125
1 0.543121 0.310937 0.0975952 0.0992187
1 0.796631 0.575781 0.055542 0.0539063
0 0.106026 0.356641 0.0561371 0.040625
0 0.0995541 0.345313 0.0627327 0.0398437
1 0.0987854 0.803125 0.0954132 0.09375
0 0.140045 0.172363 0.0606995 0.0615234
1 0.551056 0.793945 0.0864868 0.0839844
1 0.541931 0.303125 0.0912476 0.0859375
0 0.139252 0.17207 0.0618896 0.0597656
1 0.0989838 0.801562 0.0934296 0.09375
1 0.552246 0.79668 0.0872803 0.0878906
1 0.0982151 0.803125 0.0947685 0.09375
0 0.13945 0.173047 0.0614929 0.0609375
1 0.540741 0.305469 0.0888672 0.0898438
1 0.0978928 0.803125 0.0946198 0.0921875
0 0.140045 0.171289 0.0606995 0.0605469
1 0.551453 0.79707 0.0841064 0.0839844
1 0.552643 0.315625 0.0753784 0.0847656
1 0.53479 0.314063 0.0904541 0.0921875
1 0.557404 0.304297 0.0634766 0.0796875
0 0.138161 0.169922 0.0610962 0.0601562
1 0.0969753 0.802344 0.0920906 0.0953125
1 0.551453 0.796875 0.0856934 0.0859375
1 0.549469 0.315625 0.0793457 0.0929687
1 0.0961819 0.804688 0.0936775 0.09375
0 0.138062 0.172168 0.0606995 0.0599609
1 0.543518 0.321484 0.0928345 0.0992187
1 0.0970993 0.805469 0.0940247 0.09375
0 0.136871 0.170703 0.059906 0.0578125
1 0.0998764 0.804688 0.0946198 0.09375
0 0.136673 0.172754 0.0603027 0.0587891
1 0.0997524 0.805469 0.094471 0.09375
0 0.136276 0.173438 0.0616913 0.0617188
1 0.539154 0.318359 0.0968018 0.104687
1 0.0984879 0.80957 0.0944214 0.0933594
0 0.13826 0.173145 0.0614929 0.0623047
1 0.550262 0.796875 0.0872803 0.0875
1 0.542725 0.320117 0.0952148 0.0949219
1 0.0987854 0.804688 0.0940247 0.09375
0 0.13826 0.173828 0.0616913 0.0625
0 0.0981903 0.340625 0.051178 0.0289063
1 0.550262 0.79707 0.0880737 0.0902344
0 0.0823212 0.3375 0.0448303 0.0210938
0 0.0674438 0.335547 0.0392761 0.0164062
1 0.0991821 0.804883 0.0952148 0.0933594
0 0.13707 0.174805 0.0610962 0.0621094
1 0.0994797 0.803125 0.0950165 0.0921875
0 0.138557 0.173438 0.0608978 0.0609375
1 0.549469 0.798437 0.0864868 0.0875
1 0.536377 0.308398 0.0880737 0.0882813
0 0.137863 0.172754 0.0618896 0.0619141
1 0.0966282 0.804883 0.0939751 0.0933594
1 0.53241 0.306055 0.0952148 0.0945313
1 0.549469 0.799219 0.0880737 0.0890625
0 0.136871 0.172656 0.0614929 0.0589844
1 0.0947189 0.804688 0.0926361 0.09375
1 0.530823 0.31875 0.114258 0.123438
1 0.530029 0.298047 0.109497 0.0898438
1 0.549469 0.799805 0.0872803 0.0878906
1 0.0972233 0.801758 0.0923882 0.0933594
0 0.137367 0.171094 0.0612946 0.0589844
1 0.534393 0.304688 0.0952148 0.0921875
1 0.0983887 0.802344 0.0928345 0.0921875
0 0.137863 0.172754 0.0603027 0.0599609
1 0.533997 0.307813 0.0936279 0.0921875
1 0.0979919 0.800781 0.0932312 0.0921875
0 0.137665 0.173145 0.0614929 0.0595703
1 0.533203 0.310547 0.0960083 0.0960938
0 0.137466 0.172852 0.0618896 0.0601562
1 0.0976944 0.800781 0.0946198 0.0921875
1 0.533997 0.324805 0.103943 0.102734
0 0.138458 0.172852 0.0606995 0.0601562
1 0.0965042 0.800781 0.0926361 0.090625
1 0.097496 0.804688 0.0928345 0.0921875
0 0.140442 0.173438 0.0618896 0.0609375
1 0.536774 0.324805 0.10553 0.102734
1 0.0963058 0.805469 0.0934296 0.0921875
0 0.139053 0.173926 0.0622864 0.0611328
1 0.538757 0.32168 0.0983887 0.0960938
1 0.0950165 0.803125 0.0914459 0.0921875
0 0.139748 0.17373 0.0622864 0.0623047
0 0.138062 0.173535 0.0614929 0.0603516
1 0.0969753 0.803125 0.094471 0.09375
1 0.530426 0.301172 0.100769 0.0929687
1 0.790482 0.575 0.0630798 0.0625
1 0.547485 0.798437 0.0872803 0.0859375
1 0.097496 0.804688 0.0944214 0.09375
0 0.138062 0.173047 0.0610962 0.0589844
1 0.796631 0.576172 0.0634766 0.0632813
1 0.53479 0.301367 0.0968018 0.0890625
1 0.547882 0.798437 0.0856934 0.0875
1 0.0988102 0.805469 0.095562 0.09375
0 0.13945 0.173047 0.0622864 0.0613281
1 0.549866 0.798242 0.0841064 0.0847656
1 0.0963802 0.804688 0.0936775 0.09375
0 0.13945 0.174414 0.0610962 0.0613281
1 0.813293 0.573438 0.0476074 0.059375
1 0.0952148 0.8 0.0928345 0.09375
0 0.137863 0.174023 0.0618896 0.0621094
1 0.53598 0.304688 0.0952148 0.0917969
1 0.818848 0.574609 0.0507812 0.0601562
1 0.0973969 0.804688 0.0944214 0.09375
0 0.138557 0.174023 0.0614929 0.0601562
1 0.538361 0.303516 0.0912476 0.0859375
1 0.823608 0.576953 0.0603027 0.0625
1 0.0968266 0.80625 0.0947685 0.09375
0 0.138855 0.173242 0.0610962 0.0605469
1 0.536774 0.302734 0.0936279 0.0875
1 0.548279 0.8 0.0856934 0.0859375
1 0.0971985 0.804883 0.0946198 0.0933594
0 0.138855 0.172656 0.0614929 0.0605469
1 0.535583 0.301953 0.0944214 0.0890625
1 0.548279 0.799219 0.0856934 0.0859375
1 0.792664 0.574219 0.0618896 0.0625
1 0.0975952 0.805469 0.0952148 0.09375
0 0.138657 0.173047 0.0614929 0.0597656
1 0.547882 0.799805 0.0872803 0.0878906
1 0.535583 0.301953 0.0952148 0.0882813
1 0.0966034 0.803906 0.0936279 0.09375
0 0.13945 0.173438 0.0610962 0.0601562
1 0.549072 0.798633 0.0856934 0.0871094
1 0.0945206 0.801758 0.0936279 0.0933594
0 0.140045 0.173633 0.0610962 0.0605469
1 0.095438 0.801758 0.0931816 0.0933594
0 0.139053 0.173926 0.0610962 0.0591797
1 0.0961819 0.804883 0.0932808 0.0933594
0 0.13945 0.173828 0.0603027 0.0585938
1 0.0966034 0.806055 0.0938263 0.0941406
0 0.138756 0.173828 0.0616913 0.0597656
1 0.09762 0.804492 0.0943718 0.0941406
0 0.138855 0.17334 0.0614929 0.0599609
1 0.537964 0.314844 0.0904541 0.0921875
1 0.0962315 0.804883 0.0935783 0.0933594
0 0.140244 0.173145 0.0614929 0.0595703
1 0.535187 0.312695 0.0960083 0.0972656
1 0.0971985 0.80332 0.0938263 0.0933594
0 0.140244 0.172656 0.0616913 0.0613281
1 0.0966034 0.804688 0.0938263 0.09375
0 0.14064 0.172852 0.0614929 0.0609375
0 0.140045 0.17334 0.0608978 0.0603516
1 0.0959091 0.803125 0.0932312 0.09375
0 0.140442 0.172656 0.0610962 0.0605469
1 0.0968018 0.80293 0.0938263 0.0941406
1 0.0971737 0.804883 0.0936775 0.0933594
0 0.140442 0.172461 0.0614929 0.0613281
0 0.139252 0.173242 0.0614929 0.0597656
1 0.0973969 0.803906 0.0936279 0.09375
1 0.0969753 0.804688 0.0940742 0.09375
0 0.139252 0.172949 0.0610962 0.0595703
1 0.0966282 0.804688 0.0935783 0.09375
0 0.14064 0.172852 0.0603027 0.0597656
1 0.548676 0.796875 0.0864868 0.0859375
1 0.096405 0.804883 0.0932312 0.0933594
0 0.140839 0.173926 0.059906 0.0599609
1 0.0976944 0.804688 0.0938263 0.09375
0 0.140442 0.173828 0.0605011 0.0605469
0 0.139847 0.17373 0.0610962 0.0591797
1 0.0972977 0.802344 0.0938263 0.0921875
1 0.549469 0.796875 0.0841064 0.084375
1 0.0980911 0.803125 0.0940247 0.09375
0 0.140045 0.173438 0.0610962 0.059375
1 0.549866 0.796875 0.0841064 0.084375
1 0.0976944 0.803906 0.094223 0.09375
0 0.139153 0.174609 0.0610962 0.059375
1 0.097496 0.803906 0.094223 0.09375
0 0.13945 0.17334 0.0610962 0.0591797
1 0.0971985 0.804688 0.0936279 0.09375
0 0.139847 0.173926 0.0606995 0.0603516
1 0.53241 0.303516 0.0983887 0.0921875
1 0.0969009 0.804688 0.0934296 0.09375
0 0.140244 0.174414 0.0606995 0.0605469
1 0.532013 0.304102 0.0999756 0.0941406
1 0.0981655 0.803906 0.0940742 0.09375
0 0.140045 0.174512 0.0610962 0.0595703
1 0.53241 0.304297 0.0999756 0.09375
1 0.549072 0.796094 0.0872803 0.0875
1 0.0972233 0.804688 0.0935783 0.09375
0 0.139946 0.174219 0.0614929 0.0597656
1 0.531616 0.303516 0.0999756 0.0921875
1 0.549072 0.796875 0.0856934 0.0859375
1 0.0969009 0.80625 0.0938263 0.09375
0 0.139549 0.173633 0.0612946 0.0601562
1 0.532013 0.302734 0.0999756 0.0945313
1 0.549866 0.796094 0.0872803 0.0875
1 0.46933 0.541797 0.0626831 0.065625
1 0.0966034 0.805469 0.0936279 0.09375
0 0.139847 0.17373 0.0610962 0.0595703
1 0.53241 0.302734 0.0999756 0.0945313
1 0.549866 0.795313 0.0864868 0.0875
1 0.0968018 0.805469 0.0936279 0.09375
0 0.139351 0.174023 0.0612946 0.0601562
1 0.532013 0.303125 0.100769 0.0953125
1 0.550262 0.795313 0.0864868 0.0875
1 0.0970993 0.804688 0.0940247 0.09375
0 0.13945 0.173633 0.0610962 0.0597656
1 0.532013 0.303516 0.100769 0.0953125
1 0.096405 0.804688 0.0936279 0.09375
0 0.138855 0.173926 0.0610962 0.0599609
1 0.531616 0.302734 0.0999756 0.09375
1 0.0971737 0.803906 0.0940742 0.0921875
0 0.139053 0.174219 0.0610962 0.0597656
1 0.532013 0.302344 0.0999756 0.0929687
1 0.0970993 0.803125 0.0944214 0.09375
0 0.13945 0.173926 0.0610962 0.0599609
1 0.532013 0.302344 0.100769 0.0929687
1 0.0970249 0.803125 0.0943718 0.09375
0 0.139549 0.173828 0.0608978 0.0597656
1 0.53241 0.302539 0.0999756 0.0921875
1 0.0971985 0.80332 0.0944214 0.0933594
0 0.139153 0.174023 0.0608978 0.0597656
1 0.53241 0.30293 0.100769 0.0929687
1 0.0972977 0.80332 0.0946198 0.0933594
0 0.139053 0.174023 0.0610962 0.0597656
1 0.53241 0.303125 0.100769 0.09375
1 0.0993557 0.807031 0.0952644 0.0921875
0 0.140739 0.169531 0.059906 0.0578125
0 0.278305 0.703125 0.0515747 0.05
