1 0.922791 0.277344 0.109497 0.0972656
0 0.42926 0.674219 0.858521 0.651563
1 0.592834 0.210938 0.814331 0.421875
0 0.377686 0.702148 0.755371 0.595703
1 0.37709 0.768164 0.754181 0.463672
1 0.62011 0.22793 0.759781 0.370703
1 0.403076 0.674609 0.806152 0.650781
1 0.595215 0.31582 0.80957 0.631641
1 0.403473 0.750977 0.806946 0.498047
1 0.646393 0.393359 0.707214 0.786719
0 0.401093 0.731641 0.802185 0.536719
1 0.322739 0.825 0.645477 0.35
0 0.334045 0.751953 0.668091 0.496094
0 0.646393 0.393359 0.707214 0.786719
1 0.465759 0.684766 0.931519 0.630469
1 0.464569 0.794141 0.854553 0.411719
1 0.33345 0.876367 0.666901 0.247266
0 0.595612 0.479297 0.808777 0.841406
1 0.642822 0.283984 0.714355 0.567969
0 0.329086 0.816797 0.658173 0.366406
1 0.420135 0.730078 0.840271 0.474219
0 0.458221 0.787109 0.905334 0.425781
0 0.621277 0.408594 0.731567 0.603125
1 0.487976 0.329297 0.848999 0.658594
0 0.299133 0.873047 0.598267 0.253906
1 0.496307 0.283984 0.822815 0.524219
0 0.580811 0.535156 0.320557 0.21875
1 0.605507 0.175586 0.69487 0.351172
0 0.557007 0.378516 0.863281 0.757031
0 0.658173 0.504297 0.395935 0.182812
0 0.304688 0.241602 0.351501 0.308203
0 0.727997 0.563672 0.402283 0.267188
1 0.937592 0.105078 0.124817 0.210156
1 0.267792 0.261377 0.380066 0.358496
0 0.132706 0.0291992 0.265411 0.0583984
0 0.687256 0.345313 0.625488 0.690625
0 0.293777 0.608203 0.452667 0.424219
1 0.595612 0.479297 0.808777 0.841406
0 0.818573 0.573047 0.362854 0.326562
0 0.362411 0.889063 0.614532 0.221875
0 0.118622 0.444531 0.0714111 0.0625
1 0.856659 0.0482422 0.286682 0.0964844
0 0.355072 0.225195 0.394348 0.348047
0 0.677612 0.260156 0.641113 0.404687
0 0.170891 0.027002 0.299332 0.0540039
1 0.818573 0.573047 0.362854 0.326562
1 0.170792 0.602344 0.341583 0.384375
1 0.243145 0.586328 0.356361 0.367969
0 0.837616 0.90625 0.324768 0.134375
0 0.702209 0.522656 0.372925 0.209375
0 0.243145 0.586328 0.356361 0.367969
0 0.163849 0.120312 0.327698 0.240625
0 0.570099 0.680176 0.757751 0.639648
0 0.201538 0.232031 0.360229 0.334375
0 0.259113 0.451172 0.346642 0.223438
1 0.259113 0.451172 0.346642 0.223438
0 0.752594 0.600781 0.432434 0.328125
0 0.956238 0.867773 0.0875244 0.264453
0 0.66333 0.245508 0.507812 0.334766
0 0.324921 0.305469 0.357849 0.373437
1 0.228119 0.436719 0.273743 0.19375
0 0.32988 0.596777 0.538361 0.525195
0 0.854675 0.914062 0.290649 0.16875
1 0.343765 0.256055 0.36142 0.343359
0 0.655396 0.551562 0.444336 0.239063
1 0.727997 0.563672 0.402283 0.267188
0 0.23764 0.0303711 0.351501 0.0607422
1 0.305283 0.216016 0.367767 0.321094
1 0.22316 0.40791 0.261444 0.151367
0 0.941162 0.842383 0.117676 0.296484
0 0.287579 0.0265625 0.336525 0.053125
1 0.956238 0.246094 0.0875244 0.485156
1 0.709869 0.501465 0.580261 0.311133
0 0.878876 0.84375 0.242249 0.285937
0 0.134888 0.0574219 0.269775 0.114844
1 0.968933 0.0455078 0.0621338 0.0910156
0 0.528046 0.575391 0.308655 0.272656
1 0.702209 0.522656 0.372925 0.209375
0 0.740295 0.0284668 0.320557 0.0569336
1 0.564247 0.747656 0.717087 0.471875
0 0.611656 0.847266 0.520706 0.305469
1 0.334045 0.751953 0.668091 0.496094
1 0.621277 0.408594 0.731567 0.603125
0 0.836823 0.8625 0.326355 0.225
0 0.68396 0.876562 0.437988 0.240625
0 0.968933 0.0455078 0.0621338 0.0910156
1 0.658173 0.504297 0.395935 0.182812
0 0.454651 0.0294678 0.267395 0.0589355
0 0.490356 0.0269043 0.436401 0.0538086
0 0.138657 0.141113 0.277313 0.282227
0 0.618896 0.584375 0.44751 0.251563
0 0.271412 0.644531 0.365685 0.3875
0 0.758667 0.0408203 0.482666 0.0816406
1 0.941162 0.842383 0.117676 0.296484
0 0.388 0.0280029 0.219788 0.0560059
1 0.205505 0.269971 0.403076 0.356152
0 0.159088 0.273242 0.318176 0.336328
1 0.580811 0.535156 0.320557 0.21875
0 0.608185 0.719531 0.648254 0.5
1 0.293579 0.897656 0.587158 0.204688
0 0.586365 0.0294922 0.398315 0.0589844
0 0.676422 0.0291748 0.302307 0.0583496
1 0.850311 0.311719 0.299377 0.585938
0 0.743591 0.49541 0.512817 0.581055
0 0.709869 0.501465 0.580261 0.311133
0 0.170792 0.602344 0.341583 0.384375
1 0.0446815 0.107813 0.0893631 0.215625
0 0.927673 0.217773 0.144653 0.215625
0 0.654602 0.396973 0.499878 0.485742
1 0.293777 0.608203 0.452667 0.424219
1 0.968536 0.0670898 0.0629272 0.13418
1 0.946716 0.3875 0.106567 0.626562
0 0.337219 0.672656 0.457825 0.445312
0 0.912994 0.767969 0.174011 0.304688
0 0.776001 0.904688 0.371338 0.1375
0 0.17337 0.190283 0.346741 0.332715
0 0.206646 0.658594 0.348427 0.442187
1 0.919739 0.714844 0.160522 0.375
1 0.0982895 0.870703 0.196579 0.258594
0 0.834045 0.921875 0.331909 0.15625
1 0.917358 0.783594 0.165283 0.196875
0 0.856659 0.0482422 0.286682 0.0964844
1 0.752594 0.600781 0.432434 0.328125
0 0.394745 0.826953 0.654602 0.346094
0 0.635559 0.605859 0.522095 0.332031
0 0.8396 0.822656 0.320801 0.239063
1 0.920532 0.79707 0.158936 0.280859
0 0.916168 0.832031 0.167664 0.251563
0 0.185669 0.111523 0.371338 0.223047
0 0.808853 0.143848 0.382294 0.287695
0 0.277512 0.175391 0.347931 0.309766
0 0.145203 0.272656 0.290405 0.45
0 0.152344 0.660156 0.304688 0.432813
0 0.633575 0.764063 0.576843 0.360938
0 0.209076 0.171387 0.352295 0.299805
1 0.923309 0.186719 0.153381 0.366797
1 0.159088 0.273242 0.318176 0.336328
0 0.22316 0.40791 0.261444 0.151367
0 0.228119 0.436719 0.273743 0.19375
0 0.297546 0.80332 0.595093 0.330859
1 0.388893 0.865625 0.667892 0.26875
1 0.132706 0.0291992 0.265411 0.0583984
1 0.0908508 0.268164 0.181702 0.536328
0 0.26799 0.293164 0.372528 0.394922
1 0.936401 0.273047 0.127197 0.190625
0 0.100571 0.0790527 0.201141 0.158105
1 0.92926 0.225732 0.141479 0.193066
1 0.71582 0.392871 0.568359 0.645508
1 0.911011 0.629687 0.177979 0.528125
0 0.917358 0.783594 0.165283 0.196875
1 0.312622 0.772656 0.625244 0.401563
1 0.0956116 0.798047 0.191223 0.403906
0 0.943542 0.932813 0.112915 0.134375
1 0.655396 0.551562 0.444336 0.239063
0 0.919739 0.714844 0.160522 0.375
0 0.723633 0.900781 0.374512 0.185937
1 0.956238 0.867773 0.0875244 0.264453
0 0.0982895 0.870703 0.196579 0.258594
1 0.100571 0.0790527 0.201141 0.158105
0 0.684753 0.209326 0.430054 0.319629
0 0.805481 0.213086 0.389038 0.380078
1 0.92926 0.262109 0.141479 0.146875
0 0.461098 0.54375 0.769455 0.9125
0 0.615723 0.64375 0.615723 0.367188
1 0.935608 0.57041 0.128784 0.435742
0 0.293579 0.897656 0.587158 0.204688
0 0.666107 0.913281 0.546692 0.173438
1 0.851501 0.926562 0.296997 0.146875
1 0.943542 0.932813 0.112915 0.134375
1 0.0903549 0.173828 0.18071 0.347656
0 0.236004 0.127344 0.381752 0.254687
1 0.943542 0.476953 0.112915 0.521094
1 0.922913 0.625781 0.154175 0.432813
0 0.0446815 0.107813 0.0893631 0.215625
0 0.288025 0.114258 0.355469 0.228516
0 0.104141 0.276758 0.208282 0.553516
1 0.672058 0.644922 0.442749 0.322656
0 0.186859 0.773047 0.373718 0.296094
1 0.838211 0.914062 0.323578 0.153125
1 0.170891 0.027002 0.299332 0.0540039
1 0.758667 0.0408203 0.482666 0.0816406
0 0.286488 0.383691 0.394249 0.187305
1 0.743591 0.49541 0.512817 0.581055
1 0.206646 0.658594 0.348427 0.442187
0 0.911011 0.629687 0.177979 0.528125
0 0.922913 0.625781 0.154175 0.432813
0 0.149071 0.728125 0.298141 0.314063
1 0.517731 0.9125 0.337219 0.16875
0 0.178528 0.903125 0.357056 0.19375
0 0.672058 0.644922 0.442749 0.322656
0 0.539948 0.639453 0.358643 0.278906
1 0.679993 0.85332 0.533203 0.293359
1 0.134888 0.0574219 0.269775 0.114844
0 0.177734 0.841406 0.355469 0.317187
1 0.0889664 0.425 0.177933 0.85
0 0.946716 0.285547 0.106567 0.3
0 0.935608 0.57041 0.128784 0.435742
0 0.207092 0.879687 0.414185 0.240625
1 0.691101 0.903125 0.547485 0.19375
0 0.642822 0.283984 0.714355 0.567969
0 0.956238 0.246094 0.0875244 0.485156
1 0.654602 0.396973 0.499878 0.485742
0 0.680786 0.9 0.558594 0.2
1 0.959808 0.146582 0.0803833 0.293164
1 0.8396 0.822656 0.320801 0.239063
1 0.836823 0.8625 0.326355 0.225
0 0.517731 0.9125 0.337219 0.16875
1 0.23764 0.0303711 0.351501 0.0607422
0 0.389687 0.0935547 0.339401 0.187109
1 0.932434 0.183984 0.135132 0.278125
0 0.936401 0.273047 0.127197 0.190625
0 0.32373 0.726172 0.641113 0.491406
0 0.616119 0.773828 0.710144 0.452344
1 0.878876 0.84375 0.242249 0.285937
0 0.693481 0.113281 0.395142 0.226562
0 0.144409 0.366211 0.288818 0.594922
0 0.879074 0.461719 0.241852 0.626562
0 0.0979919 0.706641 0.195984 0.541406
1 0.0936279 0.7625 0.187256 0.475
0 0.937592 0.105078 0.124817 0.210156
1 0.144707 0.675 0.289413 0.432813
1 0.337219 0.672656 0.457825 0.445312
0 0.397621 0.14082 0.39653 0.253125
0 0.722168 0.354102 0.555664 0.491797
1 0.172974 0.406348 0.345947 0.138867
0 0.291595 0.350781 0.395935 0.348437
0 0.325714 0.371094 0.483215 0.242188
0 0.893555 0.582031 0.212891 0.36875
1 0.893555 0.582031 0.212891 0.36875
0 0.766479 0.111914 0.398315 0.223828
1 0.367767 0.205859 0.340393 0.350781
1 0.879074 0.461719 0.241852 0.626562
1 0.178528 0.903125 0.357056 0.19375
1 0.535187 0.920313 0.409424 0.159375
0 0.100967 0.390625 0.201935 0.78125
0 0.934021 0.177344 0.131958 0.309375
1 0.2789 0.316992 0.353088 0.337891
1 0.758545 0.669141 0.391968 0.267969
1 0.104042 0.209766 0.208084 0.419531
1 0.251328 0.383691 0.316193 0.19668
1 0.32988 0.596777 0.538361 0.525195
0 0.391075 0.599219 0.555618 0.432813
0 0.134888 0.787109 0.269775 0.425781
1 0.740295 0.0284668 0.320557 0.0569336
1 0.109894 0.160059 0.219788 0.320117
1 0.670471 0.24043 0.57605 0.480859
0 0.171089 0.533594 0.342178 0.559375
1 0.271412 0.644531 0.365685 0.3875
0 0.758545 0.669141 0.391968 0.267969
0 0.109894 0.160059 0.219788 0.320117
0 0.877686 0.218164 0.244629 0.404297
0 0.479248 0.301367 0.707764 0.451953
0 0.928345 0.254687 0.136475 0.136719
0 0.420135 0.427441 0.707764 0.693555
0 0.571289 0.684766 0.577637 0.349219
0 0.119019 0.697266 0.238037 0.411719
1 0.68396 0.876562 0.437988 0.240625
1 0.586365 0.0294922 0.398315 0.0589844
0 0.502159 0.587109 0.430252 0.330469
1 0.100967 0.390625 0.201935 0.78125
0 0.25589 0.716406 0.401489 0.515625
1 0.844559 0.782812 0.310883 0.234375
0 0.0956116 0.798047 0.191223 0.403906
1 0.287579 0.0265625 0.336525 0.053125
0 0.484802 0.231445 0.60144 0.373828
1 0.570099 0.680176 0.757751 0.639648
0 0.79425 0.830469 0.377686 0.221875
1 0.807465 0.919531 0.385071 0.160938
1 0.484802 0.231445 0.60144 0.373828
0 0.850311 0.311719 0.299377 0.585938
1 0.383141 0.747266 0.625443 0.505469
1 0.635559 0.605859 0.522095 0.332031
1 0.805481 0.213086 0.389038 0.380078
0 0.592834 0.210938 0.814331 0.421875
1 0.571289 0.684766 0.577637 0.349219
1 0.615723 0.64375 0.615723 0.367188
1 0.676422 0.0291748 0.302307 0.0583496
0 0.0900574 0.35625 0.180115 0.7125
0 0.0903549 0.173828 0.18071 0.347656
1 0.145203 0.272656 0.290405 0.45
1 0.144409 0.366211 0.288818 0.594922
1 0.111282 0.505469 0.222565 0.832812
1 0.454651 0.0294678 0.267395 0.0589355
0 0.844559 0.782812 0.310883 0.234375
1 0.176544 0.908203 0.353088 0.183594
1 0.753784 0.916406 0.409424 0.167187
1 0.359634 0.0263184 0.266205 0.0526367
0 0.42807 0.0732422 0.316589 0.146484
1 0.17337 0.190283 0.346741 0.332715
0 0.513763 0.0858398 0.384033 0.17168
1 0.808853 0.143848 0.382294 0.287695
1 0.618896 0.584375 0.44751 0.251563
1 0.84079 0.257031 0.31842 0.1375
0 0.946716 0.3875 0.106567 0.626562
1 0.10672 0.651172 0.21344 0.633594
0 0.535187 0.920313 0.409424 0.159375
1 0.171089 0.533594 0.342178 0.559375
0 0.753784 0.916406 0.409424 0.167187
1 0.684753 0.209326 0.430054 0.319629
1 0.840195 0.692187 0.319611 0.367188
1 0.921997 0.281641 0.101562 0.0992187
0 0.124573 0.442187 0.0684357 0.06875
0 0.633575 0.046582 0.0587158 0.0568359
0 0.632782 0.0494141 0.0484009 0.0482422
1 0.0578232 0.830469 0.115646 0.11875
1 0.0642204 0.814258 0.128441 0.140234
1 0.888672 0.628906 0.123779 0.154687
0 0.116043 0.434766 0.072403 0.08125
0 0.6427 0.817383 0.409424 0.262109
1 0.909302 0.281055 0.0856934 0.0871094
0 0.796158 0.656641 0.407684 0.308594
0 0.726013 0.724219 0.42688 0.292188
0 0.158691 0.914844 0.317383 0.170312
0 0.818176 0.727344 0.363647 0.301562
0 0.852295 0.739062 0.29541 0.420312
1 0.909302 0.225781 0.104736 0.151562
1 0.158691 0.914844 0.317383 0.170312
0 0.689514 0.80293 0.423706 0.316016
0 0.0926361 0.923437 0.185272 0.153125
0 0.964172 0.903906 0.0716553 0.192188
0 0.259659 0.226953 0.417755 0.453906
0 0.87114 0.767187 0.257721 0.314063
0 0.47776 0.205078 0.409225 0.352344
0 0.538757 0.204688 0.452271 0.409375
0 0.212994 0.290234 0.25956 0.297656
0 0.632385 0.0369873 0.0666504 0.0739746
0 0.9245 0.249609 0.151001 0.10625
0 0.743469 0.772656 0.430054 0.301562
0 0.850906 0.804492 0.298187 0.222266
0 0.169998 0.183301 0.339996 0.366602
1 0.169998 0.183301 0.339996 0.366602
0 0.398415 0.218555 0.244186 0.241797
0 0.2122 0.713672 0.357948 0.288281
0 0.153732 0.713281 0.307465 0.307813
1 0.860626 0.883203 0.278748 0.233594
0 0.96814 0.132324 0.0637207 0.264648
0 0.83107 0.201953 0.33786 0.403906
0 0.209076 0.296826 0.177734 0.287598
1 0.852295 0.739062 0.29541 0.420312
0 0.651428 0.858398 0.417358 0.283203
0 0.172775 0.257031 0.328888 0.432813
1 0.212994 0.290234 0.25956 0.297656
0 0.921326 0.23457 0.157349 0.147266
0 0.863205 0.910937 0.27359 0.178125
0 0.0595589 0.131738 0.119118 0.263477
0 0.941162 0.5 0.117676 0.282031
0 0.249146 0.656641 0.465759 0.282031
1 0.863205 0.910937 0.27359 0.178125
0 0.367371 0.217383 0.382446 0.246094
0 0.920532 0.428809 0.158936 0.458008
0 0.55899 0.823438 0.384827 0.26875
0 0.907837 0.441016 0.184326 0.482031
0 0.212646 0.666406 0.425293 0.382812
0 0.439575 0.182324 0.434814 0.364648
1 0.172775 0.257031 0.328888 0.432813
1 0.87114 0.767187 0.257721 0.314063
0 0.860626 0.883203 0.278748 0.233594
0 0.909302 0.225781 0.104736 0.151562
0 0.93045 0.249609 0.139099 0.102344
1 0.818176 0.727344 0.363647 0.301562
0 0.620483 0.235693 0.38562 0.344238
1 0.850906 0.804492 0.298187 0.222266
0 0.136574 0.867188 0.273148 0.251563
0 0.340393 0.186133 0.445129 0.372266
1 0.209076 0.296826 0.177734 0.287598
0 0.813217 0.241602 0.373566 0.181641
0 0.142029 0.887891 0.284058 0.224219
1 0.398415 0.218555 0.244186 0.241797
1 0.726013 0.724219 0.42688 0.292188
0 0.940765 0.966406 0.118469 0.0671875
0 0.306274 0.424902 0.4245 0.342383
0 0.695068 0.203662 0.352295 0.378613
0 0.274536 0.526563 0.332458 0.317187
0 0.230152 0.507812 0.321251 0.279687
0 0.497498 0.789062 0.3396 0.2875
0 0.559784 0.864258 0.418152 0.271484
1 0.367371 0.217383 0.382446 0.246094
1 0.796158 0.656641 0.407684 0.308594
0 0.918945 0.854688 0.162109 0.290625
0 0.164246 0.133008 0.328491 0.266016
0 0.228962 0.569141 0.329979 0.290625
0 0.845352 0.856641 0.309296 0.286719
0 0.2789 0.588672 0.434021 0.21875
0 0.129234 0.757422 0.258469 0.219531
0 0.318573 0.476953 0.430054 0.333594
0 0.522888 0.592969 0.472107 0.417188
0 0.434418 0.7875 0.315796 0.190625
0 0.142624 0.782812 0.285248 0.171875
0 0.479149 0.829687 0.373123 0.257812
1 0.6427 0.817383 0.409424 0.262109
1 0.964172 0.903906 0.0716553 0.192188
0 0.182297 0.915625 0.364594 0.16875
0 0.482422 0.222852 0.306274 0.349609
0 0.780762 0.182324 0.417358 0.364648
1 0.47776 0.205078 0.409225 0.352344
0 0.842178 0.459277 0.315643 0.437695
1 0.941162 0.5 0.117676 0.282031
0 0.600647 0.810156 0.425293 0.31875
0 0.963379 0.879687 0.0732422 0.240625
1 0.142029 0.887891 0.284058 0.224219
1 0.813217 0.241602 0.373566 0.181641
1 0.222118 0.542188 0.30558 0.317187
1 0.182297 0.915625 0.364594 0.16875
0 0.218994 0.199414 0.437988 0.398828
1 0.540344 0.217383 0.437988 0.360547
0 0.165634 0.680078 0.331268 0.480469
0 0.167816 0.739453 0.310242 0.241406
1 0.940765 0.966406 0.118469 0.0671875
0 0.139549 0.435156 0.0878754 0.0875
0 0.0858917 0.166211 0.171783 0.332422
0 0.161568 0.340625 0.139847 0.333594
0 0.18924 0.336719 0.15036 0.309375
0 0.586266 0.494922 0.433426 0.4625
0 0.525665 0.75 0.349915 0.364062
1 0.161568 0.340625 0.139847 0.333594
0 0.982422 0.424902 0.0351562 0.476758
1 0.842178 0.459277 0.315643 0.437695
0 0.88443 0.553906 0.23114 0.304688
0 0.85289 0.755078 0.29422 0.227344
1 0.695068 0.203662 0.352295 0.378613
1 0.907837 0.441016 0.184326 0.482031
1 0.274536 0.526563 0.332458 0.317187
1 0.689514 0.80293 0.423706 0.316016
0 0.153038 0.828906 0.306076 0.19375
1 0.935608 0.240967 0.128784 0.166504
0 0.521996 0.730078 0.435013 0.419531
0 0.458221 0.869922 0.371338 0.260156
1 0.0926361 0.923437 0.185272 0.153125
1 0.858643 0.974219 0.282715 0.0515625
1 0.963379 0.879687 0.0732422 0.240625
1 0.0595589 0.131738 0.119118 0.263477
1 0.620483 0.235693 0.38562 0.344238
1 0.148972 0.379687 0.102753 0.1625
0 0.595093 0.610937 0.418945 0.446875
1 0.845352 0.856641 0.309296 0.286719
0 0.549866 0.917969 0.517334 0.164062
1 0.259659 0.226953 0.417755 0.453906
0 0.423309 0.201904 0.186462 0.246973
0 0.959412 0.579785 0.0811768 0.418555
1 0.918945 0.854688 0.162109 0.290625
0 0.2547 0.978125 0.439575 0.04375
1 0.18924 0.336719 0.15036 0.309375
0 0.893951 0.726172 0.212097 0.383594
0 0.792664 0.750781 0.388794 0.253125
0 0.802704 0.246875 0.394592 0.11875
0 0.505432 0.463281 0.529236 0.442187
0 0.836624 0.5375 0.326752 0.4125
0 0.262188 0.757031 0.332558 0.203125
1 0.0858917 0.166211 0.171783 0.332422
0 0.19281 0.11543 0.38562 0.230859
1 0.604614 0.209375 0.453857 0.41875
0 0.616119 0.544434 0.367371 0.40332
0 0.31778 0.979297 0.453857 0.0414063
1 0.340393 0.20332 0.434814 0.372266
0 0.745056 0.243945 0.34436 0.369922
1 0.745056 0.243945 0.34436 0.369922
0 0.152641 0.406641 0.110489 0.353125
1 0.93045 0.249609 0.139099 0.102344
1 0.627625 0.719531 0.168213 0.239063
0 0.283611 0.285156 0.380959 0.315625
1 0.423309 0.201904 0.186462 0.246973
0 0.172379 0.348047 0.256683 0.345313
0 0.72998 0.458203 0.434814 0.567969
0 0.354675 0.379687 0.432434 0.404687
0 0.775208 0.622266 0.420532 0.357031
0 0.464867 0.679688 0.493729 0.432813
0 0.163155 0.873438 0.326309 0.253125
1 0.164246 0.133008 0.328491 0.266016
0 0.859909 0.25625 0.279694 0.138281
0 0.239426 0.442871 0.359039 0.38457
0 0.46566 0.560938 0.485794 0.3625
0 0.94751 0.617578 0.10498 0.463281
0 0.238235 0.954687 0.476471 0.090625
0 0.240219 0.317969 0.313019 0.275
1 0.152641 0.406641 0.110489 0.353125
0 0.856262 0.631641 0.287476 0.367969
0 0.192215 0.622656 0.383636 0.323438
0 0.926086 0.182324 0.147827 0.364648
1 0.439575 0.182324 0.434814 0.364648
1 0.838608 0.230469 0.322784 0.403125
0 0.953064 0.277539 0.0938721 0.313672
1 0.172379 0.348047 0.256683 0.345313
0 0.960999 0.721094 0.0780029 0.45625
0 0.130821 0.795117 0.261642 0.181641
0 0.406944 0.915625 0.508011 0.16875
0 0.923706 0.139746 0.152588 0.279492
1 0.482422 0.222852 0.306274 0.349609
1 0.920135 0.225977 0.159729 0.151172
1 0.920532 0.428809 0.158936 0.458008
0 0.867371 0.689062 0.265259 0.34375
1 0.867371 0.689062 0.265259 0.34375
0 0.692688 0.683203 0.414185 0.364844
0 0.32135 0.735156 0.434814 0.248437
0 0.448402 0.719531 0.409225 0.329688
0 0.213837 0.790625 0.422913 0.148438
0 0.378479 0.944531 0.495117 0.110937
0 0.834442 0.924219 0.331116 0.151562
0 0.176594 0.407129 0.169701 0.34668
0 0.126978 0.388672 0.158642 0.188281
0 0.148972 0.379687 0.102753 0.1625
0 0.42926 0.389746 0.496704 0.458008
1 0.318573 0.476953 0.430054 0.333594
0 0.194199 0.553906 0.249542 0.253125
0 0.385223 0.797656 0.376892 0.15625
1 0.651428 0.858398 0.417358 0.283203
0 0.858643 0.974219 0.282715 0.0515625
0 0.114555 0.0984375 0.229111 0.196875
0 0.756958 0.382812 0.398315 0.432813
1 0.893951 0.726172 0.212097 0.383594
1 0.556313 0.796875 0.374313 0.3125
1 0.743469 0.772656 0.430054 0.301562
1 0.218994 0.199414 0.437988 0.398828
0 0.266552 0.295312 0.295265 0.403125
1 0.239426 0.442871 0.359039 0.38457
0 0.378578 0.564844 0.429855 0.3
1 0.549469 0.625781 0.418945 0.414062
1 0.907715 0.296094 0.111084 0.101562
1 0.802704 0.246875 0.394592 0.11875
0 0.263378 0.388379 0.330177 0.38418
0 0.685944 0.521094 0.427673 0.377344
1 0.306274 0.424902 0.4245 0.342383
0 0.733948 0.579297 0.399902 0.385156
0 0.399506 0.729688 0.392761 0.26875
1 0.283611 0.285156 0.380959 0.315625
0 0.796829 0.575781 0.336029 0.378125
1 0.212646 0.666406 0.425293 0.382812
0 0.963776 0.810156 0.0724487 0.379687
1 0.96814 0.132324 0.0637207 0.264648
1 0.240219 0.317969 0.313019 0.275
0 0.334095 0.267188 0.3395 0.365625
0 0.377289 0.246533 0.314209 0.32334
1 0.126978 0.388672 0.158642 0.188281
0 0.21344 0.335742 0.290009 0.397266
0 0.972107 0.487109 0.0557861 0.361719
1 0.83345 0.574609 0.333099 0.438281
0 0.809448 0.6 0.381104 0.3
1 0.505432 0.917969 0.51416 0.164062
0 0.651428 0.918359 0.490356 0.163281
0 0.669678 0.252148 0.355469 0.414453
1 0.176594 0.407129 0.169701 0.34668
1 0.72998 0.458203 0.434814 0.567969
1 0.586266 0.494922 0.433426 0.4625
1 0.84436 0.664844 0.311279 0.432813
0 0.300125 0.772266 0.332855 0.174219
0 0.362213 0.779492 0.325317 0.162891
1 0.2547 0.978125 0.439575 0.04375
1 0.634766 0.757812 0.174561 0.18125
0 0.140938 0.242773 0.281876 0.394141
1 0.861023 0.601562 0.277954 0.357812
1 0.19281 0.11543 0.38562 0.230859
1 0.780762 0.182324 0.417358 0.364648
0 0.912598 0.280859 0.174805 0.313281
0 0.779175 0.516797 0.439575 0.335938
1 0.145401 0.55625 0.200348 0.210938
1 0.134094 0.723828 0.268188 0.297656
1 0.238235 0.954687 0.476471 0.090625
1 0.334095 0.267188 0.3395 0.365625
1 0.194199 0.553906 0.249542 0.253125
1 0.806671 0.558594 0.386658 0.364062
0 0.403076 0.610937 0.498291 0.26875
1 0.165634 0.680078 0.331268 0.480469
0 0.476074 0.286719 0.375305 0.40625
1 0.266552 0.295312 0.295265 0.403125
0 0.799133 0.442285 0.401733 0.49043
1 0.88443 0.553906 0.23114 0.304688
1 0.525665 0.75 0.349915 0.364062
0 0.738312 0.916406 0.453064 0.167187
0 0.166824 0.389746 0.178925 0.176758
0 0.398315 0.473437 0.476074 0.321094
1 0.775208 0.622266 0.420532 0.357031
1 0.561371 0.888281 0.427673 0.223438
1 0.599754 0.918359 0.504837 0.163281
0 0.74585 0.303711 0.355469 0.334766
0 0.196182 0.3875 0.229309 0.235938
0 0.313614 0.344922 0.326508 0.417969
0 0.582794 0.689453 0.411804 0.421094
1 0.521996 0.730078 0.435013 0.419531
0 0.51297 0.892187 0.440369 0.215625
0 0.376099 0.0481445 0.466553 0.0962891
1 0.0740891 0.628125 0.148178 0.342187
0 0.36142 0.667969 0.53479 0.279687
0 0.802307 0.141504 0.395386 0.283008
1 0.953064 0.277539 0.0938721 0.313672
0 0.922791 0.242529 0.131714 0.15791
0 0.391273 0.315625 0.382248 0.43125
1 0.732758 0.522559 0.440369 0.351758
1 0.069725 0.69375 0.13945 0.371875
0 0.145401 0.55625 0.200348 0.210938
1 0.136574 0.867188 0.273148 0.251563
1 0.140938 0.242773 0.281876 0.394141
1 0.74585 0.303711 0.355469 0.334766
1 0.756958 0.382812 0.398315 0.432813
1 0.46814 0.602344 0.484009 0.36875
1 0.85289 0.755078 0.29422 0.227344
1 0.377289 0.246533 0.314209 0.32334
1 0.21344 0.335742 0.290009 0.397266
0 0.120209 0.783594 0.240417 0.239063
1 0.497498 0.789062 0.3396 0.2875
0 0.31778 0.795313 0.420532 0.146875
1 0.31778 0.979297 0.453857 0.0414063
1 0.92041 0.278906 0.092041 0.0898438
0 0.122192 0.442578 0.0610962 0.0617188
1 0.917236 0.273438 0.072998 0.0757812
1 0.0635757 0.82207 0.127151 0.140234
1 0.918823 0.257812 0.0666504 0.046875
1 0.122192 0.442578 0.0610962 0.0617188
1 0.0499878 0.5875 0.0999756 0.146875
1 0.0773373 0.825 0.10677 0.1125
1 0.722046 0.999609 0.133301 0.00078125
0 0.116737 0.451172 0.0507812 0.05
1 0.597473 1 0.133301 0
1 0.913269 0.285352 0.072998 0.075
0 0.0609474 0.95625 0.121895 0.0875
0 0.113861 0.942187 0.227722 0.115625
1 0.0306473 0.0591797 0.0612946 0.0746094
1 0.873123 0.141406 0.253754 0.282813
0 0.0292587 0.0811523 0.0585175 0.162305
0 0.196381 0.27793 0.301514 0.297266
0 0.172577 0.344141 0.171387 0.30625
0 0.873123 0.141406 0.253754 0.282813
1 0.636749 0.936719 0.148376 0.126563
0 0.30077 0.286914 0.299828 0.334766
0 0.762909 0.813281 0.370544 0.3375
0 0.121101 0.801562 0.242203 0.2625
0 0.965759 0.061084 0.0684814 0.122168
0 0.815796 0.771875 0.368408 0.375
0 0.84198 0.130566 0.31604 0.261133
1 0.84198 0.130566 0.31604 0.261133
0 0.177685 0.302344 0.193703 0.332031
0 0.212448 0.3375 0.284851 0.339063
0 0.378082 0.856445 0.23645 0.287109
0 0.962585 0.921875 0.0748291 0.15625
0 0.261444 0.211133 0.324524 0.257422
0 0.958618 0.900781 0.0827637 0.198437
0 0.418251 0.858008 0.258469 0.283984
0 0.148972 0.962109 0.297943 0.0757812
0 0.170197 0.796875 0.276123 0.265625
0 0.0548973 0.0473145 0.109795 0.0946289
0 0.277908 0.585156 0.305878 0.415625
1 0.113861 0.942187 0.227722 0.115625
0 0.335434 0.163184 0.290802 0.326367
0 0.707764 0.826758 0.357056 0.340234
0 0.332062 0.848242 0.273743 0.278516
0 0.463379 0.85957 0.276917 0.280859
0 0.766876 0.0446777 0.273743 0.0893555
0 0.631592 0.841602 0.377686 0.316797
0 0.0999756 0.914844 0.199951 0.170312
0 0.571686 0.0397461 0.233276 0.0794922
0 0.123383 0.841406 0.246765 0.3
0 0.51297 0.0426758 0.2547 0.0853516
0 0.713318 0.0425781 0.261841 0.0851562
0 0.292042 0.181299 0.261742 0.346777
0 0.211407 0.207813 0.254799 0.222266
0 0.953064 0.866992 0.0938721 0.247266
0 0.616516 0.0400391 0.253906 0.0800781
0 0.506226 0.857813 0.27533 0.284375
0 0.160973 0.172949 0.321945 0.345898
0 0.248154 0.187695 0.263824 0.343359
0 0.16065 0.338672 0.187305 0.189844
0 0.143021 0.402441 0.286041 0.220117
0 0.165733 0.557422 0.331467 0.444531
1 0.335434 0.163184 0.290802 0.326367
0 0.822021 0.155664 0.230103 0.311328
0 0.225342 0.806445 0.245972 0.280859
0 0.276718 0.831445 0.325714 0.268359
1 0.0292587 0.0811523 0.0585175 0.162305
0 0.665314 0.040625 0.253113 0.08125
0 0.159286 0.205078 0.318573 0.380469
0 0.366131 0.59375 0.396034 0.435937
0 0.804367 0.203174 0.178131 0.293652
0 0.824921 0.707812 0.350159 0.440625
0 0.572876 0.849219 0.314209 0.301562
1 0.62207 1 0.136475 0
0 0.249592 0.195508 0.188744 0.258984
1 0.156212 0.347266 0.146988 0.284375
0 0.123581 0.353906 0.245178 0.180469
0 0.188396 0.5875 0.314308 0.40625
0 0.329235 0.646484 0.338112 0.410156
1 0.121101 0.801562 0.242203 0.2625
0 0.271015 0.813867 0.25222 0.291016
0 0.450287 0.0453125 0.293579 0.090625
1 0.965759 0.061084 0.0684814 0.122168
0 0.660553 0.116016 0.376892 0.232031
0 0.198414 0.233008 0.239525 0.316797
0 0.1334 0.37207 0.252914 0.319141
0 0.218201 0.0419922 0.243988 0.0839844
0 0.829758 0.0542969 0.311432 0.108594
0 0.757355 0.120117 0.400696 0.240234
0 0.132408 0.151855 0.264816 0.303711
0 0.199207 0.190234 0.298241 0.350781
1 0.30077 0.286914 0.299828 0.334766
0 0.164543 0.0413086 0.254898 0.0826172
0 0.0517731 0.142578 0.103546 0.285156
0 0.321945 0.145898 0.389984 0.291797
1 0.822021 0.155664 0.230103 0.311328
0 0.21344 0.219727 0.168213 0.289453
0 0.35289 0.284375 0.21463 0.292188
1 0.289165 0.194727 0.254799 0.282813
0 0.817978 0.360938 0.364044 0.353125
0 0.153435 0.612109 0.30687 0.396094
0 0.761322 0.15332 0.288025 0.305859
1 0.863403 0.163281 0.273193 0.326562
0 0.158691 0.259766 0.29715 0.375781
0 0.361221 0.207227 0.302704 0.323438
1 0.196381 0.27793 0.301514 0.297266
0 0.105927 0.443359 0.0440369 0.0515625
0 0.551552 0.116211 0.382248 0.232422
1 0.212448 0.3375 0.284851 0.339063
0 0.430153 0.652344 0.39653 0.421875
0 0.840195 0.649219 0.319611 0.41875
1 0.0999756 0.914844 0.199951 0.170312
1 0.0609474 0.95625 0.121895 0.0875
1 0.148972 0.962109 0.297943 0.0757812
0 0.26918 0.0409668 0.233673 0.0819336
0 0.829163 0.295117 0.291992 0.323828
0 0.226879 0.639844 0.272255 0.389062
0 0.181503 0.817187 0.363007 0.275
1 0.717285 0.967969 0.123779 0.0640625
0 0.403473 0.042041 0.258667 0.084082
1 0.766876 0.0446777 0.273743 0.0893555
1 0.878876 0.0580078 0.242249 0.116016
0 0.204315 0.135059 0.40863 0.270117
0 0.492638 0.125879 0.398514 0.251758
1 0.159286 0.205078 0.318573 0.380469
1 0.177685 0.302344 0.193703 0.332031
0 0.840393 0.434766 0.319214 0.4125
0 0.951477 0.819531 0.0970459 0.254687
0 0.127151 0.435937 0.0583191 0.0601562
1 0.571686 0.0397461 0.233276 0.0794922
1 0.616516 0.0400391 0.253906 0.0800781
1 0.958618 0.900781 0.0827637 0.198437
0 0.121002 0.0388672 0.223755 0.0777344
1 0.51297 0.0426758 0.2547 0.0853516
1 0.713318 0.0425781 0.261841 0.0851562
1 0.361221 0.207227 0.302704 0.323438
0 0.845352 0.2375 0.309296 0.174609
1 0.143021 0.402441 0.286041 0.220117
0 0.841385 0.509766 0.31723 0.411719
1 0.165733 0.557422 0.331467 0.444531
1 0.170197 0.796875 0.276123 0.265625
1 0.418251 0.858008 0.258469 0.283984
0 0.578827 0.876172 0.246765 0.247656
0 0.349716 0.107227 0.371735 0.214453
0 0.163254 0.38916 0.326508 0.149805
0 0.159386 0.770312 0.318771 0.425
1 0.815796 0.771875 0.368408 0.375
1 0.378082 0.856445 0.23645 0.287109
1 0.463379 0.85957 0.276917 0.280859
0 0.107712 0.878125 0.215424 0.24375
0 0.358444 0.0401855 0.246368 0.0803711
1 0.665314 0.040625 0.253113 0.08125
1 0.829758 0.0542969 0.311432 0.108594
0 0.151352 0.121582 0.302704 0.243164
0 0.832336 0.219336 0.279297 0.255469
0 0.960999 0.232812 0.0780029 0.171875
1 0.35289 0.284375 0.21463 0.292188
1 0.1334 0.37207 0.252914 0.319141
0 0.804565 0.326367 0.358643 0.287891
0 0.480736 0.585156 0.366776 0.390625
0 0.639526 0.596875 0.393555 0.40625
1 0.762909 0.813281 0.370544 0.3375
0 0.767273 0.20293 0.244385 0.298047
0 0.932037 0.283789 0.135925 0.214453
1 0.376892 0.341406 0.260254 0.300781
0 0.154129 0.801562 0.251923 0.3625
1 0.123383 0.841406 0.246765 0.3
1 0.962585 0.921875 0.0748291 0.15625
0 0.878876 0.0580078 0.242249 0.116016
1 0.321945 0.145898 0.389984 0.291797
0 0.863403 0.163281 0.273193 0.326562
1 0.249592 0.195508 0.188744 0.258984
1 0.804367 0.203174 0.178131 0.293652
1 0.123581 0.353906 0.245178 0.180469
0 0.879272 0.841797 0.241455 0.316406
1 0.845352 0.2375 0.309296 0.174609
1 0.277908 0.585156 0.305878 0.415625
0 0.801712 0.605469 0.396576 0.423438
1 0.953064 0.866992 0.0938721 0.247266
0 0.0741386 0.921094 0.148277 0.157813
0 0.0750809 0.0398926 0.150162 0.0797852
1 0.450287 0.0453125 0.293579 0.090625
1 0.211407 0.207813 0.254799 0.222266
0 0.864594 0.188086 0.270813 0.198047
0 0.331665 0.32168 0.233276 0.255078
0 0.24617 0.531152 0.40744 0.414258
0 0.828094 0.562402 0.343811 0.44082
0 0.147583 0.672656 0.295166 0.40625
1 0.506226 0.857813 0.27533 0.284375
1 0.132408 0.151855 0.264816 0.303711
0 0.901489 0.480469 0.197021 0.353125
0 0.547882 0.653906 0.386414 0.407813
0 0.170197 0.717188 0.334045 0.440625
1 0.218201 0.0419922 0.243988 0.0839844
1 0.160973 0.172949 0.321945 0.345898
1 0.331665 0.32168 0.233276 0.255078
0 0.376892 0.341406 0.260254 0.300781
1 0.817978 0.360938 0.364044 0.353125
0 0.548279 0.595312 0.349121 0.407813
1 0.164543 0.0413086 0.254898 0.0826172
0 0.958618 0.127637 0.0827637 0.255273
1 0.958618 0.127637 0.0827637 0.255273
1 0.40744 0.157324 0.355469 0.314648
1 0.158691 0.259766 0.29715 0.375781
1 0.449493 0.291748 0.294373 0.310254
1 0.16065 0.338672 0.187305 0.189844
0 0.373718 0.714844 0.421326 0.45
0 0.87114 0.732813 0.257721 0.396875
1 0.225342 0.806445 0.245972 0.280859
1 0.332062 0.848242 0.273743 0.278516
1 0.700623 0.835156 0.430054 0.329688
1 0.107712 0.878125 0.215424 0.24375
0 0.959412 0.970312 0.0811768 0.059375
0 0.720856 0.205469 0.348328 0.325
1 0.864594 0.188086 0.270813 0.198047
0 0.447906 0.355859 0.327698 0.346094
1 0.447906 0.355859 0.327698 0.346094
1 0.839798 0.708203 0.320404 0.438281
1 0.271015 0.813867 0.25222 0.291016
1 0.26918 0.0409668 0.233673 0.0819336
1 0.0517731 0.142578 0.103546 0.285156
0 0.964966 0.185937 0.0700684 0.274219
1 0.196827 0.242627 0.18557 0.27334
0 0.449493 0.291748 0.294373 0.310254
0 0.805084 0.410059 0.389832 0.339258
1 0.153435 0.612109 0.30687 0.396094
1 0.761322 0.15332 0.288025 0.305859
0 0.445129 0.421484 0.353882 0.395312
1 0.163254 0.38916 0.326508 0.149805
0 0.481232 0.715625 0.427673 0.451562
1 0.855865 0.8125 0.288269 0.346875
1 0.823135 0.835742 0.353729 0.328516
0 0.710144 0.160059 0.380859 0.320117
0 0.420135 0.207031 0.28009 0.314844
0 0.761322 0.286133 0.267395 0.290234
0 0.919739 0.527344 0.160522 0.372656
0 0.734344 0.560059 0.389587 0.418945
0 0.712524 0.655078 0.396729 0.411719
1 0.403473 0.042041 0.258667 0.084082
1 0.199207 0.190234 0.298241 0.350781
1 0.420135 0.207031 0.28009 0.314844
0 0.863205 0.413672 0.27359 0.414844
0 0.96814 0.402344 0.0637207 0.2625
0 0.883438 0.629687 0.233124 0.392188
0 0.590729 0.714453 0.421326 0.427344
0 0.206894 0.797656 0.278107 0.378125
1 0.181503 0.817187 0.363007 0.275
0 0.666504 0.8625 0.333252 0.275
0 0.265015 0.710938 0.407043 0.4375
0 0.116539 0.783008 0.233078 0.349609
1 0.879272 0.841797 0.241455 0.316406
1 0.276718 0.831445 0.325714 0.268359
1 0.631592 0.841602 0.377686 0.316797
1 0.0548973 0.0473145 0.109795 0.0946289
1 0.358444 0.0401855 0.246368 0.0803711
1 0.248154 0.187695 0.263824 0.343359
0 0.40744 0.157324 0.355469 0.314648
0 0.47052 0.201758 0.287231 0.303516
1 0.47052 0.201758 0.287231 0.303516
0 0.511383 0.369922 0.326111 0.375
1 0.511383 0.369922 0.326111 0.375
0 0.746643 0.310156 0.334839 0.241406
0 0.803101 0.486621 0.393799 0.373633
1 0.329235 0.646484 0.338112 0.410156
0 0.530128 0.826563 0.360031 0.346875
0 0.855865 0.8125 0.288269 0.346875
1 0.121002 0.0388672 0.223755 0.0777344
1 0.466454 0.160156 0.341385 0.320312
1 0.51416 0.299609 0.317383 0.332812
0 0.389687 0.414062 0.340988 0.378906
0 0.754578 0.406641 0.382446 0.315625
1 0.366131 0.59375 0.396034 0.435937
0 0.231689 0.762109 0.363403 0.438281
0 0.308258 0.765625 0.476868 0.45625
0 0.524078 0.764844 0.471313 0.454688
1 0.951477 0.819531 0.0970459 0.254687
0 0.401093 0.140723 0.414978 0.281445
1 0.746246 0.139648 0.40387 0.279297
1 0.198414 0.233008 0.239525 0.316797
0 0.907837 0.259961 0.184326 0.331641
0 0.917358 0.236719 0.165283 0.195312
1 0.960999 0.232812 0.0780029 0.171875
0 0.51416 0.299609 0.317383 0.332812
1 0.389687 0.414062 0.340988 0.378906
0 0.124077 0.463281 0.248154 0.3375
1 0.147583 0.672656 0.295166 0.40625
0 0.421425 0.765234 0.47905 0.461719
1 0.602234 0.114063 0.358643 0.228125
0 0.709351 0.143262 0.420532 0.286523
1 0.522491 0.195508 0.296753 0.3125
0 0.876297 0.261914 0.247406 0.158984
1 0.159386 0.770312 0.318771 0.425
0 0.75061 0.758594 0.449097 0.435937
1 0.0977936 0.823633 0.195587 0.293359
0 0.135384 0.90625 0.270767 0.1875
0 0.100273 0.175 0.200546 0.332031
1 0.214432 0.155957 0.428864 0.311914
1 0.401093 0.140723 0.414978 0.281445
0 0.881256 0.195117 0.237488 0.341797
1 0.445129 0.421484 0.353882 0.395312
1 0.124077 0.463281 0.248154 0.3375
0 0.123184 0.444531 0.0628815 0.0632813
1 0.921997 0.281836 0.101562 0.0945313
0 0.633972 0.044519 0.0603027 0.0590088
1 0.923584 0.295312 0.0856934 0.078125
0 0.635559 0.0347656 0.0618896 0.0695312
0 0.128143 0.453906 0.0678406 0.0640625
0 0.120209 0.438281 0.0769653 0.0609375
0 0.136772 0.442187 0.0843048 0.0703125
1 0.929138 0.3 0.074585 0.0609375
1 0.0560379 0.589063 0.112076 0.147656
0 0.1091 0.447656 0.0624847 0.0695312
0 0.117432 0.452344 0.059906 0.05625
1 0.931519 0.286328 0.0761719 0.0761719
1 0.124573 0.444531 0.0650635 0.0640625
0 0.633179 0.0246582 0.0587158 0.0493164
0 0.386017 0.0250244 0.262634 0.0500488
0 0.433228 0.0257812 0.27533 0.0515625
0 0.480042 0.0281006 0.293579 0.0562012
0 0.334045 0.0256836 0.274536 0.0513672
0 0.531616 0.0296875 0.293579 0.059375
0 0.343765 0.836719 0.355865 0.289062
0 0.350906 0.257227 0.295563 0.233203
0 0.285843 0.836719 0.345551 0.271875
0 0.0617905 0.944531 0.123581 0.110937
0 0.586365 0.0305176 0.290405 0.0610352
1 0.433228 0.0257812 0.27533 0.0515625
0 0.135086 0.150781 0.270172 0.301562
0 0.352692 0.201514 0.304688 0.242285
0 0.42688 0.440234 0.388 0.329688
0 0.300274 0.765625 0.334145 0.210938
1 0.386017 0.0250244 0.262634 0.0500488
1 0.352692 0.201514 0.304688 0.242285
0 0.485199 0.473535 0.375305 0.318555
0 0.30077 0.213672 0.278404 0.247656
0 0.352692 0.776563 0.345154 0.221875
0 0.396034 0.821875 0.347336 0.279687
0 0.282867 0.0268555 0.268982 0.0537109
1 0.480042 0.0281006 0.293579 0.0562012
0 0.412498 0.38125 0.381058 0.294531
0 0.297348 0.272266 0.265411 0.269531
1 0.460999 0.43125 0.400696 0.310937
1 0.285843 0.836719 0.345551 0.271875
0 0.410217 0.306836 0.349121 0.205859
1 0.350906 0.257227 0.295563 0.233203
0 0.539948 0.683594 0.194397 0.209375
1 0.410217 0.306836 0.349121 0.205859
1 0.531616 0.0296875 0.293579 0.059375
0 0.64032 0.0294189 0.269775 0.0588379
0 0.61731 0.0921875 0.314209 0.184375
0 0.670868 0.0980469 0.324524 0.196094
1 0.826904 0.131445 0.346191 0.262891
1 0.401886 0.239648 0.291992 0.190234
1 0.485199 0.473535 0.375305 0.318555
0 0.242798 0.770312 0.32373 0.229687
1 0.334045 0.0256836 0.274536 0.0513672
0 0.353683 0.314453 0.333649 0.235938
1 0.343765 0.836719 0.355865 0.289062
0 0.466949 0.0962891 0.351501 0.192578
0 0.545105 0.514063 0.325317 0.275
0 0.0977936 0.942969 0.195587 0.114063
1 0.586365 0.0305176 0.290405 0.0610352
0 0.414978 0.0898438 0.342773 0.179688
0 0.391968 0.875391 0.326904 0.249219
0 0.401886 0.239648 0.291992 0.190234
1 0.412498 0.38125 0.381058 0.294531
0 0.530823 0.733984 0.279297 0.357031
0 0.826904 0.131445 0.346191 0.262891
0 0.836029 0.492871 0.327942 0.342383
1 0.154327 0.834375 0.308655 0.30625
0 0.888 0.131641 0.223999 0.263281
1 0.888 0.131641 0.223999 0.263281
1 0.406647 0.171777 0.318176 0.224414
0 0.497101 0.524219 0.329285 0.276563
0 0.84198 0.5625 0.31604 0.323438
0 0.264618 0.730469 0.340393 0.264062
1 0.183884 0.836719 0.344757 0.28125
0 0.229755 0.0276611 0.274437 0.0553223
0 0.404564 0.784375 0.301712 0.217187
0 0.183884 0.836719 0.344757 0.28125
1 0.545105 0.514063 0.325317 0.275
0 0.154327 0.834375 0.308655 0.30625
0 0.927551 0.282422 0.0904541 0.0851562
0 0.357056 0.0791992 0.326904 0.158398
0 0.233871 0.215039 0.243988 0.235156
0 0.208084 0.307813 0.268188 0.289844
0 0.453461 0.367188 0.375305 0.246875
1 0.453461 0.367188 0.375305 0.246875
1 0.391968 0.875391 0.326904 0.249219
1 0.64032 0.0294189 0.269775 0.0588379
1 0.358246 0.164258 0.343567 0.275781
1 0.30077 0.213672 0.278404 0.247656
0 0.165833 0.330664 0.283264 0.317578
0 0.250782 0.522266 0.3395 0.300781
0 0.0399704 0.0567871 0.0799408 0.113574
0 0.161667 0.734375 0.323334 0.273438
0 0.327698 0.741406 0.355469 0.273438
0 0.15274 0.774219 0.305481 0.251563
0 0.834045 0.849219 0.331909 0.301562
1 0.0617905 0.944531 0.123581 0.110937
1 0.282867 0.0268555 0.268982 0.0537109
0 0.206894 0.242529 0.237244 0.236816
0 0.392662 0.496973 0.373123 0.318555
0 0.135086 0.95625 0.270172 0.0875
0 0.306076 0.324219 0.29715 0.264062
0 0.689911 0.0293457 0.265808 0.0586914
0 0.318176 0.16543 0.331665 0.267578
0 0.284256 0.596875 0.373322 0.351562
0 0.447609 0.544531 0.334641 0.285937
0 0.31897 0.941406 0.341187 0.117188
0 0.631592 0.0537109 0.0603027 0.0539063
0 0.774017 0.0892578 0.348328 0.178516
1 0.841187 0.065332 0.317627 0.130664
0 0.333847 0.453223 0.378082 0.34043
0 0.495514 0.749219 0.381653 0.409375
0 0.886017 0.852734 0.227966 0.294531
0 0.264618 0.946094 0.338806 0.107813
0 0.129929 0.388281 0.259857 0.351562
0 0.339203 0.511621 0.376099 0.314258
0 0.441559 0.707031 0.399109 0.403125
0 0.895142 0.724219 0.209717 0.285937
0 0.127945 0.743359 0.25589 0.247656
0 0.0699234 0.911719 0.139847 0.151562
1 0.0691299 0.817969 0.13826 0.15
1 0.135086 0.150781 0.270172 0.301562
0 0.264668 0.166406 0.278404 0.25
0 0.406647 0.171777 0.318176 0.224414
1 0.353683 0.314453 0.333649 0.235938
0 0.393654 0.572656 0.352097 0.310937
0 0.841187 0.065332 0.317627 0.130664
0 0.227921 0.355078 0.315399 0.336719
0 0.114655 0.816406 0.229309 0.25625
1 0.396034 0.821875 0.347336 0.279687
0 0.708954 0.935547 0.357849 0.128906
0 0.1758 0.0283203 0.274437 0.0566406
0 0.918152 0.0389648 0.163696 0.0779297
0 0.814087 0.0737793 0.357056 0.147559
0 0.231293 0.143359 0.342773 0.286719
0 0.172775 0.278711 0.27652 0.313672
0 0.241806 0.286328 0.284454 0.296094
0 0.499878 0.417871 0.393555 0.286133
0 0.887604 0.487891 0.224792 0.374219
1 0.300274 0.765625 0.334145 0.210938
0 0.414185 0.937891 0.335632 0.124219
0 0.13707 0.444922 0.274139 0.361719
0 0.319962 0.392578 0.351898 0.319531
0 0.189835 0.588281 0.349518 0.317187
1 0.497101 0.524219 0.329285 0.276563
0 0.81282 0.512109 0.374359 0.290625
0 0.519714 0.575 0.261841 0.245312
0 0.560577 0.559375 0.240417 0.223438
1 0.352692 0.776563 0.345154 0.221875
1 0.135086 0.95625 0.270172 0.0875
0 0.116638 0.159473 0.233276 0.27832
0 0.129532 0.297852 0.259064 0.344922
0 0.839203 0.427734 0.321594 0.333594
0 0.290802 0.657031 0.389587 0.404687
0 0.39286 0.660156 0.385422 0.375
0 0.521301 0.659375 0.272156 0.3
1 0.269329 0.134375 0.34684 0.26875
0 0.216812 0.17832 0.266602 0.264062
1 0.297348 0.272266 0.265411 0.269531
1 0.449493 0.303516 0.328491 0.167187
0 0.251575 0.458691 0.349815 0.335742
1 0.836029 0.492871 0.327942 0.342383
0 0.145996 0.698828 0.291992 0.357031
0 0.543518 0.612891 0.187256 0.203125
0 0.889786 0.771094 0.220428 0.271875
0 0.88562 0.882422 0.22876 0.235156
0 0.0417061 0.924219 0.0834122 0.151562
0 0.492638 0.904688 0.320755 0.173438
0 0.508507 0.934375 0.346146 0.13125
0 0.772034 0.947656 0.360229 0.104687
1 0.689911 0.0293457 0.265808 0.0586914
1 0.414978 0.0898438 0.342773 0.179688
1 0.466949 0.0962891 0.351501 0.192578
0 0.449493 0.303516 0.328491 0.167187
0 0.485596 0.613281 0.330872 0.304688
0 0.0649643 0.871875 0.129929 0.203125
0 0.875702 0.964453 0.248596 0.0710938
0 0.197571 0.53584 0.327301 0.32832
1 0.558594 0.463281 0.392761 0.307031
0 0.136871 0.604688 0.273743 0.315625
0 0.188049 0.650781 0.376099 0.3875
0 0.231491 0.710938 0.379669 0.334375
0 0.566528 0.703906 0.224548 0.189063
1 0.191223 0.767969 0.32254 0.226562
0 0.441559 0.90625 0.32373 0.18125
1 0.708954 0.935547 0.357849 0.128906
0 0.855469 0.952344 0.289062 0.0953125
1 0.229755 0.0276611 0.274437 0.0553223
0 0.106522 0.860742 0.213043 0.241016
0 0.737915 0.0292969 0.279297 0.0585938
0 0.0607986 0.0892578 0.121597 0.178516
1 0.61731 0.0921875 0.314209 0.184375
1 0.670868 0.0980469 0.324524 0.196094
0 0.887009 0.171777 0.225983 0.343555
1 0.622864 0.510938 0.380859 0.296875
0 0.47171 0.838867 0.336426 0.250391
1 0.834045 0.849219 0.331909 0.301562
0 0.107513 0.899219 0.215027 0.192188
1 0.0977936 0.942969 0.195587 0.114063
0 0.558594 0.463281 0.392761 0.307031
0 0.909424 0.66875 0.181152 0.267188
0 0.0536575 0.0376953 0.107315 0.0753906
0 0.263229 0.0859375 0.349518 0.171875
0 0.120605 0.230908 0.241211 0.286621
0 0.150658 0.505859 0.301315 0.369531
0 0.34198 0.710156 0.417358 0.414062
1 0.15274 0.774219 0.305481 0.251563
0 0.5578 0.927344 0.3396 0.145313
0 0.656982 0.930859 0.338013 0.138281
0 0.0783539 0.0267334 0.156708 0.0534668
0 0.827499 0.465234 0.345001 0.344531
1 0.404564 0.784375 0.301712 0.217187
1 0.357056 0.0791992 0.326904 0.158398
0 0.310638 0.128027 0.368958 0.256055
0 0.170593 0.201758 0.280884 0.286328
0 0.622864 0.510938 0.380859 0.296875
0 0.847137 0.614062 0.305725 0.314063
0 0.891571 0.810156 0.216858 0.265625
0 0.626038 0.898438 0.247559 0.165625
0 0.887207 0.916406 0.225586 0.167187
1 0.31897 0.941406 0.341187 0.117188
1 0.264668 0.166406 0.278404 0.25
0 0.181751 0.416016 0.352196 0.358594
0 0.20015 0.477344 0.353485 0.36875
1 0.379372 0.445312 0.385422 0.336719
1 0.560577 0.559375 0.240417 0.223438
0 0.859039 0.908594 0.281921 0.182812
1 0.772034 0.947656 0.360229 0.104687
0 0.133102 0.028418 0.247162 0.0568359
1 0.918152 0.0389648 0.163696 0.0779297
1 0.81282 0.512109 0.374359 0.290625
0 0.880859 0.7125 0.238281 0.410937
0 0.912598 0.903125 0.174805 0.19375
0 0.680786 0.898438 0.299927 0.19375
1 0.680786 0.898438 0.299927 0.19375
1 0.264618 0.946094 0.338806 0.107813
1 0.0399704 0.0567871 0.0799408 0.113574
1 0.839203 0.427734 0.321594 0.333594
0 0.53479 0.874609 0.311035 0.250781
1 0.492638 0.904688 0.320755 0.173438
0 0.242996 0.127441 0.410614 0.254883
1 0.887009 0.171777 0.225983 0.343555
1 0.116638 0.159473 0.233276 0.27832
0 0.857254 0.559375 0.285492 0.23125
0 0.783737 0.839844 0.359039 0.303125
1 0.441559 0.90625 0.32373 0.18125
1 0.242996 0.127441 0.410614 0.254883
0 0.626038 0.557031 0.317383 0.229687
1 0.264618 0.730469 0.340393 0.264062
1 0.783737 0.839844 0.359039 0.303125
0 0.0360031 0.907031 0.0720062 0.185937
1 0.414185 0.937891 0.335632 0.124219
1 0.774017 0.0892578 0.348328 0.178516
1 0.447609 0.544531 0.334641 0.285937
1 0.327698 0.741406 0.355469 0.273438
0 0.387604 0.760938 0.378479 0.310937
1 0.886017 0.852734 0.227966 0.294531
1 0.737915 0.0292969 0.279297 0.0585938
1 0.814087 0.0737793 0.357056 0.147559
0 0.830078 0.181836 0.339844 0.275781
1 0.233871 0.215039 0.243988 0.235156
1 0.895142 0.724219 0.209717 0.285937
0 0.393951 0.750781 0.428467 0.40625
0 0.88205 0.793555 0.235901 0.350391
0 0.62207 0.873047 0.23645 0.253906
1 0.88562 0.882422 0.22876 0.235156
0 0.107513 0.030957 0.215027 0.0619141
1 0.1758 0.0283203 0.274437 0.0566406
0 0.784134 0.0279785 0.288422 0.055957
0 0.0991821 0.119629 0.198364 0.239258
1 0.346542 0.130273 0.376495 0.260547
0 0.500771 0.353711 0.35527 0.218359
1 0.84198 0.5625 0.31604 0.323438
1 0.889786 0.771094 0.220428 0.271875
0 0.0640717 0.817969 0.128143 0.178125
1 0.114655 0.816406 0.229309 0.25625
1 0.855469 0.952344 0.289062 0.0953125
1 0.179123 0.142383 0.316193 0.284766
1 0.44632 0.241992 0.292786 0.164062
1 0.519714 0.575 0.261841 0.245312
0 0.230698 0.869141 0.328888 0.261719
1 0.656982 0.930859 0.338013 0.138281
0 0.0951157 0.0976562 0.190231 0.195312
0 0.138062 0.0966797 0.276123 0.193359
1 0.306076 0.324219 0.29715 0.264062
1 0.500771 0.353711 0.35527 0.218359
1 0.887604 0.487891 0.224792 0.374219
1 0.827499 0.465234 0.345001 0.344531
0 0.881454 0.605859 0.237091 0.402344
0 0.825195 0.554688 0.32373 0.21875
1 0.530823 0.733984 0.279297 0.357031
0 0.484108 0.770703 0.342575 0.314844
0 0.627228 0.7125 0.25946 0.221875
0 0.624451 0.763281 0.284058 0.225
0 0.675232 0.81875 0.353882 0.271875
1 0.392662 0.496973 0.373123 0.318555
0 0.911804 0.615234 0.176392 0.297656
1 0.626038 0.557031 0.317383 0.229687
1 0.925171 0.278906 0.092041 0.09375
0 0.122787 0.442969 0.0583191 0.05625
1 0.917236 0.275781 0.072998 0.08125
1 0.712524 0.990625 0.10791 0.01875
1 0.72522 0.977344 0.103149 0.0453125
0 0.105927 0.446094 0.0464172 0.05
0 0.633575 0.0493652 0.0412598 0.0430664
1 0.710144 1 0.103149 0
1 0.901367 1 0.103149 0
0 0.129333 0.43125 0.0567322 0.05
1 0.118027 0.444531 0.0563354 0.0554687
1 0.0883713 0.81875 0.072403 0.0765625
1 0.353882 1 0.101562 0
1 0.923584 1 0.101562 0
1 0.848999 1 0.101562 0
0 0.127945 0.10918 0.25589 0.218359
1 0.594696 1 0.0991821 0
1 0.531616 1 0.0983887 0
0 0.0415077 0.951563 0.0830154 0.096875
0 0.126755 0.450781 0.0563354 0.0523437
1 0.744263 0.977734 0.104736 0.0445312
1 0.0846024 0.822656 0.0894623 0.096875
1 0.200943 1 0.101166 0
0 0.478851 0.259375 0.349915 0.259375
0 0.320358 0.115039 0.324921 0.230078
0 0.476768 0.32168 0.347733 0.284766
1 0.733154 1 0.101562 0
0 0.111679 0.122461 0.223358 0.191016
0 0.0564346 0.0399414 0.112869 0.0798828
0 0.48996 0.3875 0.337219 0.324219
1 0.82341 1 0.0987854 0
0 0.230301 0.766406 0.307465 0.20625
1 0.441956 1 0.0999756 0
1 0.784729 1 0.0983887 0
0 0.881653 0.771875 0.236694 0.223438
0 0.184032 0.779492 0.32383 0.241016
1 0.568909 1 0.0999756 0
0 0.0383339 0.0474609 0.0766678 0.0949219
0 0.240814 0.116797 0.314209 0.233594
0 0.834839 0.127246 0.330322 0.254492
0 0.537865 0.359961 0.32869 0.269141
0 0.523285 0.527344 0.249939 0.21875
1 0.758545 1 0.0999756 0
0 0.539551 0.410254 0.303101 0.260742
0 0.11644 0.525 0.23288 0.273438
0 0.53241 0.470313 0.273743 0.242969
1 0.771637 1 0.0991821 0
0 0.185074 0.119922 0.284454 0.229687
0 0.432335 0.471094 0.382645 0.346094
0 0.478455 0.621094 0.331665 0.326562
0 0.528442 0.593359 0.280884 0.259375
0 0.23407 0.833008 0.325317 0.258984
0 0.281082 0.824805 0.321747 0.237891
0 0.887207 0.908594 0.225586 0.182812
0 0.0832138 0.936719 0.166428 0.126563
1 0.21344 1 0.0999756 0
0 0.101959 0.477344 0.203918 0.309375
0 0.23526 0.576953 0.353088 0.313281
0 0.485596 0.494141 0.315796 0.291406
0 0.0783539 0.551562 0.156708 0.209375
0 0.479248 0.674219 0.352295 0.373437
0 0.883438 0.719922 0.233124 0.221094
0 0.883438 0.810938 0.233124 0.209375
0 0.890381 0.874414 0.219238 0.251172
1 0.87439 1 0.101562 0
0 0.838608 0.144629 0.322784 0.27793
0 0.46814 0.205078 0.345947 0.238281
0 0.0952148 0.576953 0.19043 0.280469
0 0.480141 0.557422 0.310837 0.288281
0 0.572083 0.5125 0.242798 0.202344
0 0.531616 0.657031 0.309448 0.315625
0 0.902283 0.927344 0.195435 0.145313
0 0.0370941 0.126074 0.0741882 0.252148
1 0.127945 0.10918 0.25589 0.218359
0 0.890381 0.176367 0.219238 0.340234
0 0.107513 0.273633 0.215027 0.280859
1 0.478851 0.259375 0.349915 0.259375
0 0.327648 0.405566 0.400002 0.388867
0 0.136772 0.585547 0.273544 0.308594
0 0.0635757 0.0841797 0.127151 0.168359
0 0.376495 0.15957 0.345154 0.254297
1 0.46814 0.205078 0.345947 0.238281
0 0.132111 0.448535 0.264221 0.320117
0 0.37114 0.488379 0.390778 0.301367
0 0.0785522 0.619531 0.157104 0.257812
0 0.430847 0.585156 0.358643 0.357812
0 0.88443 0.753125 0.23114 0.4
1 0.320358 0.115039 0.324921 0.230078
0 0.248154 0.365625 0.360626 0.34375
0 0.416664 0.35625 0.374313 0.339063
0 0.569702 0.566797 0.23645 0.207813
0 0.798019 0.689453 0.308258 0.305469
0 0.0863876 0.278174 0.172775 0.309277
0 0.236847 0.41709 0.352295 0.318945
0 0.829483 0.441406 0.341034 0.269531
0 0.302109 0.592188 0.386017 0.346875
0 0.3638 0.592969 0.402283 0.384375
0 0.0530128 0.664844 0.106026 0.25
0 0.216019 0.666797 0.207092 0.207031
0 0.218597 0.717969 0.243591 0.198437
0 0.383636 0.875781 0.334045 0.248437
1 0.0415077 0.951563 0.0830154 0.096875
0 0.142822 0.961719 0.285645 0.0765625
0 0.276718 0.954687 0.347137 0.090625
0 0.0795937 0.187109 0.159187 0.191797
0 0.125664 0.335547 0.251328 0.289844
0 0.151848 0.495703 0.303696 0.346094
0 0.895935 0.903906 0.20813 0.192188
0 0.0930328 0.327734 0.186066 0.319531
0 0.0987854 0.378027 0.197571 0.318945
0 0.272503 0.506641 0.355568 0.244531
0 0.0995789 0.589453 0.199158 0.213281
0 0.0793953 0.626562 0.158791 0.1875
0 0.177536 0.675 0.233276 0.209375
0 0.191967 0.732422 0.30558 0.241406
0 0.550758 0.922656 0.356857 0.154687
0 0.833847 0.195117 0.332306 0.301172
0 0.890182 0.45 0.219635 0.352344
0 0.587952 0.461328 0.299927 0.235156
0 0.0571785 0.580469 0.114357 0.1625
0 0.363205 0.663281 0.42569 0.365625
0 0.583588 0.688281 0.291199 0.279687
0 0.827698 0.878125 0.344604 0.24375
1 0.685547 1 0.103149 0
0 0.0741882 0.227393 0.148376 0.287402
0 0.174957 0.589844 0.276917 0.240625
0 0.0805359 0.592188 0.161072 0.160938
0 0.77124 0.719531 0.265015 0.260938
0 0.887207 0.828516 0.225586 0.342969
0 0.292786 0.873438 0.315796 0.251563
0 0.178726 0.950781 0.357452 0.0984375
1 0.329285 1 0.100769 0
1 0.810913 1 0.0983887 0
0 0.234417 0.12334 0.404762 0.24668
0 0.149864 0.387891 0.299728 0.341406
0 0.38205 0.293555 0.313416 0.293359
0 0.889587 0.388672 0.220825 0.358594
0 0.838211 0.493066 0.323578 0.291992
0 0.631195 0.507812 0.27771 0.209375
0 0.624451 0.55625 0.250732 0.201562
0 0.886215 0.664062 0.22757 0.207813
0 0.168907 0.627344 0.225143 0.235156
0 0.576447 0.625781 0.261047 0.235938
0 0.745056 0.673437 0.271362 0.26875
0 0.507713 0.932813 0.347733 0.134375
0 0.114456 0.201123 0.228912 0.229785
0 0.239822 0.299805 0.326508 0.369141
0 0.332905 0.323828 0.353783 0.330469
0 0.234665 0.473437 0.355865 0.317187
0 0.0385323 0.70625 0.0770645 0.23125
0 0.616516 0.666797 0.23645 0.214844
0 0.698639 0.657812 0.227722 0.228125
0 0.809326 0.764063 0.266602 0.18125
0 0.065361 0.125488 0.130722 0.192773
0 0.385521 0.222266 0.323929 0.268359
0 0.261395 0.670703 0.24131 0.233594
0 0.846344 0.705078 0.307312 0.333594
0 0.757751 0.760156 0.263428 0.171875
0 0.887009 0.857813 0.225983 0.21875
1 0.376495 0.15957 0.345154 0.254297
0 0.891174 0.28125 0.217651 0.341406
1 0.476768 0.32168 0.347733 0.284766
0 0.123085 0.628906 0.227921 0.232812
0 0.347088 0.678906 0.365883 0.289062
0 0.654602 0.657812 0.220581 0.210156
0 0.723633 0.71875 0.238037 0.254687
0 0.266602 0.758203 0.270569 0.180469
0 0.788498 0.939453 0.355865 0.121094
0 0.815598 0.4 0.368805 0.2625
0 0.201935 0.537891 0.365784 0.335156
0 0.146988 0.776367 0.293976 0.247266
0 0.496704 0.907031 0.307861 0.185937
0 0.630005 0.0555176 0.0412598 0.0366211
1 0.240814 0.116797 0.314209 0.233594
0 0.239178 0.180664 0.290504 0.272266
0 0.290207 0.164648 0.311432 0.251172
0 0.846741 0.466406 0.306519 0.228125
0 0.624451 0.725391 0.265015 0.257031
0 0.68634 0.717188 0.204712 0.245312
0 0.82222 0.723437 0.269379 0.2625
1 0.184032 0.779492 0.32383 0.241016
1 0.230301 0.766406 0.307465 0.20625
1 0.887207 0.828516 0.225586 0.342969
0 0.331219 0.811719 0.321449 0.210938
1 0.111679 0.122461 0.223358 0.191016
1 0.537865 0.359961 0.32869 0.269141
0 0.218399 0.630078 0.269379 0.255469
0 0.617706 0.610156 0.228516 0.203125
1 0.881653 0.771875 0.236694 0.223438
0 0.37838 0.951953 0.352493 0.0960938
0 0.736328 0.928906 0.377686 0.142188
0 0.0532608 0.167187 0.106522 0.269531
0 0.744263 0.168848 0.32373 0.295508
0 0.801193 0.172461 0.333649 0.299609
0 0.695068 0.217187 0.336426 0.298828
0 0.288471 0.641016 0.361717 0.297656
0 0.0853958 0.670313 0.170792 0.192188
1 0.885223 0.788281 0.229553 0.364062
1 0.883438 0.810938 0.233124 0.209375
0 0.710541 0.758594 0.243591 0.1625
0 0.82135 0.820508 0.3573 0.258984
1 0.890778 0.891797 0.218445 0.216406
1 1 0 0 0
1 0.281082 0.824805 0.321747 0.237891
0 0.444336 0.90625 0.315796 0.1875
0 0.466553 0.942969 0.340393 0.114063
0 0.610962 0.919531 0.374512 0.160938
1 0.176147 1 0.102356 0
0 0.839401 0.133203 0.321198 0.266406
0 0.321747 0.247461 0.316589 0.311328
0 0.836426 0.220117 0.327148 0.307422
0 0.681183 0.507031 0.297546 0.210938
0 0.832657 0.585547 0.334686 0.391406
0 0.68158 0.552344 0.279297 0.204688
1 0.883438 0.719922 0.233124 0.221094
0 0.467445 0.716016 0.302902 0.261719
0 0.418945 0.765625 0.235657 0.201562
1 0.890381 0.874414 0.219238 0.251172
0 0.549866 0.907031 0.299927 0.185937
0 0.829681 0.946094 0.340637 0.107813
0 0.194397 0.206689 0.293182 0.299902
0 0.45237 0.163574 0.344162 0.256445
0 0.687531 0.276758 0.356262 0.305859
1 0.48996 0.3875 0.337219 0.324219
0 0.526459 0.714844 0.330872 0.26875
0 0.884827 0.946875 0.230347 0.10625
0 0.888 0.0783691 0.223999 0.156738
0 0.824722 0.290625 0.350555 0.285937
0 0.711731 0.459766 0.32373 0.224219
0 0.888992 0.622656 0.222015 0.234375
1 0.0571785 0.580469 0.114357 0.1625
1 0.0805359 0.592188 0.161072 0.160938
0 0.670471 0.604688 0.245972 0.204688
0 0.815674 0.60625 0.272949 0.2
0 0.860107 0.6125 0.253906 0.195312
0 0.0338955 0.753125 0.067791 0.225
1 0.887009 0.857813 0.225983 0.21875
0 0.150261 0.826758 0.300522 0.265234
1 0.23407 0.833008 0.325317 0.258984
0 0.741089 0.125781 0.309448 0.251563
0 0.812027 0.349609 0.375946 0.290625
0 0.620483 0.407422 0.349121 0.264062
1 0.136772 0.585547 0.273544 0.308594
1 0.0783539 0.551562 0.156708 0.209375
0 0.0549469 0.622656 0.109894 0.171875
0 0.471313 0.763281 0.268188 0.234375
0 0.637939 0.760547 0.212646 0.192969
1 0.46814 1 0.0999756 0
1 0.11644 0.525 0.23288 0.273438
1 0.0793953 0.626562 0.158791 0.1875
0 0.386314 0.717969 0.263626 0.251563
0 0.0886688 0.792969 0.177338 0.232812
0 0.849915 0.903906 0.300171 0.192188
1 0.902283 0.927344 0.195435 0.145313
1 0.0564346 0.0399414 0.112869 0.0798828
1 0.0995789 0.589453 0.199158 0.213281
0 0.875504 0.563281 0.248993 0.23125
0 0.723633 0.604297 0.265015 0.210156
1 0.887207 0.908594 0.225586 0.182812
0 0.675629 0.920313 0.392761 0.159375
0 0.914185 0.0306641 0.171631 0.0613281
1 0.185074 0.119922 0.284454 0.229687
0 0.790085 0.279346 0.368561 0.317871
1 0.539551 0.410254 0.303101 0.260742
0 0.842773 0.416016 0.314453 0.252344
0 0.828369 0.519141 0.320557 0.254687
0 0.863007 0.520703 0.273987 0.260156
1 0.168907 0.627344 0.225143 0.235156
0 0.13945 0.678906 0.2789 0.215625
0 0.309448 0.716016 0.242798 0.236719
0 0.817978 0.791406 0.364044 0.351562
0 0.595886 0.767187 0.261841 0.239063
1 0.757751 0.760156 0.263428 0.171875
1 0.809326 0.764063 0.266602 0.18125
0 0.841187 0.683594 0.317627 0.342187
0 0.542725 0.767969 0.29834 0.251563
0 0.0879745 0.840625 0.175949 0.2375
0 0.47776 0.871875 0.331467 0.251563
0 0.394745 0.127344 0.360229 0.254687
0 0.689911 0.131641 0.326111 0.263281
1 0.151848 0.495703 0.303696 0.346094
1 0.886215 0.664062 0.22757 0.207813
1 0.0549469 0.622656 0.109894 0.171875
1 0.216019 0.666797 0.207092 0.207031
0 0.0838089 0.751562 0.167618 0.19375
0 0.380066 0.803125 0.305481 0.190625
1 0.383636 0.875781 0.334045 0.248437
0 0.24736 0.899219 0.305878 0.201562
0 0.395836 0.903906 0.325516 0.192188
0 0.855072 0.953906 0.289856 0.0921875
1 0.234417 0.12334 0.404762 0.24668
1 0.834839 0.127246 0.330322 0.254492
1 0.888199 0.154297 0.223602 0.308594
0 0.680786 0.335156 0.38562 0.310937
0 0.703003 0.416406 0.347534 0.259375
0 0.358643 0.763281 0.247559 0.179688
0 0.0987854 0.892969 0.197571 0.214062
1 0.0832138 0.936719 0.166428 0.126563
1 0.0635757 0.0841797 0.127151 0.168359
0 0.644684 0.172852 0.348328 0.306641
1 0.924377 0.280469 0.0968018 0.0960938
0 0.122589 0.445703 0.0670471 0.0679687
1 0.914062 0.274805 0.0698242 0.0765625
0 0.634766 0.0493164 0.0476074 0.046875
0 0.118423 0.435156 0.0630798 0.05625
1 0.934692 0.290234 0.0698242 0.071875
0 0.128143 0.452344 0.0650635 0.0625
1 0.633179 0.0552246 0.0476074 0.0418945
0 0.631195 0.0584961 0.0436401 0.0361328
0 0.105827 0.44375 0.0507812 0.059375
1 0.963379 0.349023 0.0732422 0.0785156
1 0.712921 0.979688 0.0864868 0.040625
0 0.934692 0.290234 0.0698242 0.071875
1 0.931519 0.305469 0.0571289 0.0492188
1 0.627625 0.0625 0.0396729 0.0355469
1 1 0 0 0
1 0.921997 0.280273 0.0983887 0.0941406
0 0.125069 0.444531 0.0624847 0.0625
0 0.196777 0.421875 0.0357056 0.0390625
0 0.203125 0.428125 0.0380859 0.0453125
0 0.118225 0.436328 0.0567322 0.0554687
0 0.137764 0.439844 0.0648651 0.0632813
0 0.922791 0.275195 0.0952148 0.0921875
0 0.18428 0.421094 0.0337219 0.04375
0 0.208679 0.435156 0.0396729 0.046875
1 0.12606 0.44375 0.0616913 0.0609375
0 0.203522 0.419141 0.0476074 0.0429688
0 0.0999756 0.446094 0.0420532 0.053125
1 0.921997 0.280078 0.0983887 0.096875
0 0.122292 0.446875 0.0676422 0.0664062
0 0.633179 0.0496094 0.0428467 0.0412109
0 0.635559 0.0399414 0.0460205 0.05
0 0.117828 0.435937 0.0630798 0.0640625
0 0.635559 0.0179687 0.0428467 0.0359375
0 0.107018 0.446875 0.0601044 0.0625
0 0.113861 0.453906 0.0595093 0.05625
0 0.629211 0.0576172 0.036499 0.0365234
0 0.92041 0.280859 0.0968018 0.0957031
1 0.633972 0.0510742 0.0428467 0.0397461
0 0.122589 0.446094 0.0634766 0.0640625
1 0.921997 0.280078 0.0952148 0.09375
0 0.122192 0.437109 0.0595093 0.0554687
0 0.929932 0.305469 0.0539551 0.0445312
0 0.133499 0.430859 0.0523682 0.0523437
1 0.0694275 0.828906 0.138855 0.126563
0 0.634766 0.0503906 0.0428467 0.0419922
0 1 0.305469 0 0.0570313
0 1 0.280469 0 0.0570313
0 1 0.293359 0 0.05625
0 1 0.317969 0 0.0570313
0 1 0.267969 0 0.0578125
0 1 0.330859 0 0.0570313
0 1 0.25625 0 0.0570313
0 1 0.34375 0 0.05625
1 0.919617 0.281641 0.0983887 0.0945313
0 0.124573 0.44375 0.0606995 0.0601562
0 0.136475 0.442969 0.0769653 0.0671875
1 0.121399 0.443359 0.0618896 0.0609375
0 0.119415 0.434375 0.0654602 0.0585938
1 0.921997 0.282031 0.0952148 0.0953125
0 0.121399 0.44375 0.0569305 0.05625
0 0.131119 0.444531 0.0618896 0.0609375
0 0.507019 0.144531 0.0428467 0.0400391
0 0.118225 0.435937 0.0567322 0.0484375
1 0.120209 0.442187 0.0569305 0.0546875
1 0.921997 0.283203 0.092041 0.0945313
0 0.123779 0.446875 0.0614929 0.0609375
0 0.635559 0.0492188 0.0396729 0.0388672
0 0.123184 0.438672 0.0545502 0.053125
0 0.636353 0.0401855 0.0412598 0.0336914
0 0.636749 0.0378052 0.0428467 0.0491943
1 0.635559 0.049707 0.0396729 0.0375
0 0.124176 0.444531 0.0610962 0.0609375
1 0.921997 0.279883 0.0952148 0.0960938
0 0.11763 0.434375 0.0591125 0.053125
0 0.185074 0.415625 0.0472107 0.040625
1 0.123482 0.444531 0.0618896 0.0601562
0 0.124374 0.446094 0.0646667 0.0625
1 0.92041 0.282227 0.092041 0.0910156
0 0.637146 0.0252808 0.0396729 0.0302979
0 0.635559 0.0166992 0.0388794 0.0333984
0 0.635559 0.0319214 0.0412598 0.04729
0 0.636353 0.0212891 0.0396729 0.0425781
0 0.63913 0.0149902 0.0333252 0.0299805
0 0.634766 0.0484863 0.0412598 0.0423828
0 0.32135 0.890625 0.036499 0.040625
0 0.928345 0.28457 0.0888672 0.0871094
0 0.639923 0.0369629 0.0309448 0.0609375
1 0.921204 0.281641 0.0936279 0.0914062
0 0.124771 0.444531 0.0610962 0.059375
0 0.124077 0.435547 0.0565338 0.0492188
1 0.921997 0.28125 0.0936279 0.0929687
0 0.122787 0.44375 0.0646667 0.0640625
0 0.633972 0.0500977 0.0444336 0.0427734
0 0.11882 0.435547 0.0654602 0.0609375
0 0.136078 0.429297 0.068634 0.065625
1 0.923584 0.280469 0.0952148 0.0960938
0 0.122589 0.444922 0.0612946 0.059375
0 0.12487 0.435937 0.0569305 0.0515625
0 0.134392 0.431641 0.0529633 0.0492188
1 0.919617 0.282422 0.0968018 0.0929687
0 0.123283 0.444531 0.0622864 0.0617188
1 0.0125217 1 0.0250435 0
0 0.128143 0.432813 0.0563354 0.05
1 0.92041 0.281445 0.0936279 0.0917969
0 0.121597 0.444531 0.0632782 0.0625
0 0.635162 0.0510742 0.0460205 0.0450195
1 0.121994 0.445312 0.0626831 0.0625
1 1 0.966406 0 0.0671875
1 0.92041 0.280078 0.092041 0.0890625
0 0.122391 0.445312 0.0618896 0.0609375
0 0.122787 0.435937 0.059906 0.053125
0 0.283859 0.136523 0.0357056 0.0380859
1 0.921997 0.281055 0.0968018 0.0929687
0 0.124771 0.44375 0.0618896 0.0609375
0 0.514557 0.835156 0.0388794 0.040625
1 0.918823 0.281445 0.0968018 0.0957031
0 0.123085 0.444922 0.0630798 0.0632813
0 0.122192 0.445312 0.0634766 0.0617188
1 0.919617 0.281055 0.0983887 0.09375
1 0.922791 0.283594 0.0936279 0.0921875
0 0.123085 0.444141 0.0630798 0.0632813
0 0.203125 0.441406 0.0476074 0.0515625
1 0.922791 0.281445 0.0983887 0.0964844
0 0.124474 0.444531 0.0652618 0.0632813
0 0.123184 0.445312 0.0654602 0.0640625
1 0.921204 0.280078 0.0968018 0.09375
1 0.92041 0.279687 0.0936279 0.09375
0 0.123779 0.445312 0.0630798 0.0617188
1 0.0212498 0.864062 0.0424995 0.06875
1 0.140442 0.163281 0.055542 0.0511719
1 0.921997 0.280078 0.0936279 0.0914062
0 0.124374 0.442969 0.0638733 0.0640625
1 0.921997 0.280859 0.092041 0.0914062
0 0.123581 0.442578 0.059906 0.0585938
0 0.267395 0.6875 0.0380859 0.0359375
1 0.92041 0.280859 0.092041 0.0921875
0 0.122589 0.444141 0.0614929 0.0609375
1 0.921997 0.28125 0.0936279 0.0929687
0 0.124176 0.442969 0.0603027 0.059375
1 0.92041 0.280664 0.0936279 0.0902344
0 0.122986 0.442187 0.0608978 0.0609375
1 0.921997 0.281641 0.0952148 0.0957031
0 0.121895 0.445312 0.059906 0.059375
1 0.921997 0.279883 0.0952148 0.0910156
0 0.123878 0.44375 0.0610962 0.059375
1 0.923584 0.280078 0.0952148 0.0914062
0 0.124374 0.442578 0.0603027 0.059375
1 0.921204 0.28125 0.0968018 0.0929687
0 0.12368 0.44375 0.0612946 0.0601562
1 0.921997 0.280078 0.0936279 0.0921875
0 0.123978 0.44375 0.0654602 0.0625
0 0.123383 0.44375 0.0650635 0.0640625
1 0.921997 0.280469 0.0952148 0.0929687
1 0.923584 0.280469 0.0952148 0.0921875
0 0.123779 0.443359 0.06427 0.0640625
1 0.92041 0.280859 0.0936279 0.0910156
0 0.123978 0.442969 0.0626831 0.0625
0 0.123283 0.442187 0.0634766 0.0609375
1 0.921204 0.282227 0.0936279 0.0917969
0 0.557007 0.415625 0.055542 0.0539063
1 0 0.725781 0 0.110937
1 0.921997 0.281445 0.0952148 0.0910156
0 0.12249 0.442578 0.0612946 0.0601562
1 0.92041 0.280469 0.0952148 0.0949219
0 0.122787 0.444531 0.0626831 0.0625
0 0.124771 0.444141 0.0610962 0.0609375
1 0.921997 0.28125 0.0952148 0.0929687
1 0.923584 0.281055 0.092041 0.0917969
0 0.123779 0.443359 0.0606995 0.0625
1 0.923584 0.280273 0.0952148 0.0917969
0 0.123482 0.443359 0.0616913 0.0609375
0 0.638336 0.0423828 0.0476074 0.0431641
1 0.921997 0.280859 0.092041 0.0914062
0 0.125168 0.442969 0.0650635 0.0625
0 0.637146 0.0453125 0.0460205 0.0458984
1 0.921997 0.280469 0.0952148 0.0921875
0 0.124077 0.442187 0.0610962 0.059375
1 0.921997 0.280469 0.0952148 0.0945313
0 0.124969 0.444141 0.0610962 0.0609375
0 0.118126 0.441016 0.0464172 0.0523437
1 0.921997 0.280469 0.0952148 0.0917969
0 0.123779 0.442578 0.0626831 0.0609375
0 0.632385 0.0525879 0.0444336 0.0432617
0 0.508606 0.146094 0.0436401 0.04375
1 0.922791 0.281641 0.0952148 0.0929687
0 0.124176 0.443359 0.0606995 0.0601562
1 0.921997 0.28125 0.0952148 0.0929687
0 0.122887 0.444531 0.0610962 0.059375
0 0.636353 0.0515137 0.0460205 0.043457
1 0.921997 0.282617 0.0952148 0.0933594
0 0.123184 0.44375 0.0610962 0.059375
1 0.923584 0.281055 0.0952148 0.0949219
0 0.123978 0.44375 0.0614929 0.0609375
0 0.637939 0.0478027 0.0476074 0.0485352
1 0.921997 0.278906 0.0952148 0.0929687
0 0.12368 0.444531 0.0605011 0.0609375
1 0.921204 0.279102 0.0952148 0.0925781
0 0.122688 0.441797 0.0616913 0.0609375
1 0.921204 0.279883 0.092041 0.0914062
0 0.123978 0.442578 0.059906 0.0609375
0 0.117828 0.444531 0.0495911 0.0484375
1 0.123779 0.442187 0.0591125 0.059375
1 0.92041 0.280273 0.092041 0.0902344
0 0.123581 0.44375 0.0603027 0.059375
0 0.115547 0.442969 0.0482025 0.05
1 0.123978 0.44375 0.0603027 0.0578125
0 0.123184 0.44375 0.0606995 0.0601562
1 0.921997 0.282813 0.0952148 0.0929687
0 0.122787 0.444922 0.0606995 0.059375
1 0.921997 0.281641 0.0936279 0.0917969
0 0.635559 0.0521484 0.0428467 0.0472656
1 0.921997 0.279492 0.0952148 0.090625
0 0.122986 0.442187 0.0606995 0.0585938
0 0.634766 0.0555664 0.0428467 0.0431641
1 0.635559 0.0458984 0.0460205 0.0470703
1 0.921997 0.280664 0.0936279 0.090625
0 0.123878 0.441406 0.0628815 0.0609375
1 0.921204 0.280859 0.0936279 0.0929687
0 0.122787 0.443359 0.0622864 0.0617188
1 0.921204 0.280078 0.0936279 0.09375
0 0.123283 0.442578 0.0616913 0.0609375
1 0.921204 0.280469 0.0936279 0.090625
0 0.123779 0.442969 0.059906 0.0609375
1 0.922791 0.281836 0.0952148 0.0941406
0 0.123383 0.442969 0.0630798 0.0609375
1 0.92041 0.282813 0.0952148 0.0929687
0 0.123383 0.442969 0.0614929 0.0609375
1 0.92041 0.281445 0.0952148 0.09375
0 0.122986 0.445703 0.0634766 0.0625
1 0.92041 0.280859 0.0952148 0.0921875
0 0.123581 0.443359 0.0634766 0.0617188
1 0.921997 0.282422 0.0952148 0.0945313
0 0.124374 0.442187 0.0622864 0.0625
1 0.919617 0.280859 0.0952148 0.09375
0 0.123581 0.444531 0.059906 0.0609375
0 0.820435 0.356641 0.0444336 0.0398437
1 0.921204 0.282031 0.0968018 0.0929687
0 0.124374 0.442187 0.0634766 0.0625
1 0.92041 0.28125 0.0983887 0.09375
0 0.123482 0.443359 0.0608978 0.0609375
1 0.923584 0.283203 0.0952148 0.0921875
0 0.124771 0.440625 0.0603027 0.059375
1 0.921997 0.282617 0.0952148 0.0941406
0 0.123978 0.442187 0.0632782 0.0625
0 0.119019 0.452344 0.0472107 0.046875
0 0.122887 0.444531 0.0624847 0.0625
1 0.921204 0.283594 0.0952148 0.0925781
1 0.92041 0.28125 0.0968018 0.0945313
0 0.122787 0.444141 0.0610962 0.0601562
1 0.921997 0.280859 0.0952148 0.0933594
0 0.123779 0.44375 0.0622864 0.0609375
1 0.921997 0.283203 0.0952148 0.0929687
0 0.124573 0.44375 0.0630798 0.0625
1 0.124374 0.44375 0.0626831 0.0609375
1 0.921997 0.280664 0.092041 0.0914062
0 0.124176 0.44375 0.0618896 0.0609375
0 0.118027 0.449609 0.0480042 0.0539063
1 0.92041 0.279297 0.0952148 0.0914062
0 0.124275 0.441797 0.0628815 0.0625
1 0.921997 0.28125 0.0952148 0.0929687
0 0.123383 0.442187 0.0614929 0.0609375
1 0.921204 0.280078 0.0952148 0.09375
0 0.123184 0.442969 0.0595093 0.059375
0 0.635559 0.0470703 0.0460205 0.0451172
1 0.92041 0.280078 0.0983887 0.0953125
0 0.123383 0.44375 0.0601044 0.0585938
1 0.124176 0.44375 0.0614929 0.0609375
1 0.921997 0.284375 0.0952148 0.0921875
0 0.122986 0.445312 0.0618896 0.0609375
1 0.921204 0.285352 0.0936279 0.0933594
0 0.122787 0.444531 0.0605011 0.0609375
0 0.116837 0.465625 0.046814 0.0359375
1 0.921997 0.278906 0.0983887 0.0945313
0 0.121399 0.446094 0.0605011 0.0601562
1 0.92041 0.280664 0.0952148 0.0933594
0 0.123482 0.445312 0.0616913 0.0609375
1 0.921997 0.283008 0.0952148 0.0921875
0 0.123383 0.445703 0.0610962 0.0609375
0 0.123878 0.44375 0.0612946 0.0601562
1 0.921997 0.283203 0.0952148 0.09375
1 0.921997 0.283984 0.0952148 0.0921875
0 0.123779 0.441797 0.0610962 0.0609375
0 0.127945 0.451562 0.046814 0.0476562
1 0.918823 0.283203 0.0999756 0.09375
0 0.123581 0.442578 0.0618896 0.0609375
0 0.124374 0.444531 0.0618896 0.0609375
1 0.921997 0.287305 0.0952148 0.0933594
1 0.92041 0.283398 0.092041 0.0917969
0 0.124573 0.443359 0.0622864 0.0609375
1 0.92041 0.284766 0.0952148 0.0941406
0 0.122787 0.442969 0.0618896 0.0625
1 0.919617 0.282227 0.0952148 0.0925781
0 0.122986 0.444531 0.0614929 0.0609375
1 0.92041 0.282031 0.0952148 0.0945313
0 0.122986 0.444531 0.0618896 0.0609375
1 0.923584 0.282031 0.0952148 0.0929687
0 0.123383 0.44375 0.0614929 0.059375
0 0.635559 0.0206543 0.0491943 0.0413086
1 0.921997 0.28418 0.0952148 0.0933594
0 0.123184 0.444531 0.0606995 0.0609375
1 0.157005 0.100195 0.0700226 0.0634766
0 0.640717 0.020459 0.046814 0.040918
1 0.921997 0.281445 0.0952148 0.0933594
0 0.122589 0.446484 0.0606995 0.0609375
1 0.154724 0.0993164 0.0666504 0.0607422
1 0.158096 0.0819336 0.0805359 0.0828125
0 0.122589 0.446875 0.0618896 0.0609375
1 0.921204 0.283594 0.0968018 0.0929687
0 0.122192 0.44375 0.0618896 0.0609375
1 0.923584 0.282813 0.0952148 0.0925781
1 0.164543 0.0838867 0.0946198 0.0947266
0 0.116341 0.453125 0.0466156 0.0484375
1 0.92041 0.28125 0.0952148 0.0914062
0 0.124474 0.44375 0.0597076 0.0609375
1 0.921204 0.283203 0.0952148 0.09375
0 0.124275 0.444531 0.0612946 0.0609375
1 0.921997 0.28125 0.0952148 0.0921875
0 0.124771 0.441406 0.0618896 0.0609375
1 0.922791 0.28418 0.0952148 0.090625
0 0.124771 0.442578 0.0606995 0.0601562
1 0.921204 0.285547 0.0952148 0.0921875
0 0.122787 0.444922 0.0618896 0.0617188
1 0.92041 0.283984 0.0952148 0.0921875
0 0.122787 0.44375 0.0608978 0.0601562
1 0.92041 0.280859 0.0952148 0.0945313
0 0.122391 0.44375 0.0618896 0.0609375
1 0.922791 0.278906 0.0936279 0.0929687
0 0.122986 0.44375 0.0614929 0.0609375
1 0.92041 0.282227 0.0952148 0.0941406
0 0.122589 0.444141 0.0626831 0.0617188
0 0.121994 0.44375 0.0618896 0.0609375
1 0.923584 0.283203 0.0952148 0.0921875
1 0.921997 0.280469 0.0952148 0.0921875
0 0.123184 0.442187 0.0618896 0.0609375
1 0.92041 0.279102 0.0936279 0.0925781
0 0.122391 0.442969 0.0610962 0.0601562
0 0.115646 0.439844 0.0484009 0.05
1 0.921997 0.282227 0.0952148 0.0921875
0 0.121597 0.442969 0.0630798 0.0609375
1 0.924377 0.282227 0.0936279 0.0925781
0 0.122391 0.44375 0.0622864 0.0625
1 0.921204 0.280469 0.0936279 0.0929687
0 0.124176 0.442187 0.0626831 0.0609375
1 0.923584 0.279883 0.0952148 0.0945313
0 0.123085 0.44375 0.0634766 0.0617188
1 0.924377 0.282813 0.092041 0.0925781
0 0.122192 0.444922 0.0634766 0.0625
1 0.925964 0.284375 0.0936279 0.0953125
0 0.122589 0.444531 0.0638733 0.0625
1 0.925171 0.284766 0.0936279 0.0929687
0 0.123383 0.444531 0.0626831 0.0625
1 0.923584 0.283594 0.0952148 0.0902344
0 0.124176 0.44375 0.0622864 0.0609375
1 0.922791 0.280859 0.0952148 0.0933594
0 0.124969 0.44375 0.0618896 0.0625
1 0.664124 1 0.0952148 0
1 0.639526 1 0.0936279 0
1 0.463379 1 0.092041 0
1 0.614136 1 0.0928345 0
1 0.779572 1 0.0928345 0
1 0.679199 1 0.0952148 0
1 0.765686 1 0.0936279 0
1 0.487183 1 0.0936279 0
1 0.510986 1 0.092041 0
1 0.817261 1 0.0968018 0
1 0.752197 1 0.0952148 0
1 0.590729 1 0.0896606 0
1 0.033226 1 0.066452 0
1 0.437988 1 0.092041 0
1 0.626831 1 0.0983887 0
1 0.92041 0.282617 0.0952148 0.0917969
0 0.122688 0.443359 0.062088 0.0617188
1 0.92041 0.283789 0.0952148 0.0898438
0 0.124573 0.44375 0.0618896 0.0617188
1 0.923584 0.282031 0.0952148 0.09375
0 0.123978 0.442969 0.0614929 0.0625
1 0.921997 0.280859 0.0952148 0.09375
0 0.123383 0.443359 0.0626831 0.0617188
1 0.165237 0.0892822 0.0702209 0.069873
1 0.923584 0.282031 0.0952148 0.0921875
0 0.123581 0.444531 0.0618896 0.0609375
1 0.162361 0.0720215 0.0763702 0.0692383
1 0.164444 0.0876953 0.0714111 0.0732422
1 0.921997 0.282227 0.0952148 0.0925781
0 0.122192 0.444141 0.0618896 0.0609375
1 0.919617 0.28125 0.0936279 0.0914062
0 0.123383 0.443359 0.0622864 0.0617188
0 0.122589 0.444531 0.0634766 0.0625
1 0.923584 0.282031 0.0952148 0.0914062
1 0.925171 0.284961 0.0952148 0.0933594
0 0.123383 0.44375 0.0626831 0.0625
1 0.921997 0.280859 0.0952148 0.0925781
0 0.12249 0.444531 0.0624847 0.0609375
1 0.925171 0.280078 0.0936279 0.0921875
0 0.122192 0.444531 0.0630798 0.0617188
1 0.927551 0.280664 0.0936279 0.0925781
0 0.123383 0.443359 0.0622864 0.0617188
1 0.166824 0.0378906 0.0995789 0.0757812
1 0.925171 0.279687 0.0952148 0.0929687
0 0.122986 0.44375 0.0618896 0.0625
1 0.924377 0.282422 0.0952148 0.0921875
0 0.12249 0.444141 0.0622864 0.0609375
0 0.637146 0.0539063 0.0460205 0.0433594
1 0.925171 0.283789 0.0952148 0.0917969
0 0.121597 0.446094 0.0626831 0.0609375
1 0.923584 0.282617 0.092041 0.0921875
0 0.12249 0.445312 0.0628815 0.0625
0 0.122986 0.444141 0.0616913 0.0601562
1 0.925171 0.282227 0.0952148 0.0925781
1 0.923584 0.285156 0.0952148 0.0929687
0 0.122589 0.44375 0.0622864 0.0609375
1 0.165039 0.0767334 0.0848999 0.0789551
1 0.924377 0.284961 0.0936279 0.0921875
0 0.122589 0.44375 0.0626831 0.0617188
1 0.16127 0.075 0.0821228 0.0742188
1 0.923584 0.285742 0.0936279 0.0925781
0 0.123581 0.44375 0.0622864 0.0609375
1 0.167618 0.0790039 0.0856934 0.0800781
1 0.925171 0.283984 0.0936279 0.0921875
0 0.124573 0.442969 0.0614929 0.0609375
1 0.166527 0.0787109 0.0835114 0.0792969
1 0.925171 0.283594 0.0952148 0.0921875
0 0.122589 0.44375 0.0622864 0.0625
1 0.924377 0.282227 0.0936279 0.0917969
0 0.123978 0.444531 0.0618896 0.0609375
1 0.923584 0.283008 0.0952148 0.0925781
0 0.123184 0.44375 0.0630798 0.0625
1 0.923584 0.284766 0.0952148 0.0929687
0 0.121895 0.444531 0.0628815 0.0609375
1 0.925171 0.28457 0.092041 0.0917969
0 0.122391 0.444141 0.0634766 0.0617188
1 0.925171 0.284961 0.0936279 0.0921875
0 0.123581 0.442969 0.0622864 0.0625
1 0.925171 0.283594 0.0936279 0.0921875
0 0.123779 0.443359 0.0618896 0.0609375
1 0.926758 0.284766 0.0952148 0.0929687
0 0.124176 0.442969 0.0626831 0.0625
0 0.434021 1 0.0793457 0
0 0.418549 1 0.0777588 0
1 0.926758 0.282813 0.0936279 0.0917969
0 0.122986 0.442578 0.0618896 0.0617188
1 0.925964 0.28125 0.0936279 0.0921875
0 0.124374 0.442187 0.0614929 0.0617188
1 0.925171 0.282031 0.0952148 0.0929687
0 0.124573 0.442187 0.0628815 0.0625
1 0.924377 0.282031 0.0936279 0.0917969
0 0.123581 0.443359 0.0626831 0.0617188
0 0.122787 0.442969 0.0622864 0.0625
1 0.925171 0.280859 0.0952148 0.09375
0 0.124077 0.441406 0.062088 0.0609375
1 0.924377 0.282031 0.0952148 0.0929687
1 0.925171 0.282227 0.0952148 0.0929687
0 0.123978 0.442969 0.0622864 0.0625
1 0.925171 0.280469 0.092041 0.0929687
0 0.124275 0.44375 0.062088 0.0617188
1 0.925171 0.282422 0.0952148 0.0921875
0 0.122986 0.444531 0.0632782 0.0609375
1 0.925171 0.283203 0.0936279 0.0914062
0 0.123383 0.444531 0.0622864 0.0609375
1 0.925171 0.28457 0.092041 0.0917969
0 0.122589 0.444531 0.0626831 0.0609375
1 0.925964 0.285547 0.0936279 0.0929687
0 0.122787 0.444531 0.0622864 0.0609375
1 0.925171 0.285156 0.0952148 0.0929687
0 0.123283 0.444531 0.0628815 0.0609375
1 0.923584 0.283008 0.092041 0.0921875
0 0.123184 0.444141 0.0630798 0.0625
1 0.924377 0.282813 0.0936279 0.0914062
0 0.123184 0.444531 0.0622864 0.0617188
1 0.925171 0.283203 0.0936279 0.0921875
0 0.122986 0.444531 0.0630798 0.0625
1 0.925171 0.284766 0.0936279 0.0914062
0 0.123184 0.444141 0.0622864 0.0609375
1 0.926758 0.28457 0.092041 0.0925781
0 0.122688 0.44375 0.0628815 0.0617188
1 0.927551 0.283594 0.0936279 0.0921875
0 0.122589 0.44375 0.0622864 0.0609375
1 0.926758 0.283984 0.0952148 0.0921875
0 0.123482 0.44375 0.062088 0.0609375
1 0.926758 0.283594 0.0936279 0.0921875
0 0.122986 0.444531 0.0626831 0.0609375
1 0.926758 0.284375 0.0952148 0.0929687
0 0.122688 0.445312 0.0624847 0.0609375
1 0.925964 0.283789 0.0936279 0.0917969
0 0.122391 0.445312 0.0626831 0.0617188
1 0.925171 0.283984 0.0936279 0.0929687
0 0.122986 0.445312 0.0626831 0.0617188
1 0.923584 0.282422 0.0952148 0.0914062
0 0.122787 0.444531 0.0622864 0.0609375
1 0.924377 0.282813 0.0936279 0.0914062
0 0.12249 0.44375 0.0626831 0.0609375
1 0.925171 0.282813 0.0936279 0.0921875
0 0.122589 0.44375 0.0628815 0.0625
1 0.923584 0.282422 0.0952148 0.0921875
0 0.122986 0.443359 0.0626831 0.0617188
1 0.925171 0.28418 0.0936279 0.0921875
0 0.122787 0.444531 0.0622864 0.0609375
1 0.925171 0.283594 0.0936279 0.0921875
0 0.12249 0.444531 0.0624847 0.0609375
0 0.122787 0.444531 0.0626831 0.0609375
1 0.924377 0.282031 0.0936279 0.0921875
1 0.925171 0.283594 0.092041 0.0914062
0 0.122986 0.44375 0.0626831 0.0617188
1 0.925171 0.283984 0.0936279 0.0921875
0 0.122688 0.444531 0.0624847 0.0609375
1 0.925171 0.282813 0.0952148 0.0921875
0 0.122787 0.444531 0.0622864 0.0609375
1 0.924377 0.282617 0.0936279 0.0921875
0 0.122787 0.444141 0.0622864 0.0609375
1 0.924377 0.283203 0.0936279 0.0921875
0 0.122986 0.444922 0.0622864 0.0609375
1 0.925171 0.283203 0.0952148 0.0921875
0 0.123383 0.444531 0.0618896 0.0609375
1 0.924377 0.28457 0.0936279 0.0925781
0 0.123085 0.444141 0.062088 0.0609375
1 0.923584 0.283594 0.092041 0.0921875
0 0.122986 0.444531 0.0618896 0.0609375
0 0.123581 0.444531 0.0614929 0.0609375
1 0.922791 0.282617 0.0936279 0.0921875
1 0.923584 0.282422 0.092041 0.0921875
0 0.122986 0.445312 0.062088 0.0609375
1 0.923584 0.282227 0.0936279 0.0925781
0 0.123184 0.444531 0.0618896 0.0609375
0 0.123085 0.444531 0.062088 0.0609375
1 0.923584 0.282227 0.092041 0.0925781
0 0.122986 0.444531 0.0618896 0.0609375
1 0.923584 0.282813 0.092041 0.0921875
1 0.923584 0.282813 0.0936279 0.0921875
0 0.123184 0.444531 0.0622864 0.0609375
1 0.923584 0.283008 0.0936279 0.0921875
0 0.122986 0.444922 0.0622864 0.0609375
1 0.923584 0.282813 0.0936279 0.0921875
0 0.122787 0.444922 0.0622864 0.0609375
1 0.923584 0.283008 0.0936279 0.0921875
0 0.122688 0.444922 0.0622864 0.0609375
1 0.921204 0.280664 0.0952148 0.0910156
0 0.124573 0.442578 0.0654602 0.0617188
0 0.638336 0.0376465 0.0515747 0.0586914
0 0.630798 0.0421875 0.0476074 0.0553711
0 0.264221 0.688672 0.0436401 0.040625
0 0.633179 0.0545898 0.0507812 0.0453125
