0 0.403076 0.7 0.806152 0.6
1 0.403076 0.649902 0.806152 0.700195
1 0.340393 0.648438 0.102356 0.0984375
0 0.377686 0.65 0.755371 0.7
0 0.377686 0.387109 0.755371 0.774219
1 0.378281 0.772461 0.756561 0.455078
1 0.438782 0.675195 0.877563 0.649609
0 0.347137 0.706641 0.694275 0.586719
1 0.350906 0.346484 0.701813 0.692969
0 0.377487 0.390234 0.754974 0.342969
1 0.346939 0.683203 0.693878 0.633594
1 0.349716 0.373047 0.699432 0.384375
0 0.343964 0.441406 0.687927 0.638281
0 0.376495 0.777344 0.752991 0.367188
1 0.343567 0.780469 0.687134 0.354688
1 0.343964 0.441406 0.687927 0.638281
0 0.315796 0.485547 0.631592 0.565625
0 0.335434 0.722656 0.66214 0.554688
1 0.341782 0.871875 0.683563 0.25625
1 0.334045 0.728125 0.623657 0.496875
1 0.260651 0.344141 0.521301 0.389062
1 0.377686 0.739258 0.755371 0.521484
1 0.400696 0.439453 0.801392 0.707031
1 0.318771 0.630859 0.128937 0.132031
1 0.38324 0.411328 0.766479 0.392969
0 0.302704 0.367969 0.605408 0.614062
0 0.47052 0.680078 0.94104 0.639844
0 0.280884 0.385547 0.561768 0.373437
1 0.257477 0.625391 0.514954 0.505469
1 0.319366 0.725 0.638733 0.35625
0 0.275726 0.523047 0.551453 0.333594
0 0.301117 0.634375 0.602234 0.442187
1 0.315796 0.485547 0.631592 0.565625
1 0.372528 0.542285 0.745056 0.70293
1 0.337616 0.800586 0.673645 0.398828
1 0.338211 0.558203 0.0971985 0.295312
0 0.29834 0.871289 0.59668 0.257422
1 0.306076 0.389844 0.612152 0.604688
1 0.351501 0.621777 0.703003 0.55332
1 0.294373 0.899219 0.588745 0.201562
0 0.368164 0.628516 0.15155 0.142969
0 0.138855 0.478516 0.27771 0.363281
0 0.23407 0.308252 0.46814 0.337402
1 0.290009 0.685938 0.580017 0.214062
0 0.351501 0.621777 0.703003 0.55332
0 0.22673 0.589063 0.453461 0.34375
0 0.124176 0.0671387 0.248352 0.134277
0 0.716492 0.251758 0.377686 0.346484
0 0.937988 0.826563 0.124023 0.346875
1 0.920532 0.716797 0.158936 0.491406
0 0.134094 0.100977 0.268188 0.201953
0 0.851105 0.233984 0.297791 0.335938
0 0.146889 0.406348 0.293777 0.335742
1 0.564545 0.221094 0.380859 0.225
0 0.151352 0.077002 0.302704 0.154004
1 0.368164 0.628516 0.15155 0.142969
0 0.319366 0.725 0.638733 0.35625
0 0.224995 0.100488 0.299034 0.200977
0 0.273743 0.104687 0.313416 0.209375
0 0.481628 0.0321533 0.461792 0.0643066
1 0.901886 0.679688 0.196228 0.54375
0 0.567322 0.0321045 0.355469 0.064209
0 0.90863 0.724219 0.182739 0.403125
1 0.0436401 0.148535 0.0872803 0.29707
1 0.884628 0.116699 0.230743 0.233398
0 0.93045 0.77793 0.139099 0.412891
1 0.087677 0.869141 0.175354 0.261719
0 0.29834 0.0358398 0.243591 0.0716797
0 0.36142 0.0319336 0.291992 0.0638672
0 0.68634 0.325 0.341187 0.435937
1 0.275726 0.523047 0.551453 0.333594
0 0.896332 0.791406 0.207336 0.340625
0 0.159584 0.147656 0.319168 0.295312
0 0.144707 0.576563 0.289413 0.404687
0 0.635559 0.752344 0.458618 0.432813
0 0.0960083 0.13252 0.192017 0.265039
0 0.914185 0.172656 0.171631 0.297656
0 0.273346 0.641406 0.546692 0.201562
0 0.919739 0.922656 0.160522 0.154687
1 0.886414 0.0506836 0.227173 0.101367
0 0.658173 0.040332 0.445129 0.0806641
0 0.964966 0.0445801 0.0700684 0.0891602
1 0.93045 0.77793 0.139099 0.412891
1 0.0940247 0.82832 0.188049 0.343359
0 0.18557 0.876758 0.37114 0.246484
0 0.135086 0.158008 0.270172 0.316016
1 0.964966 0.0445801 0.0700684 0.0891602
0 0.928467 0.216797 0.143066 0.267188
1 0.919739 0.922656 0.160522 0.154687
1 0.0846519 0.207813 0.169304 0.415625
1 0.296753 0.74375 0.593506 0.242188
0 0.893555 0.892969 0.212891 0.192188
0 0.087677 0.869141 0.175354 0.261719
0 0.248302 0.151172 0.288918 0.302344
1 0.904663 0.762891 0.190674 0.286719
0 0.860626 0.603125 0.278748 0.417188
1 0.395538 0.630469 0.204712 0.158594
0 0.0436401 0.148535 0.0872803 0.29707
1 0.0960083 0.13252 0.192017 0.265039
0 0.745575 0.0500977 0.50885 0.100195
1 0.903076 0.164746 0.193848 0.329492
0 0.622467 0.406641 0.473694 0.607813
1 0.598961 0.387012 0.487381 0.554102
0 0.826508 0.654688 0.346985 0.48125
0 0.142624 0.883398 0.285248 0.233203
1 0.880859 0.964063 0.238281 0.071875
0 0.745575 0.16748 0.50885 0.334961
0 0.899902 0.671875 0.200195 0.529688
1 0.861618 0.685938 0.276764 0.50625
0 0.564545 0.221094 0.380859 0.225
0 0.35408 0.769922 0.70578 0.460156
1 0.142624 0.883398 0.285248 0.233203
1 0.859634 0.216211 0.280731 0.405859
0 0.886414 0.0506836 0.227173 0.101367
1 0.951477 0.0666016 0.0970459 0.133203
0 0.395538 0.630469 0.204712 0.158594
0 0.519714 0.200781 0.288818 0.164062
0 0.865585 0.189844 0.268829 0.379687
0 0.964172 0.36582 0.0716553 0.665234
1 0.124176 0.0671387 0.248352 0.134277
0 0.315002 0.133594 0.280884 0.267188
1 0.928467 0.216797 0.143066 0.267188
0 0.182396 0.829492 0.364792 0.212891
1 0.867371 0.889063 0.265259 0.203125
1 0.699432 0.270312 0.36261 0.38125
0 0.207092 0.327148 0.414185 0.494141
1 0.235657 0.292969 0.458618 0.31875
0 0.113068 0.204492 0.226135 0.408984
1 0.860626 0.603125 0.278748 0.417188
1 0.085247 0.76582 0.170494 0.468359
0 0.847412 0.0629395 0.295166 0.125879
0 0.318771 0.630859 0.128937 0.132031
1 0.273346 0.641406 0.546692 0.201562
0 0.847534 0.96875 0.304932 0.0625
1 0.151352 0.077002 0.302704 0.154004
1 0.650635 0.46875 0.398315 0.574219
1 0.119713 0.491016 0.239426 0.710156
1 0.134094 0.100977 0.268188 0.201953
1 0.847412 0.0629395 0.295166 0.125879
0 0.897522 0.136914 0.204956 0.273828
0 0.196381 0.407813 0.392761 0.78125
0 0.861023 0.686719 0.277954 0.496875
1 0.847534 0.96875 0.304932 0.0625
1 0.102158 0.57041 0.204315 0.663867
1 0.60154 0.757031 0.48381 0.385938
1 0.896332 0.791406 0.207336 0.340625
1 0.937988 0.826563 0.124023 0.346875
0 0.960999 0.475 0.0780029 0.628125
0 0.290009 0.685938 0.580017 0.214062
1 0.893555 0.723047 0.212891 0.350781
1 0.577538 0.309717 0.417557 0.304785
1 0.964172 0.36582 0.0716553 0.665234
1 0.320953 0.526465 0.55304 0.493945
1 0.938782 0.623828 0.122437 0.530469
1 0.0918427 0.320898 0.183685 0.641797
1 0.519714 0.200781 0.288818 0.164062
0 0.705505 0.108594 0.588989 0.217187
1 0.190033 0.278516 0.380066 0.299219
0 0.938782 0.623828 0.122437 0.530469
1 0.551056 0.172461 0.343567 0.169141
0 0.769653 0.675781 0.422119 0.648438
1 0.207092 0.327148 0.414185 0.494141
0 0.945923 0.2875 0.108154 0.575
0 0.338211 0.558203 0.0971985 0.295312
0 0.702606 0.70625 0.388 0.5875
1 0.273743 0.104687 0.313416 0.209375
0 0.392365 0.108789 0.294373 0.217578
0 0.790482 0.275 0.405853 0.390625
1 0.960999 0.475 0.0780029 0.628125
1 0.224995 0.100488 0.299034 0.200977
0 0.650635 0.46875 0.398315 0.574219
1 0.818176 0.626172 0.363647 0.485156
0 0.0846519 0.207813 0.169304 0.415625
0 0.626831 0.314063 0.460205 0.463281
0 0.0940247 0.82832 0.188049 0.343359
1 0.14798 0.855859 0.295959 0.288281
0 0.451874 0.104492 0.356262 0.208984
0 0.125465 0.486035 0.250931 0.549805
1 0.784729 0.590234 0.396729 0.705469
0 0.879669 0.723047 0.240662 0.367969
1 0.658173 0.040332 0.445129 0.0806641
0 0.197769 0.161719 0.372528 0.305859
0 0.577538 0.309717 0.417557 0.304785
1 0.0895615 0.671484 0.179123 0.657031
1 0.702606 0.70625 0.388 0.5875
0 0.701813 0.748047 0.348328 0.313281
1 0.298737 0.816406 0.597473 0.251563
1 0.29834 0.0358398 0.243591 0.0716797
0 0.826904 0.495703 0.346191 0.727344
0 0.119713 0.491016 0.239426 0.710156
0 0.137466 0.154492 0.274933 0.244922
0 0.517334 0.170703 0.279297 0.169531
1 0.626831 0.314063 0.460205 0.463281
0 0.182495 0.785156 0.36499 0.19375
1 0.18557 0.876758 0.37114 0.246484
0 0.880859 0.964063 0.238281 0.071875
1 0.109299 0.409375 0.218597 0.81875
0 0.151451 0.21543 0.302902 0.358203
0 0.190033 0.278516 0.380066 0.299219
0 0.268585 0.416406 0.53717 0.573438
0 0.645874 0.782617 0.296753 0.303516
1 0.113068 0.204492 0.226135 0.408984
0 0.109299 0.31875 0.218597 0.6375
1 0.567322 0.0321045 0.355469 0.064209
0 0.609375 0.108691 0.507812 0.217383
1 0.770569 0.250781 0.458862 0.361719
0 0.714111 0.396191 0.290405 0.554492
0 0.142525 0.841992 0.285049 0.316016
0 0.102158 0.57041 0.204315 0.663867
1 0.437889 0.63125 0.295364 0.167187
1 0.182495 0.785156 0.36499 0.19375
0 0.489662 0.260986 0.391769 0.201465
0 0.16732 0.707031 0.334641 0.392188
0 0.529137 0.714844 0.476273 0.285937
1 0.36142 0.0319336 0.291992 0.0638672
1 0.489662 0.260986 0.391769 0.201465
0 0.870148 0.337305 0.259705 0.648828
1 0.181999 0.316211 0.363998 0.261328
1 0.125465 0.486035 0.250931 0.549805
1 0.745575 0.0500977 0.50885 0.100195
0 0.109299 0.409375 0.218597 0.81875
0 0.629211 0.747656 0.477661 0.504687
0 0.77533 0.528125 0.449341 0.80625
1 0.144211 0.5125 0.288422 0.91875
0 0.688721 0.513672 0.314209 0.735156
0 0.298737 0.816406 0.597473 0.251563
0 0.906128 0.80293 0.187256 0.231641
1 0.440765 0.0355469 0.434814 0.0710938
1 0.196381 0.407813 0.392761 0.78125
0 0.86499 0.450391 0.27002 0.900781
0 0.303299 0.396973 0.606598 0.431055
0 0.719666 0.567578 0.439575 0.864844
0 0.437889 0.63125 0.295364 0.167187
0 0.187157 0.175 0.374313 0.222266
0 0.591919 0.795313 0.430054 0.353125
0 0.13459 0.483203 0.26918 0.949219
0 0.890182 0.544434 0.219635 0.567383
1 0.159584 0.147656 0.319168 0.295312
0 0.315002 0.418848 0.630005 0.788867
0 0.553139 0.645312 0.456833 0.204688
0 0.18428 0.71875 0.368561 0.254687
0 0.134888 0.804102 0.269775 0.391797
0 0.155914 0.351367 0.311829 0.289453
0 0.296753 0.74375 0.593506 0.242188
1 0.784729 0.884375 0.418945 0.209375
0 0.449097 0.977344 0.550659 0.0453125
1 0.650635 0.946094 0.399902 0.107813
1 0.80925 0.959375 0.3815 0.08125
1 0.890182 0.544434 0.219635 0.567383
0 0.0977936 0.671875 0.195587 0.65625
1 0.181999 0.688281 0.363998 0.232812
0 0.518524 0.809961 0.438782 0.380078
0 0.0861893 0.726172 0.172379 0.547656
0 0.0989838 0.722266 0.197968 0.439844
1 0.144707 0.576563 0.289413 0.404687
1 0.182396 0.829492 0.364792 0.212891
1 0.703003 0.896875 0.382446 0.190625
1 0.513466 0.0312012 0.399704 0.0624023
1 0.529137 0.714844 0.476273 0.285937
0 0.951477 0.0666016 0.0970459 0.133203
1 0.709351 0.3375 0.322144 0.475781
0 0.0944214 0.417969 0.188843 0.835938
1 0.945923 0.2875 0.108154 0.575
1 0.713318 0.739062 0.306274 0.317187
1 0.792068 0.752344 0.383636 0.390625
1 0.169006 0.143359 0.338013 0.212891
1 0.138855 0.478516 0.27771 0.363281
1 0.743469 0.954687 0.420532 0.090625
1 0.872604 0.754687 0.251129 0.339063
1 0.683167 0.394531 0.334839 0.535156
1 0.891174 0.638672 0.217651 0.469531
0 0.78949 0.725781 0.358643 0.39375
1 0.134888 0.804102 0.269775 0.391797
1 0.449097 0.977344 0.550659 0.0453125
1 0.187157 0.175 0.374313 0.222266
0 0.637939 0.223242 0.415771 0.333203
0 0.313812 0.315039 0.583984 0.406641
1 0.299332 0.857813 0.598663 0.284375
1 0.705505 0.108594 0.588989 0.217187
1 0.0989838 0.722266 0.197968 0.439844
0 0.381256 0.767969 0.631592 0.415625
1 0.553139 0.645312 0.456833 0.204688
1 0.0933304 0.690625 0.186661 0.578125
1 0.248302 0.151172 0.288918 0.302344
1 0.722046 0.510156 0.453857 0.876562
1 0.564148 0.964453 0.431641 0.0710938
1 0.197769 0.161719 0.372528 0.305859
1 0.688721 0.513672 0.314209 0.735156
1 0.745575 0.16748 0.50885 0.334961
1 0.155914 0.351367 0.311829 0.289453
1 0.22673 0.589063 0.453461 0.34375
1 0.518524 0.809961 0.438782 0.380078
0 0.393555 0.23418 0.497498 0.142969
1 0.629211 0.747656 0.477661 0.504687
0 0.80925 0.959375 0.3815 0.08125
1 0.826904 0.495703 0.346191 0.727344
1 0.703796 0.814844 0.347534 0.267188
0 0.181999 0.316211 0.363998 0.261328
0 0.588348 0.814258 0.310242 0.280859
0 0.848129 0.773828 0.303741 0.366406
1 0.339203 0.645703 0.0968018 0.096875
0 0.422119 0.216797 0.0698242 0.0695312
0 0.548279 0.349219 0.0587158 0.0671875
0 0.542725 0.342773 0.0603027 0.0613281
0 0.729584 0.492578 0.0531616 0.0601562
1 0.680786 0.953125 0.0634766 0.059375
0 0.535583 0.343359 0.0460205 0.0523437
0 0.422119 0.224219 0.0603027 0.0625
0 0.412201 0.217969 0.0785522 0.078125
1 0.68396 0.972656 0.0650635 0.0546875
1 0.542725 0.814062 0.072998 0.075
1 0.410118 0.885938 0.189041 0.175
0 0.280685 0.944531 0.561371 0.110937
1 0.720856 0.911719 0.170593 0.176563
1 0.203323 0.967578 0.347137 0.0648438
0 0.966949 0.903125 0.0661011 0.19375
1 0.259262 0.904688 0.518524 0.190625
0 0.225342 0.969531 0.450684 0.0609375
1 0.89978 0.807031 0.126953 0.10625
0 0.259262 0.904688 0.518524 0.190625
1 0.225342 0.969531 0.450684 0.0609375
1 0.418945 0.218359 0.0682373 0.0671875
0 0.966553 0.870703 0.0668945 0.258594
0 0.295563 0.973047 0.591125 0.0539063
1 0.0547981 0.844531 0.109596 0.178125
0 0.164246 0.926562 0.328491 0.146875
1 0.898987 0.673047 0.142822 0.167187
1 0.19162 0.984766 0.326508 0.0304688
1 0.966553 0.870703 0.0668945 0.258594
0 0.214035 0.863672 0.42807 0.272656
1 0.966949 0.903125 0.0661011 0.19375
0 0.783661 0.749219 0.432678 0.429688
1 0.905334 0.646094 0.130127 0.0984375
1 0.0494919 0.539844 0.0989838 0.078125
1 0.377289 0.88125 0.207886 0.173438
0 0.82373 0.194531 0.352539 0.389062
0 0.719269 0.758594 0.380066 0.410937
1 0.621277 0.569531 0.134094 0.132812
1 0.701416 0.954687 0.117432 0.090625
0 0.963776 0.133008 0.0724487 0.266016
0 0.957825 0.976562 0.0843506 0.046875
0 0.829086 0.665625 0.341827 0.340625
0 0.181503 0.894531 0.363007 0.210938
1 0.306274 0.944531 0.612549 0.110937
1 0.957825 0.976562 0.0843506 0.046875
1 0.257874 0.860352 0.515747 0.279297
0 0.545105 0.817187 0.0761719 0.078125
0 0.851105 0.422266 0.297791 0.384375
0 0.150558 0.605078 0.301117 0.344531
0 0.139648 0.80625 0.279297 0.309375
0 0.0420532 0.121777 0.0841064 0.243555
0 0.14064 0.143164 0.281281 0.286328
0 0.774017 0.189258 0.441956 0.345703
0 0.147881 0.471484 0.295761 0.282031
1 0.164246 0.926562 0.328491 0.146875
0 0.853485 0.543652 0.29303 0.425195
1 0.852692 0.471484 0.294617 0.388281
0 0.115349 0.603906 0.230698 0.35
0 0.858444 0.612109 0.283112 0.388281
0 0.148972 0.632812 0.297943 0.253906
0 0.51902 0.147559 0.32988 0.213477
1 0.877686 0.843555 0.244629 0.306641
1 0.0529633 0.709375 0.105927 0.117188
1 0.0675926 0.697656 0.135185 0.145313
0 0.476074 0.187061 0.227722 0.165723
1 0.82373 0.194531 0.352539 0.389062
1 0.783661 0.749219 0.432678 0.429688
0 0.877686 0.843555 0.244629 0.306641
0 0.848923 0.230078 0.302155 0.455469
0 0.14431 0.202295 0.28862 0.346191
0 0.852295 0.704687 0.29541 0.4375
0 0.1576 0.769141 0.315201 0.302344
1 0.0499878 0.807031 0.0999756 0.107813
0 0.760651 0.149219 0.478699 0.298438
0 0.729187 0.802344 0.311035 0.259375
0 0.0948181 0.879297 0.189636 0.241406
0 0.143814 0.388672 0.287628 0.317969
0 0.805359 0.798633 0.304688 0.221484
0 0.145103 0.103613 0.290207 0.207227
0 0.87471 0.902734 0.25058 0.194531
0 0.911804 0.175098 0.176392 0.350195
0 0.115547 0.167773 0.231094 0.335547
1 0.847931 0.371289 0.304138 0.353516
0 0.868561 0.503906 0.262878 0.329688
1 0.829086 0.665625 0.341827 0.340625
0 0.121498 0.485938 0.242996 0.324219
0 0.855667 0.78125 0.288666 0.39375
1 0.676422 0.960156 0.0714111 0.0796875
1 0.853485 0.543652 0.29303 0.425195
0 0.367767 0.558594 0.296753 0.267188
0 0.536476 0.601562 0.43779 0.339063
0 0.144806 0.321045 0.289612 0.319629
0 0.424896 0.567187 0.349915 0.309375
1 0.0769653 0.677344 0.153931 0.176563
0 0.526855 0.204102 0.336426 0.126172
0 0.144608 0.268701 0.289215 0.30166
0 0.505333 0.546094 0.396927 0.336719
1 0.858444 0.612109 0.283112 0.388281
1 0.719269 0.758594 0.380066 0.410937
0 0.962585 0.815625 0.0748291 0.36875
1 0.139648 0.80625 0.279297 0.309375
1 0.0420532 0.121777 0.0841064 0.243555
0 0.0764694 0.160645 0.152939 0.321289
0 0.842972 0.311768 0.314056 0.334277
0 0.796555 0.617578 0.406891 0.253125
0 0.46804 0.682031 0.390579 0.2625
1 0.87471 0.902734 0.25058 0.194531
1 0.295563 0.971875 0.591125 0.05625
0 0.15036 0.912109 0.30072 0.175781
0 0.983215 0.973828 0.0335693 0.0523437
0 0.515747 0.198486 0.247559 0.158496
0 0.861618 0.785156 0.276764 0.273438
0 0.259064 0.876367 0.518127 0.247266
1 0.181503 0.894531 0.363007 0.210938
0 0.394249 0.901563 0.514359 0.196875
0 0.783142 0.276367 0.422119 0.319141
0 0.333847 0.553906 0.409821 0.3
0 0.473694 0.585938 0.388 0.339063
0 0.417755 0.646875 0.356262 0.276563
0 0.112076 0.735156 0.224152 0.301562
0 0.579323 0.542188 0.440964 0.309375
0 0.893951 0.12832 0.212097 0.256641
0 0.714905 0.168555 0.455444 0.308984
0 0.115051 0.254492 0.230103 0.345703
0 0.807861 0.280859 0.384277 0.272656
0 0.870544 0.392578 0.258911 0.316406
0 0.560577 0.680859 0.399109 0.285156
0 0.119019 0.343359 0.238037 0.332031
0 0.507019 0.728906 0.415771 0.326562
0 0.491051 0.130664 0.406448 0.261328
0 0.585571 0.635547 0.412598 0.299219
1 0.0948181 0.879297 0.189636 0.241406
1 0.0764694 0.160645 0.152939 0.321289
1 0.774017 0.189258 0.441956 0.345703
0 0.637939 0.497656 0.372925 0.303906
0 0.867767 0.983594 0.264465 0.0328125
0 0.130722 0.125195 0.261444 0.250391
1 0.760651 0.149219 0.478699 0.298438
1 0.842972 0.311768 0.314056 0.334277
0 0.245773 0.439063 0.373322 0.334375
1 0.852295 0.704687 0.29541 0.4375
1 0.51902 0.147559 0.32988 0.213477
1 0.476074 0.187061 0.227722 0.165723
0 0.60144 0.180273 0.363403 0.245312
1 0.115349 0.603906 0.230698 0.35
0 0.375404 0.535547 0.317184 0.364844
0 0.790802 0.345703 0.418396 0.272656
0 0.343567 0.456348 0.409424 0.32793
0 0.454651 0.9125 0.484009 0.175
1 0.911804 0.175098 0.176392 0.350195
0 0.121994 0.0753906 0.243988 0.150781
0 0.963776 0.50166 0.0724487 0.363867
0 0.297348 0.490625 0.390778 0.3625
0 0.754974 0.660156 0.464172 0.285937
0 0.673645 0.705859 0.452271 0.360156
1 0.1576 0.769141 0.315201 0.302344
0 0.451378 0.507129 0.384232 0.35293
0 0.874115 0.638281 0.25177 0.309375
0 0.827698 0.947266 0.344604 0.105469
1 0.963776 0.133008 0.0724487 0.266016
1 0.819366 0.245508 0.361267 0.432422
0 0.710938 0.355859 0.423706 0.233594
0 0.766479 0.394629 0.412598 0.23418
0 0.810638 0.411621 0.378723 0.293945
0 0.964966 0.570312 0.0700684 0.379687
0 0.642303 0.611719 0.451477 0.3
0 0.170891 0.0892578 0.341782 0.178516
0 0.953064 0.233789 0.0938721 0.437891
1 0.515747 0.198486 0.247559 0.158496
0 0.962585 0.425 0.0748291 0.399219
0 0.252716 0.542578 0.388 0.363281
0 0.374908 0.636719 0.36261 0.222656
0 0.952271 0.754687 0.095459 0.435937
1 0.841385 0.765234 0.31723 0.449219
0 0.55899 0.220508 0.293579 0.224609
0 0.595886 0.758203 0.350708 0.314844
0 0.202728 0.892969 0.405457 0.214062
0 0.513466 0.933203 0.491745 0.133594
1 0.867767 0.983594 0.264465 0.0328125
0 0.666107 0.402441 0.418152 0.241992
0 0.960602 0.671875 0.0787964 0.414062
0 0.799606 0.833008 0.365387 0.196484
1 0.51902 0.129883 0.429855 0.259766
1 0.962585 0.815625 0.0748291 0.36875
0 0.867767 0.826563 0.264465 0.223438
0 0.716095 0.964844 0.483215 0.0703125
0 0.800919 0.132422 0.398163 0.264844
0 0.342972 0.401172 0.415375 0.285156
0 0.486389 0.425 0.421326 0.303125
0 0.320557 0.700781 0.433228 0.2875
0 0.567322 0.959375 0.518921 0.08125
0 0.235062 0.0976562 0.409027 0.195312
0 0.244583 0.371875 0.389191 0.329688
0 0.552643 0.460938 0.412598 0.335938
0 0.817383 0.552344 0.365234 0.335938
0 0.958618 0.176465 0.0827637 0.35293
0 0.567322 0.128125 0.441162 0.25625
0 0.386314 0.13125 0.404861 0.2625
0 0.606598 0.420703 0.456238 0.292969
0 0.162064 0.541406 0.324127 0.342969
0 0.32373 0.629297 0.44751 0.272656
0 0.627228 0.976562 0.507019 0.046875
0 0.757355 0.0919922 0.473694 0.183984
0 0.17466 0.686719 0.349319 0.276563
0 0.2547 0.745703 0.395142 0.355469
0 0.15036 0.909375 0.30072 0.18125
0 0.289612 0.461719 0.0991821 0.0984375
0 0.222961 0.0523926 0.444336 0.104785
0 0.656189 0.136816 0.458618 0.273633
0 0.537964 0.248242 0.333252 0.183984
0 0.672058 0.302539 0.434814 0.222266
0 0.253906 0.309424 0.382446 0.301465
1 0.121498 0.485938 0.242996 0.324219
0 0.681183 0.459766 0.376892 0.265625
0 0.195984 0.468066 0.372131 0.29668
1 0.536476 0.601562 0.43779 0.339063
1 0.649048 0.971094 0.14917 0.0578125
0 0.212448 0.103906 0.424896 0.207813
0 0.404266 0.159766 0.354675 0.207422
1 0.60144 0.180273 0.363403 0.245312
0 0.174263 0.426562 0.348526 0.322656
0 0.754578 0.443848 0.44751 0.22793
1 0.874115 0.638281 0.25177 0.309375
0 0.267345 0.886523 0.307167 0.226953
1 0.733948 0.85625 0.0936279 0.090625
0 0.291992 0.0711914 0.498291 0.142383
0 0.339401 0.123828 0.49472 0.247656
0 0.576843 0.134766 0.417358 0.26875
1 0.473694 0.585938 0.388 0.339063
1 0.868561 0.773438 0.262878 0.353125
0 0.363403 0.745313 0.430054 0.3375
0 0.760529 0.948438 0.460999 0.103125
1 0.145103 0.103613 0.290207 0.207227
0 0.207687 0.193799 0.401886 0.310059
1 0.05093 0.582812 0.10186 0.115625
1 0.576843 0.134766 0.417358 0.26875
0 0.298737 0.334961 0.411804 0.255078
1 0.424896 0.567187 0.349915 0.309375
1 0.1091 0.698828 0.218201 0.316406
0 0.6427 0.766797 0.382446 0.360156
1 0.454651 0.9125 0.484009 0.175
0 0.171188 0.0489746 0.342377 0.0979492
0 0.700623 0.279346 0.452271 0.330371
1 0.14669 0.565234 0.293381 0.372656
1 0.513466 0.933203 0.491745 0.133594
0 0.370148 0.0832031 0.486389 0.166406
1 0.115547 0.167773 0.231094 0.335547
0 0.260056 0.195703 0.405853 0.269531
0 0.353485 0.348828 0.400696 0.224219
0 0.607788 0.344922 0.4729 0.219531
0 0.800125 0.460547 0.39975 0.280469
0 0.692688 0.513184 0.366577 0.293945
1 0.796555 0.617578 0.406891 0.253125
0 0.655396 0.0628906 0.388794 0.125781
0 0.195587 0.138477 0.391174 0.276953
1 0.367767 0.558594 0.296753 0.267188
0 0.0847015 0.832812 0.169403 0.334375
0 0.265808 0.11084 0.531616 0.22168
1 0.435211 0.130078 0.4245 0.260156
1 0.14064 0.143164 0.281281 0.286328
1 0.147881 0.471484 0.295761 0.282031
0 0.395935 0.785156 0.427673 0.367188
1 0.567322 0.959375 0.518921 0.08125
1 0.906921 0.759375 0.142822 0.170312
0 0.194992 0.579297 0.372528 0.324219
0 0.251129 0.638281 0.394348 0.320312
1 0.478355 0.640234 0.400101 0.310156
1 0.585571 0.635547 0.412598 0.299219
1 0.952271 0.754687 0.095459 0.435937
1 0.893951 0.12832 0.212097 0.256641
0 0.32988 0.130664 0.636749 0.261328
0 0.962189 0.33667 0.0756226 0.399316
0 0.449493 0.355273 0.400696 0.242578
0 0.46328 0.0790527 0.465164 0.158105
0 0.480835 0.241211 0.437195 0.189844
1 0.754974 0.660156 0.464172 0.285937
0 0.195587 0.701563 0.384827 0.326562
0 0.392365 0.854492 0.438782 0.291016
0 0.619789 0.135937 0.623459 0.271875
1 0.642303 0.611719 0.451477 0.3
0 0.179123 0.799805 0.358246 0.391016
0 0.618896 0.183936 0.442749 0.292285
1 0.526855 0.204102 0.336426 0.126172
1 0.417755 0.646875 0.356262 0.276563
1 0.394249 0.901563 0.514359 0.196875
1 0.0740891 0.515234 0.148178 0.146875
0 0.121101 0.0468262 0.242203 0.0936523
0 0.574066 0.0641113 0.434021 0.128223
1 0.714905 0.168555 0.455444 0.308984
1 0.115051 0.254492 0.230103 0.345703
0 0.867569 0.326562 0.264862 0.285156
0 0.21101 0.25708 0.393654 0.328809
0 0.514854 0.288477 0.384232 0.178516
0 0.0880737 0.606641 0.176147 0.371094
1 0.960602 0.671875 0.0787964 0.414062
0 0.696259 0.641406 0.445129 0.266406
0 0.308853 0.773438 0.415375 0.35625
1 0.953064 0.233789 0.0938721 0.437891
0 0.582794 0.260742 0.291199 0.183203
0 0.754974 0.516504 0.438782 0.335742
1 0.338806 0.642187 0.0888672 0.0875
0 0.421326 0.217969 0.0571289 0.059375
0 0.547089 0.356641 0.0499878 0.0492188
1 0.679199 0.953125 0.0587158 0.059375
1 0.0647163 0.904688 0.0488968 0.05625
0 0.545898 0.347461 0.0603027 0.0613281
1 0.333252 0.636719 0.0674438 0.0671875
1 0.094223 0.535937 0.0517731 0.0484375
1 0.305679 0.83125 0.0606995 0.05625
0 0.420532 0.228125 0.0531616 0.0492188
1 0.863281 0.807813 0.0539551 0.0625
0 0.547089 0.364844 0.046814 0.040625
1 0.694672 0.472656 0.10791 0.114063
1 0.860107 0.804688 0.0444336 0.053125
1 0.909302 0.645312 0.0999756 0.0921875
1 0.983215 0.225781 0.0335693 0.0507812
1 0.0820236 0.150195 0.032135 0.0417969
1 0.880737 0.810938 0.0888672 0.06875
1 0.327301 0.646484 0.0618896 0.071875
1 0.980042 0.243359 0.039917 0.078125
0 0.411407 0.219531 0.0587158 0.0535156
1 0.979645 0.320508 0.0407104 0.0476562
1 0.654602 0.186719 0.0968018 0.0972656
1 0.0741634 0.15332 0.0401192 0.0410156
1 0.1092 0.144531 0.0355072 0.0386719
1 0.319366 0.639063 0.0428467 0.059375
1 0.541138 0.817187 0.0618896 0.0625
0 0.536377 0.355469 0.0396729 0.0453125
1 0.713715 0.478125 0.0785522 0.096875
1 0.701813 0.958594 0.115051 0.0828125
1 0.420532 0.216797 0.0571289 0.0601562
1 0.980042 0.325781 0.039917 0.0570313
0 0.0515251 0.94375 0.10305 0.1125
1 0.870148 0.132422 0.259705 0.264844
0 0.125862 0.949219 0.251724 0.101562
1 0.362213 0.487891 0.0896606 0.0765625
0 0.937195 0.866016 0.12561 0.267969
0 0.939575 0.819531 0.12085 0.25625
0 0.870148 0.132422 0.259705 0.264844
0 0.959412 0.923437 0.0811768 0.153125
0 0.937988 0.7625 0.124023 0.25
0 0.0209522 0.0703613 0.0419044 0.140723
0 0.932831 0.707812 0.134338 0.239063
0 0.821228 0.296289 0.276123 0.342578
0 0.941559 0.564844 0.116882 0.232812
0 0.40387 0.232812 0.0396729 0.040625
1 0.820236 0.342383 0.308258 0.346484
0 0.947113 0.0594238 0.105774 0.118848
0 0.943542 0.514063 0.112915 0.234375
0 0.934814 0.607031 0.130371 0.234375
1 0.74942 0.387109 0.359436 0.341406
0 0.92926 0.655469 0.141479 0.24375
1 0.846619 0.213477 0.276123 0.354297
0 0.747437 0.342578 0.34436 0.326562
0 0.820236 0.342383 0.308258 0.346484
0 0.846619 0.213477 0.276123 0.354297
1 0.937195 0.866016 0.12561 0.267969
1 0.939575 0.819531 0.12085 0.25625
1 0.861618 0.248047 0.276764 0.354688
0 0.944336 0.463672 0.111328 0.227344
1 0.919617 0.295312 0.0491943 0.0507812
1 0.937988 0.7625 0.124023 0.25
0 0.0641212 0.0422852 0.128242 0.0845703
0 0.958618 0.170312 0.0827637 0.229687
0 0.754578 0.299219 0.268188 0.325
1 0.821228 0.296289 0.276123 0.342578
1 0.941559 0.564844 0.116882 0.232812
1 0.932831 0.707812 0.134338 0.239063
0 0.156013 0.963281 0.312027 0.0734375
1 0.0209522 0.0703613 0.0419044 0.140723
0 0.956238 0.342969 0.0875244 0.208594
0 0.935608 0.400781 0.128784 0.242188
0 0.114952 0.487109 0.229904 0.297656
0 0.960999 0.218311 0.0780029 0.244629
1 0.934814 0.607031 0.130371 0.234375
0 0.928467 0.130957 0.143066 0.261914
0 0.112473 0.5375 0.224945 0.296875
1 0.92926 0.655469 0.141479 0.24375
1 0.125862 0.949219 0.251724 0.101562
0 0.691498 0.341016 0.340393 0.310156
0 0.116241 0.433203 0.232483 0.298438
1 0.943542 0.514063 0.112915 0.234375
1 0.959412 0.923437 0.0811768 0.153125
1 0.856934 0.796875 0.0380859 0.0375
0 0.116241 0.116602 0.232483 0.233203
0 0.964172 0.263232 0.0716553 0.225098
0 0.961792 0.305078 0.076416 0.233594
0 0.861618 0.248047 0.276764 0.354688
0 0.111877 0.591406 0.223755 0.29375
0 0.834045 0.131934 0.331909 0.263867
1 0.862411 0.341602 0.275177 0.346484
1 0.84436 0.16875 0.311279 0.3375
0 0.776794 0.258984 0.204712 0.336719
0 0.114456 0.378809 0.228912 0.287695
1 0.958618 0.170312 0.0827637 0.229687
0 0.741089 0.220117 0.311035 0.362109
0 0.840393 0.933594 0.319214 0.132812
0 0.145996 0.134375 0.291992 0.26875
0 0.696655 0.389062 0.363403 0.325
1 0.944336 0.463672 0.111328 0.227344
0 0.791077 0.941406 0.315796 0.117188
0 0.801392 0.165332 0.328491 0.330664
0 0.108307 0.907031 0.216614 0.185937
1 0.947113 0.0594238 0.105774 0.118848
0 0.616516 0.20708 0.285645 0.331934
0 0.0274487 0.133301 0.0548973 0.266602
0 0.738312 0.938281 0.322937 0.123438
1 0.432037 0.241016 0.0817261 0.0984375
1 0.834045 0.131934 0.331909 0.263867
1 0.960999 0.218311 0.0780029 0.244629
0 0.641907 0.310156 0.295166 0.303125
0 0.112572 0.326953 0.225143 0.280469
1 0.653809 0.394531 0.353882 0.325
0 0.764099 0.0420898 0.263428 0.0841797
1 0.751404 0.446875 0.331665 0.365625
0 0.113861 0.839063 0.227722 0.290625
1 0.0515251 0.94375 0.10305 0.1125
0 0.23764 0.953906 0.319763 0.0921875
0 0.106125 0.0941406 0.21225 0.188281
0 0.337616 0.108496 0.376892 0.216992
1 0.961792 0.305078 0.076416 0.233594
1 0.956238 0.342969 0.0875244 0.208594
1 0.935608 0.400781 0.128784 0.242188
1 0.692688 0.445215 0.330078 0.351758
0 0.682373 0.930859 0.317383 0.138281
1 0.871536 0.0579102 0.256927 0.11582
0 0.746246 0.123828 0.394348 0.247656
1 0.928467 0.130957 0.143066 0.261914
0 0.588745 0.259961 0.21106 0.312109
0 0.720459 0.274219 0.303101 0.367188
0 0.681183 0.116797 0.394348 0.233594
0 0.901489 0.113379 0.197021 0.226758
1 0.901489 0.113379 0.197021 0.226758
0 0.537567 0.200977 0.281677 0.339844
0 0.110291 0.179248 0.220581 0.271973
1 0.964172 0.263232 0.0716553 0.225098
0 0.331863 0.945312 0.324127 0.109375
0 0.347534 0.041748 0.272156 0.0834961
0 0.400696 0.0429688 0.262634 0.0859375
0 0.18428 0.0993164 0.364594 0.198633
0 0.72403 0.170117 0.389587 0.340234
0 0.11039 0.22832 0.220779 0.270703
0 0.111481 0.277393 0.222961 0.278809
0 0.136078 0.590625 0.272156 0.351562
0 0.638733 0.942187 0.31897 0.115625
1 0.91803 0.635156 0.0888672 0.0703125
0 0.526855 0.250781 0.241211 0.307813
1 0.754578 0.299219 0.268188 0.325
0 0.751404 0.446875 0.331665 0.365625
0 0.229309 0.819531 0.249939 0.360938
0 0.30077 0.0398437 0.264122 0.0796875
0 0.447906 0.0430176 0.270569 0.0860352
0 0.710144 0.0393066 0.247559 0.0786133
0 0.441559 0.109375 0.365784 0.21875
0 0.539154 0.117578 0.36261 0.235156
0 0.133102 0.186328 0.266205 0.347656
0 0.661743 0.262842 0.291992 0.331348
0 0.132011 0.282813 0.264023 0.346094
0 0.862411 0.341602 0.275177 0.346484
0 0.285843 0.81543 0.266998 0.369141
0 0.37352 0.948438 0.324127 0.103125
0 0.953857 0.972656 0.0922852 0.0546875
0 0.497498 0.0417969 0.271362 0.0835937
0 0.82222 0.0535645 0.304291 0.107129
0 0.114952 0.678906 0.229904 0.270312
0 0.117233 0.7375 0.234467 0.29375
0 0.136276 0.880664 0.272552 0.238672
1 0.156013 0.963281 0.312027 0.0734375
0 0.549072 0.0407227 0.268982 0.0814453
1 0.537567 0.200977 0.281677 0.339844
0 0.134491 0.382422 0.268982 0.367969
1 0.776794 0.258984 0.204712 0.336719
0 0.692688 0.445215 0.330078 0.351758
0 0.137466 0.686328 0.274933 0.349219
1 0.691498 0.341016 0.340393 0.310156
0 0.871536 0.0579102 0.256927 0.11582
1 0.0274487 0.133301 0.0548973 0.266602
1 0.526855 0.250781 0.241211 0.307813
1 0.540344 0.290576 0.269775 0.281348
1 0.59906 0.318359 0.280884 0.246094
0 0.134888 0.830469 0.269775 0.339063
0 0.418152 0.957812 0.338806 0.084375
0 0.586761 0.952344 0.327698 0.0953125
0 0.255096 0.0381836 0.245972 0.0763672
0 0.59787 0.0391602 0.271362 0.0783203
0 0.653412 0.0382813 0.25946 0.0765625
1 0.616516 0.20708 0.285645 0.331934
0 0.0498886 0.532422 0.0997772 0.264062
0 0.694275 0.619922 0.252319 0.396094
1 0.72403 0.170117 0.389587 0.340234
0 0.0413589 0.583984 0.0827179 0.266406
1 0.791077 0.941406 0.315796 0.117188
1 0.840393 0.933594 0.319214 0.132812
1 0.974487 0.36875 0.0510254 0.130469
0 0.74704 0.621094 0.288025 0.390625
0 0.347733 0.813672 0.286835 0.372656
0 0.244038 0.873047 0.289513 0.253906
0 0.299927 0.873242 0.291992 0.253516
1 0.328491 0.651953 0.102356 0.100781
1 0.741089 0.220117 0.311035 0.362109
0 0.353287 0.874219 0.286041 0.251563
0 0.46814 0.95 0.353088 0.1
0 0.529335 0.953906 0.340988 0.0921875
1 0.738312 0.938281 0.322937 0.123438
1 0.953857 0.972656 0.0922852 0.0546875
0 0.540344 0.290576 0.269775 0.281348
0 0.177139 0.820508 0.25589 0.358984
0 0.611755 0.175684 0.388794 0.351367
1 0.865784 0.30957 0.268433 0.339453
0 0.0486488 0.480859 0.0972977 0.265625
0 0.0421524 0.919531 0.0843048 0.160938
0 0.63913 0.577246 0.242004 0.40957
1 0.23764 0.953906 0.319763 0.0921875
1 0.682373 0.930859 0.317383 0.138281
0 0.891174 0.95625 0.217651 0.0875
0 0.205505 0.0379883 0.253113 0.0759766
1 0.400696 0.0429688 0.262634 0.0859375
1 0.764099 0.0420898 0.263428 0.0841797
1 0.82222 0.0535645 0.304291 0.107129
0 0.59906 0.318359 0.280884 0.246094
0 0.79425 0.572266 0.255493 0.379687
0 0.0948181 0.0356201 0.189636 0.0712402
1 0.347534 0.041748 0.272156 0.0834961
0 0.0496407 0.15 0.0992813 0.285156
0 0.198166 0.134375 0.371735 0.26875
0 0.700623 0.149121 0.441162 0.298242
0 0.796951 0.144629 0.406097 0.289258
0 0.592712 0.582422 0.268188 0.435156
1 0.447906 0.0430176 0.270569 0.0860352
1 0.145996 0.134375 0.291992 0.26875
1 0.611755 0.175684 0.388794 0.351367
1 0.860229 0.210205 0.279541 0.32959
1 0.229309 0.819531 0.249939 0.360938
0 0.192215 0.871094 0.280487 0.257812
0 0.704193 0.874414 0.30072 0.251172
0 0.157402 0.0375977 0.24736 0.0751953
0 0.883835 0.575781 0.23233 0.324219
0 0.537964 0.5875 0.279297 0.446875
1 0.285843 0.81543 0.266998 0.369141
1 0.331863 0.945312 0.324127 0.109375
1 0.30077 0.0398437 0.264122 0.0796875
1 0.497498 0.0417969 0.271362 0.0835937
1 0.588745 0.259961 0.21106 0.312109
0 0.854279 0.390527 0.291443 0.356445
1 0.854279 0.390527 0.291443 0.356445
1 0.134193 0.531641 0.268387 0.35625
0 0.49115 0.538281 0.290405 0.432813
0 0.0410614 0.6375 0.0821228 0.260938
0 0.291 0.732031 0.296356 0.373437
1 0.638733 0.942187 0.31897 0.115625
1 0.0641212 0.0422852 0.128242 0.0845703
0 0.035656 0.424219 0.071312 0.254687
0 0.805359 0.675391 0.284058 0.375781
0 0.407043 0.875 0.289612 0.25
1 0.37352 0.948438 0.324127 0.103125
1 1 0.245508 0 0.0839844
1 0.549072 0.0407227 0.268982 0.0814453
1 0.710144 0.0393066 0.247559 0.0786133
1 0.641907 0.310156 0.295166 0.303125
0 0.885025 0.66875 0.22995 0.325
0 0.652222 0.664844 0.271362 0.409375
0 0.350311 0.73125 0.302307 0.373437
0 0.710938 0.714063 0.290405 0.38125
0 0.39901 0.812109 0.304886 0.375781
0 0.806152 0.875 0.315796 0.25
0 0.850586 0.574219 0.272949 0.376563
1 0.694275 0.619922 0.252319 0.396094
0 0.403969 0.682813 0.298141 0.415625
0 0.88205 0.85 0.235901 0.3
1 0.59787 0.0391602 0.271362 0.0783203
1 0.796951 0.144629 0.406097 0.289258
0 0.853882 0.162695 0.292236 0.325391
1 0.720459 0.274219 0.303101 0.367188
0 0.88324 0.329102 0.233521 0.308203
1 0.114952 0.487109 0.229904 0.297656
0 0.0327797 0.83125 0.0655594 0.25
1 0.108307 0.907031 0.216614 0.185937
1 0.653412 0.0382813 0.25946 0.0765625
1 0.135284 0.433203 0.270569 0.367188
0 0.0316143 0.875781 0.0632286 0.245312
0 0.643097 0.870313 0.316589 0.259375
0 0.899109 0.973437 0.201782 0.053125
1 0.255096 0.0381836 0.245972 0.0763672
1 0.462982 0.221094 0.322937 0.307813
0 0.610168 0.396875 0.328491 0.326562
0 0.744263 0.5375 0.274536 0.386719
0 0.493134 0.628906 0.29834 0.435937
0 0.883041 0.767187 0.233917 0.321875
0 0.604614 0.761719 0.301514 0.384375
0 0.662537 0.763672 0.299927 0.385156
0 0.85408 0.873438 0.29184 0.253125
1 0.418152 0.957812 0.338806 0.084375
1 0.586761 0.952344 0.327698 0.0953125
1 0.445526 1 0.122986 0
1 0.746246 0.123828 0.394348 0.247656
1 0.131912 0.234814 0.263824 0.347559
1 0.74704 0.621094 0.288025 0.390625
1 0.347733 0.813672 0.286835 0.372656
0 0.70697 0.820312 0.306274 0.359375
1 0.337616 0.108496 0.376892 0.216992
1 0.339401 0.646484 0.100372 0.0960938
0 0.423706 0.220703 0.0610962 0.0640625
0 0.545898 0.35625 0.0571289 0.0546875
1 0.25351 0.108765 0.106323 0.106689
0 0.409027 0.208936 0.0817261 0.0735352
0 0.289017 0.463281 0.112274 0.104687
1 0.978455 0.23125 0.0430908 0.0730469
0 0.548279 0.36582 0.0523682 0.0472656
0 0.546295 0.34668 0.0690308 0.0636719
1 0.346741 0.650391 0.0817261 0.0820312
0 0.42807 0.231641 0.0563354 0.059375
1 0.974487 0.185937 0.0510254 0.0535156
0 0.977661 0.195312 0.0446777 0.0546875
0 0.421326 0.213281 0.0722046 0.0625
1 0.982025 0.211328 0.0359497 0.053125
1 0.977661 0.326953 0.0446777 0.0632813
0 0.296753 0.457812 0.0960083 0.084375
1 0.656189 0.18667 0.0975952 0.0907227
1 0.330078 0.645703 0.0817261 0.08125
1 0.978455 0.244141 0.0430908 0.0800781
1 0.977661 0.195312 0.0446777 0.0546875
0 0.531616 0.436719 0.101562 0.0796875
1 0.0605507 0.907812 0.0681381 0.0671875
1 0.546692 0.355664 0.0587158 0.0566406
1 0.422913 0.219727 0.0634766 0.0609375
0 0.980835 0.205664 0.0383301 0.0621094
0 0.396729 0.198242 0.0872803 0.0816406
1 0.970917 0.334375 0.0581665 0.0710938
0 0.434814 0.220313 0.074585 0.0609375
0 0.139549 0.124219 0.279099 0.248437
0 0.575256 0.167285 0.21106 0.224414
0 0.535187 0.349219 0.0579224 0.0625
0 0.319168 0.133887 0.410614 0.267773
0 0.50692 0.38125 0.349319 0.282031
0 0.341583 0.669922 0.072998 0.0570313
0 0.280685 0.131445 0.362213 0.262891
0 0.162163 0.530078 0.324326 0.328906
0 0.0576744 0.944531 0.115349 0.110937
0 0.602631 0.120703 0.255493 0.232422
0 0.581604 0.121582 0.34436 0.243164
0 0.287033 0.17832 0.352692 0.231641
0 0.522095 0.185742 0.201538 0.223828
0 0.570496 0.215234 0.220581 0.213281
0 0.348328 0.135059 0.334839 0.252539
0 0.122986 0.182227 0.245972 0.225391
0 0.542725 0.3375 0.371338 0.309375
0 0.121201 0.463965 0.242401 0.17832
0 0.38205 0.948438 0.347534 0.103125
0 0.247559 0.128711 0.425293 0.257422
0 0.395042 0.143945 0.376297 0.287891
0 0.345551 0.20293 0.335632 0.276172
0 0.57843 0.270312 0.288818 0.188281
0 0.160378 0.464844 0.320755 0.2125
0 0.0787506 0.0976562 0.157501 0.195312
0 0.491051 0.143848 0.349319 0.287695
0 0.678406 0.158691 0.345947 0.248242
0 0.098587 0.942969 0.197174 0.114063
0 0.185867 0.174219 0.332855 0.243359
1 0.162163 0.530078 0.324326 0.328906
0 0.141037 0.960938 0.282074 0.078125
0 0.279346 0.945312 0.352196 0.109375
0 0.446716 0.419922 0.328491 0.267969
0 0.117233 0.589844 0.234467 0.264062
0 0.888 0.120312 0.223999 0.240625
0 0.529236 0.276758 0.29834 0.215234
0 0.128937 0.523438 0.257874 0.275781
1 0.139549 0.124219 0.279099 0.248437
0 0.478455 0.944531 0.338806 0.110937
0 0.539154 0.135352 0.354675 0.270703
0 0.65976 0.115234 0.413391 0.230469
1 0.602631 0.120703 0.255493 0.232422
0 0.679993 0.12041 0.352295 0.24082
0 0.661743 0.205518 0.322144 0.231934
0 0.175751 0.949219 0.342773 0.101562
0 0.0582199 0.0463379 0.11644 0.0926758
1 0.626038 0.114063 0.380859 0.228125
1 0.825714 0.133398 0.348572 0.266797
0 0.174263 0.129883 0.348526 0.259766
0 0.239822 0.268408 0.372528 0.332715
0 0.522888 0.235547 0.220581 0.225781
0 0.460999 0.366992 0.328491 0.330859
0 0.106918 0.800195 0.213837 0.271484
0 0.423706 0.241016 0.0539551 0.0492188
0 0.0327797 0.0472656 0.0655594 0.0945313
1 0.888 0.120312 0.223999 0.240625
1 0.141037 0.960938 0.282074 0.078125
0 0.674042 0.945312 0.334045 0.109375
0 0.825714 0.133398 0.348572 0.266797
0 0.487579 0.20083 0.199951 0.199902
0 0.23769 0.533496 0.38076 0.33457
0 0.154327 0.585156 0.308655 0.3
0 0.101166 0.84375 0.202332 0.25625
0 0.922119 0.0337158 0.155762 0.0674316
1 0.154327 0.585156 0.308655 0.3
0 0.110092 0.655469 0.220184 0.271875
0 0.535583 0.136719 0.214233 0.221875
0 0.28981 0.28418 0.397919 0.380078
0 0.233276 0.353125 0.409424 0.371875
1 0.741486 0.327734 0.372131 0.301562
1 0.476173 0.532812 0.360031 0.31875
0 0.575256 0.944531 0.341187 0.110937
1 0.679993 0.12041 0.352295 0.24082
0 0.546791 0.428906 0.347336 0.324219
1 0.536774 0.478906 0.346741 0.316406
0 0.114456 0.707812 0.228912 0.264062
0 0.776794 0.946094 0.336426 0.107813
1 0.122986 0.182227 0.245972 0.225391
0 0.398216 0.239453 0.349319 0.3375
0 0.390282 0.392285 0.377884 0.363867
0 0.484406 0.481348 0.349915 0.318555
0 0.335632 0.534277 0.370544 0.331445
0 0.11396 0.759375 0.227921 0.26875
0 0.112869 0.892187 0.225739 0.215625
1 0.38205 0.948438 0.347534 0.103125
1 0.575256 0.167285 0.21106 0.224414
0 0.501465 0.300391 0.314209 0.271094
0 0.598663 0.32168 0.353088 0.273047
0 0.0736427 0.01875 0.147285 0.0375
0 0.129929 0.270312 0.259857 0.278125
0 0.888794 0.85332 0.222412 0.293359
0 0.90625 0.896094 0.1875 0.207813
0 0.855469 0.938281 0.289062 0.123438
1 0.0576744 0.944531 0.115349 0.110937
1 0.698639 0.12207 0.421326 0.244141
0 0.475182 0.241211 0.262039 0.283984
0 0.430847 0.538379 0.365784 0.32793
0 0.23288 0.584375 0.353088 0.298438
0 0.843567 0.826563 0.312866 0.259375
0 0.905457 0.921875 0.189087 0.15625
1 0.228516 0.947656 0.337219 0.104687
0 0.974487 0.185937 0.0510254 0.0535156
1 0.174263 0.129883 0.348526 0.259766
0 0.349121 0.296875 0.384033 0.40625
0 0.641907 0.26875 0.328491 0.217187
1 0.23769 0.533496 0.38076 0.33457
1 0.0568314 0.915625 0.0823212 0.09375
0 0.195587 0.413379 0.391174 0.37793
0 0.741486 0.327734 0.372131 0.301562
0 0.602631 0.383691 0.365784 0.30918
1 0.593506 0.429688 0.364197 0.317187
1 0.23288 0.584375 0.353088 0.298438
0 0.0603027 0.61875 0.120605 0.18125
1 0.840988 0.749609 0.318024 0.233594
0 0.345154 0.886328 0.345947 0.227344
1 0.175751 0.949219 0.342773 0.101562
1 0.478455 0.944531 0.338806 0.110937
1 0.319168 0.133887 0.410614 0.267773
0 0.272751 0.401172 0.441559 0.403906
0 0.186909 0.8125 0.315697 0.328125
1 0.247559 0.128711 0.425293 0.257422
0 0.235657 0.469141 0.379272 0.246875
1 0.335632 0.534277 0.370544 0.331445
0 0.0610466 0.572656 0.122093 0.214062
1 0.332855 0.580469 0.347534 0.290625
0 0.189438 0.716406 0.328888 0.323438
1 0.147285 0.810938 0.294571 0.326562
1 0.843567 0.826563 0.312866 0.259375
0 0.87352 0.948828 0.25296 0.102344
0 0.835037 0.223438 0.329926 0.291406
0 0.169998 0.454297 0.339996 0.303906
0 0.332855 0.580469 0.347534 0.290625
1 0.491051 0.143848 0.349319 0.287695
0 0.151352 0.366406 0.302704 0.349219
0 0.753387 0.270508 0.372131 0.288672
1 0.801392 0.277734 0.368164 0.301562
0 0.838608 0.284375 0.322784 0.28125
0 0.151352 0.715625 0.302704 0.310937
1 0.151352 0.715625 0.302704 0.310937
0 0.840988 0.749609 0.318024 0.233594
0 0.18919 0.889063 0.324623 0.221875
1 0.922119 0.0337158 0.155762 0.0674316
1 0.678406 0.158691 0.345947 0.248242
1 0.638733 0.385938 0.38562 0.309375
0 0.848328 0.763281 0.303345 0.226562
1 0.674042 0.945312 0.334045 0.109375
1 0.0327797 0.0472656 0.0655594 0.0945313
0 0.887604 0.167871 0.224792 0.335742
1 0.280685 0.131445 0.362213 0.262891
0 0.406647 0.157227 0.337219 0.269922
0 0.891968 0.278125 0.216064 0.351562
0 0.351849 0.437598 0.368263 0.274805
0 0.386414 0.479004 0.359436 0.291992
0 0.845947 0.482812 0.308105 0.296875
0 0.84198 0.5375 0.31604 0.301562
0 0.826309 0.691406 0.347382 0.304688
1 0.834641 0.80625 0.330719 0.228125
1 0.098587 0.942969 0.197174 0.114063
0 0.886612 0.942969 0.226776 0.114063
0 0.402679 0.219727 0.0928345 0.0769531
1 0.539154 0.135352 0.354675 0.270703
0 0.0828171 0.125977 0.165634 0.244141
1 0.522095 0.185742 0.201538 0.223828
1 0.835037 0.223438 0.329926 0.291406
1 0.838608 0.284375 0.322784 0.28125
0 0.888794 0.574609 0.222412 0.332031
0 0.337219 0.650391 0.0880737 0.0867188
1 0.395042 0.143945 0.376297 0.287891
1 0.185867 0.174219 0.332855 0.243359
0 0.718872 0.204688 0.347534 0.257031
1 0.50692 0.38125 0.349319 0.282031
0 0.585571 0.473828 0.352295 0.310156
0 0.885818 0.68125 0.228363 0.3625
0 0.181702 0.662891 0.311829 0.330469
1 0.189438 0.716406 0.328888 0.323438
0 0.909821 0.832031 0.180359 0.251563
0 0.236053 0.808594 0.312622 0.3125
1 0.888794 0.85332 0.222412 0.293359
0 0.145699 0.853516 0.291397 0.292969
1 0.575256 0.944531 0.341187 0.110937
0 0.0989838 0.0217041 0.197968 0.0434082
0 0.084404 0.0418945 0.168808 0.0837891
0 0.742279 0.124609 0.421326 0.249219
1 0.117233 0.589844 0.234467 0.264062
0 0.143913 0.6625 0.287827 0.321875
0 0.0610962 0.813281 0.122192 0.179688
0 0.444435 0.8875 0.32988 0.225
0 0.0503349 0.0296875 0.10067 0.059375
1 0.348328 0.135059 0.334839 0.252539
1 0.535583 0.136719 0.214233 0.221875
1 0.766083 0.126563 0.368958 0.253125
1 0.345551 0.20293 0.335632 0.276172
1 0.570496 0.215234 0.220581 0.213281
0 0.838608 0.336328 0.322784 0.275
0 0.294174 0.437598 0.387604 0.291992
0 0.52755 0.525781 0.352493 0.309375
1 0.826309 0.691406 0.347382 0.304688
1 0.848328 0.763281 0.303345 0.226562
0 0.0586166 0.8625 0.117233 0.184375
0 0.841385 0.873438 0.31723 0.253125
1 0.776794 0.946094 0.336426 0.107813
1 0.887604 0.167871 0.224792 0.335742
1 0.287033 0.17832 0.352692 0.231641
1 0.143913 0.6625 0.287827 0.321875
0 0.241608 0.758594 0.331665 0.314063
1 0.106918 0.800195 0.213837 0.271484
1 0.90625 0.896094 0.1875 0.207813
0 0.68277 0.38125 0.376892 0.30625
1 0.124771 0.462109 0.249542 0.25
0 0.836426 0.589063 0.327148 0.3
0 0.063179 0.661719 0.126358 0.18125
1 0.236053 0.808594 0.312622 0.3125
0 0.834641 0.80625 0.330719 0.228125
0 0.392761 0.849609 0.32373 0.300781
0 0.0624847 0.911719 0.124969 0.153125
0 0.205853 0.075 0.338905 0.15
0 0.903076 0.0995117 0.193848 0.199023
1 0.0787506 0.0976562 0.157501 0.195312
1 0.129929 0.270312 0.259857 0.278125
1 0.453461 0.394141 0.317383 0.302344
0 0.826904 0.637891 0.346191 0.308594
0 0.0623856 0.765234 0.124771 0.200781
1 0.112869 0.892187 0.225739 0.215625
1 0.345154 0.886328 0.345947 0.227344
0 0.154129 0.0546875 0.308258 0.109375
1 0.839996 0.12832 0.320007 0.256641
0 0.0741882 0.181299 0.148376 0.218652
0 0.443542 0.310889 0.38562 0.38291
0 0.888794 0.471777 0.222412 0.333008
1 0.121201 0.463965 0.242401 0.17832
1 0.110092 0.655469 0.220184 0.271875
0 0.28981 0.710938 0.337616 0.30625
1 0.186016 0.854688 0.310341 0.290625
1 0.905457 0.921875 0.189087 0.15625
0 0.127747 0.0475098 0.255493 0.0950195
0 0.836624 0.066748 0.326752 0.133496
0 0.842178 0.388672 0.315643 0.28125
1 0.84198 0.5375 0.31604 0.301562
1 0.181702 0.662891 0.311829 0.330469
0 0.636353 0.660547 0.320557 0.294531
1 0.241608 0.758594 0.331665 0.314063
1 0.101166 0.84375 0.202332 0.25625
1 0.855469 0.938281 0.289062 0.123438
0 0.0377388 0.131934 0.0754776 0.263867
0 0.492737 0.15957 0.217407 0.211328
0 0.839996 0.12832 0.320007 0.256641
0 0.0967026 0.251221 0.193405 0.240527
0 0.809326 0.211328 0.345947 0.277734
1 0.529236 0.276758 0.29834 0.215234
1 0.542725 0.3375 0.371338 0.309375
1 0.430946 0.575781 0.348923 0.29375
1 0.826904 0.637891 0.346191 0.308594
1 0.114456 0.707812 0.228912 0.264062
0 0.591125 0.71875 0.34198 0.301562
0 0.3396 0.855859 0.31897 0.288281
1 0.151451 0.891406 0.302902 0.217187
0 0.6427 0.892187 0.330078 0.215625
0 0.889786 0.370117 0.220428 0.337891
0 0.635956 0.431348 0.381653 0.307617
0 0.53717 0.659375 0.335632 0.3
0 0.0624847 0.7125 0.124969 0.2
0 0.88562 0.782812 0.22876 0.348437
1 0.24007 0.890625 0.335533 0.21875
0 0.464867 0.181445 0.249344 0.232422
1 0.239822 0.268408 0.372528 0.332715
1 0.661743 0.205518 0.322144 0.231934
0 0.128937 0.325977 0.257874 0.292578
1 0.57843 0.270312 0.288818 0.188281
1 0.836426 0.589063 0.327148 0.3
0 0.687134 0.607813 0.307861 0.314063
0 0.691101 0.664062 0.325317 0.298438
1 0.341385 0.64375 0.0908508 0.090625
0 0.421326 0.218945 0.0507812 0.0542969
0 0.545105 0.355469 0.0507812 0.0539063
0 0.414978 0.210156 0.0571289 0.0527344
0 0.422119 0.226562 0.055542 0.0535156
0 0.531616 0.35 0.0420532 0.0492188
1 0.342377 0.976562 0.0515747 0.046875
1 0.917236 0.644531 0.092041 0.0828125
0 0.547882 0.364453 0.0444336 0.0414063
1 0.327301 0.645312 0.0714111 0.078125
0 0.53598 0.34375 0.0452271 0.0460938
0 0.901367 0.131836 0.0396729 0.0476562
1 0.316193 0.974219 0.101562 0.0515625
0 0.729187 0.491406 0.0452271 0.0554687
1 0.332458 0.978125 0.0737915 0.04375
1 0.245575 0.975781 0.101562 0.0484375
1 0.926758 0.639844 0.0698242 0.0734375
1 0.37838 1 0.100174 0
0 0.327301 0.645312 0.0714111 0.078125
1 0.31778 0.641016 0.0499878 0.0648438
0 0.530029 0.342969 0.0380859 0.0417969
1 0.420532 0.219141 0.0539551 0.0542969
1 0.905334 0.651953 0.119019 0.1
1 0.966553 0.886719 0.0668945 0.164062
1 0.108704 0.529297 0.0894623 0.0710938
1 0.480042 1 0.092041 0
0 0.0972977 0.0912109 0.194595 0.182422
0 0.904266 0.924609 0.191467 0.150781
0 0.0404663 0.957031 0.0809326 0.0859375
1 0.40506 1 0.0991821 0
0 0.89502 0.131934 0.0317383 0.0375
0 0.429657 0.218555 0.0595093 0.0746094
1 0.352295 0.090918 0.115051 0.125195
0 0.481728 0.952344 0.35051 0.0953125
0 0.531616 0.360938 0.0412598 0.040625
0 0.0542526 0.068457 0.108505 0.136914
0 0.0838089 0.937109 0.167618 0.125781
0 0.282124 0.953516 0.354576 0.0929687
0 0.434021 0.959375 0.342773 0.08125
0 0.53241 0.947656 0.345947 0.104687
0 0.336475 0.957812 0.353783 0.084375
1 0.0972977 0.0912109 0.194595 0.182422
0 0.440269 0.23418 0.357254 0.289453
0 0.731567 0.94375 0.345947 0.1125
0 0.054203 0.0362793 0.108406 0.0725586
0 0.141037 0.967969 0.282074 0.0640625
1 1 0 0 0
0 0.0957108 0.116016 0.191422 0.232031
0 0.48877 0.23125 0.350708 0.260938
0 0.029829 0.0439453 0.0596581 0.0878906
0 0.0313663 0.0902344 0.0627327 0.180469
1 0.0404663 0.957031 0.0809326 0.0859375
0 0.174759 0.952344 0.349518 0.0953125
0 0.633972 0.946094 0.345947 0.107813
0 0.829285 0.939062 0.341431 0.121875
0 0.403076 0.21582 0.0460205 0.0460938
0 0.0960083 0.399219 0.192017 0.254687
0 0.397522 0.898047 0.314209 0.203906
0 0.856064 0.946094 0.287872 0.107813
0 0.904663 0.967969 0.190674 0.0640625
0 0.886414 0.0821289 0.227173 0.164258
0 0.104935 0.25957 0.209869 0.263672
0 0.104042 0.308594 0.208084 0.265625
1 0.904266 0.924609 0.191467 0.150781
1 0.958618 0.486719 0.0827637 0.125
0 0.100174 0.204883 0.200348 0.262109
0 0.540344 0.225195 0.330078 0.242969
0 0.0983887 0.350586 0.196777 0.253516
0 0.0918427 0.498437 0.183685 0.232812
0 0.0934296 0.648438 0.186859 0.246094
1 0.353882 1 0.103149 0
0 0.442749 0.174805 0.368164 0.297266
0 0.0943222 0.448047 0.188644 0.233594
0 0.29834 0.892578 0.327698 0.214844
0 0.437988 0.291455 0.365784 0.311621
0 0.0850983 0.549219 0.170197 0.2125
0 0.0882721 0.591406 0.176544 0.229687
0 0.0959091 0.703906 0.191818 0.251563
1 0.43045 1 0.0960083 0
1 0.365784 0.978906 0.100769 0.0421875
0 0.495514 0.899219 0.313416 0.201562
0 0.339401 0.226367 0.353485 0.295703
0 0.234814 0.628906 0.347633 0.301562
0 0.687927 0.677344 0.342773 0.29375
0 0.289959 0.862695 0.310341 0.274609
0 0.34436 0.863477 0.320557 0.273047
0 0.685547 0.628125 0.330078 0.296875
0 0.552246 0.171777 0.345947 0.272852
0 0.687927 0.572266 0.32373 0.299219
0 0.23402 0.860937 0.30558 0.278125
0 0.440369 0.865625 0.312622 0.26875
0 0.903076 0.895312 0.193848 0.209375
0 0.885818 0.144727 0.228363 0.289453
0 0.23288 0.223828 0.348328 0.305469
0 0.590729 0.217383 0.313416 0.233203
0 0.15274 0.676953 0.305481 0.286719
0 0.287231 0.676562 0.353088 0.298438
1 0.440269 0.23418 0.357254 0.289453
1 0.48877 0.23125 0.350708 0.260938
0 0.890381 0.574219 0.219238 0.309375
0 0.286785 0.580469 0.34684 0.296875
0 0.149963 0.621875 0.299927 0.270312
0 0.0868835 0.782031 0.173767 0.220313
0 0.282471 0.177002 0.36499 0.305371
0 0.842773 0.240234 0.314453 0.283594
0 0.229755 0.276611 0.341881 0.309277
0 0.842773 0.29375 0.314453 0.282031
0 0.889786 0.473047 0.220428 0.315625
0 0.791672 0.678125 0.330475 0.295312
0 0.237442 0.723828 0.334442 0.299219
0 0.820953 0.12998 0.358093 0.259961
0 0.533302 0.294141 0.361618 0.297656
0 0.891174 0.326562 0.217651 0.309375
0 0.391273 0.326562 0.352097 0.30625
0 0.841187 0.501172 0.317627 0.280469
0 0.633972 0.524609 0.325317 0.311719
0 0.145798 0.572266 0.291595 0.267969
0 0.183685 0.578906 0.326111 0.284375
0 0.335831 0.625781 0.347931 0.298438
0 0.340393 0.723437 0.337219 0.292188
0 0.538361 0.728516 0.346741 0.292969
0 0.736725 0.726172 0.335632 0.297656
0 0.845947 0.751172 0.308105 0.291406
0 0.0853958 0.83418 0.170792 0.231641
0 0.877487 0.964063 0.245026 0.071875
0 0.890381 0.231445 0.219238 0.309766
0 0.33955 0.27832 0.339699 0.306641
0 0.890381 0.628125 0.219238 0.304688
0 0.387901 0.676562 0.342972 0.292188
0 0.587555 0.682031 0.346741 0.289062
0 0.637939 0.728125 0.355469 0.296875
0 0.910217 0.0297852 0.179565 0.0595703
1 0.0542526 0.068457 0.108505 0.136914
0 0.888992 0.175977 0.222015 0.321484
0 0.488373 0.331641 0.372131 0.296875
0 0.836624 0.450879 0.326752 0.288867
0 0.22673 0.479785 0.326508 0.295117
0 0.149567 0.524219 0.299133 0.270312
0 0.889587 0.722656 0.220825 0.309375
0 0.838409 0.728516 0.323181 0.305469
0 0.890381 0.775 0.219238 0.301562
0 0.63913 0.778125 0.346741 0.303125
0 0.739105 0.778906 0.334045 0.303125
0 0.187454 0.82168 0.307465 0.287891
0 0.193604 0.898438 0.322937 0.203125
0 0.151154 0.325195 0.302307 0.294922
0 0.842972 0.346094 0.314056 0.285937
0 0.332855 0.480469 0.340393 0.300781
0 0.434418 0.477344 0.346741 0.30625
0 0.23521 0.532031 0.337318 0.285937
0 0.336426 0.530078 0.349121 0.296094
0 0.482422 0.528223 0.335632 0.312305
0 0.587158 0.572656 0.31897 0.289062
0 0.48629 0.682813 0.339798 0.292188
0 0.437889 0.726953 0.339798 0.294531
0 0.542328 0.778125 0.335632 0.296875
0 0.737915 0.829883 0.320557 0.308984
0 0.149765 0.224023 0.29953 0.295703
0 0.636353 0.283252 0.349121 0.281152
0 0.28009 0.321924 0.324524 0.296777
0 0.438782 0.374219 0.355469 0.307813
0 0.149765 0.421094 0.29953 0.286719
0 0.227375 0.425 0.33712 0.288281
0 0.742279 0.428027 0.345154 0.298633
0 0.14679 0.474609 0.293579 0.289062
0 0.539154 0.472266 0.350708 0.300781
0 0.690308 0.474609 0.3396 0.295312
0 0.741089 0.525879 0.328491 0.30293
0 0.387108 0.574219 0.33345 0.296875
0 0.583984 0.627344 0.322144 0.283594
0 0.146591 0.807031 0.293182 0.2625
0 0.793655 0.828906 0.326508 0.3125
0 0.889587 0.856055 0.220825 0.287891
0 0.886414 0.908203 0.227173 0.183594
1 0.0838089 0.937109 0.167618 0.125781
0 0.232086 0.136035 0.356262 0.27207
1 0.540344 0.225195 0.330078 0.242969
0 0.638733 0.216992 0.322144 0.255078
0 0.838211 0.632031 0.323578 0.296875
0 0.842377 0.648047 0.315247 0.294531
0 0.188248 0.770312 0.312225 0.292188
0 0.144112 0.857617 0.288223 0.266016
0 0.0987854 0.892578 0.197571 0.214844
0 0.484406 0.137891 0.380859 0.275781
0 0.689911 0.329883 0.351501 0.295703
0 0.744263 0.376563 0.347534 0.295312
0 0.335831 0.423828 0.346344 0.296875
0 0.286884 0.772266 0.311729 0.283594
0 0.392761 0.825 0.326904 0.292188
1 0.141037 0.967969 0.282074 0.0640625
1 0.904663 0.967969 0.190674 0.0640625
0 0.691895 0.222656 0.3396 0.272656
0 0.743866 0.278711 0.356262 0.289453
0 0.586761 0.332812 0.368164 0.289062
0 0.176346 0.377734 0.337616 0.305469
0 0.839203 0.397266 0.321594 0.290625
0 0.486389 0.423535 0.36261 0.307617
0 0.845352 0.600391 0.309296 0.278906
0 0.143715 0.760156 0.28743 0.276563
0 0.438087 0.77793 0.331467 0.300391
0 0.492043 0.826563 0.317184 0.29375
0 0.849121 0.845508 0.301758 0.296484
1 0.0598068 0.907031 0.0573273 0.059375
1 0.029829 0.0439453 0.0596581 0.0878906
0 0.15889 0.122754 0.31778 0.245508
0 0.524078 0.119531 0.437988 0.239063
0 0.0548477 0.0998047 0.109695 0.175781
0 0.15155 0.1375 0.303101 0.275
0 0.180908 0.175 0.349915 0.304297
0 0.277313 0.375391 0.330078 0.297656
0 0.333649 0.374414 0.334839 0.310547
0 0.836823 0.428223 0.326355 0.295117
0 0.835632 0.481641 0.328735 0.304688
0 0.787109 0.576953 0.322144 0.296094
0 0.432037 0.630078 0.327698 0.292969
0 0.639526 0.832031 0.338013 0.310937
0 0.53598 0.865234 0.305481 0.269531
1 0.397522 0.898047 0.314209 0.203906
0 0.332012 0.138867 0.39048 0.277734
1 0.496307 0.171875 0.360229 0.285156
0 0.794846 0.330078 0.346344 0.295312
0 0.225937 0.125586 0.397125 0.251172
0 0.590332 0.135156 0.369751 0.270312
0 0.649048 0.173633 0.338013 0.265625
1 0.437988 0.291455 0.365784 0.311621
0 0.637146 0.42666 0.360229 0.30293
0 0.596283 0.898438 0.325317 0.203125
0 0.74585 0.901172 0.31897 0.197656
1 0.481728 0.952344 0.35051 0.0953125
1 0.544312 1 0.0968018 0
1 0.336823 0.977344 0.10791 0.0453125
0 0.421326 0.125 0.440369 0.25
1 0.29834 0.892578 0.327698 0.214844
0 0.798019 0.899609 0.327301 0.200781
1 0.53241 0.947656 0.345947 0.104687
0 0.819168 0.0492188 0.361664 0.0984375
1 0.886414 0.0821289 0.227173 0.164258
0 0.0313416 0.137134 0.0626831 0.189404
0 0.831863 0.149023 0.336273 0.276953
0 0.537567 0.378027 0.372131 0.300195
1 0.282124 0.953516 0.354576 0.0929687
1 0.434021 0.959375 0.342773 0.08125
0 0.32373 0.127539 0.430054 0.255078
0 0.622864 0.124023 0.433228 0.248047
0 0.0556412 0.152124 0.111282 0.175049
1 0.336475 0.957812 0.353783 0.084375
0 0.0770645 0.0384766 0.154129 0.0769531
0 0.533997 0.0512695 0.328491 0.102539
0 0.839203 0.276953 0.321594 0.2875
0 0.839996 0.859766 0.320007 0.280469
0 0.0743866 0.0166504 0.148773 0.0333008
0 0.0561371 0.202002 0.112274 0.175684
0 0.838409 0.224805 0.323181 0.290234
0 0.692688 0.864453 0.331665 0.271094
0 0.72522 0.126758 0.423706 0.253516
1 0.0957108 0.116016 0.191422 0.232031
1 0.552246 0.171777 0.345947 0.272852
0 0.744263 0.174316 0.355469 0.288086
1 0.533302 0.294141 0.361618 0.297656
1 0.687927 0.677344 0.342773 0.29375
0 0.899902 0.833594 0.200195 0.273438
1 0.495514 0.899219 0.313416 0.201562
1 0.112051 0.507422 0.123432 0.125781
0 0.0562363 0.25332 0.112473 0.183203
1 0.15274 0.676953 0.305481 0.286719
1 0.731567 0.94375 0.345947 0.1125
1 0.34079 0.646094 0.0944214 0.0929687
0 0.420532 0.221094 0.0650635 0.0664062
0 0.544312 0.353906 0.0603027 0.0609375
0 0.428864 0.216797 0.0571289 0.0570313
0 0.409424 0.219531 0.0650635 0.0601562
0 0.414978 0.208203 0.0650635 0.0585938
1 0.907715 0.652344 0.123779 0.10625
1 0.982422 0.412891 0.0351562 0.05
0 0.731171 0.494141 0.0499878 0.0578125
1 0.668884 0.619141 0.0809326 0.0726563
0 0.53241 0.348437 0.0460205 0.0511719
1 0.355865 0.0881836 0.117432 0.125977
1 0.968933 0.301562 0.0621338 0.084375
1 0.322937 0.648047 0.0638733 0.0734375
1 0.421326 0.220117 0.0682373 0.0636719
0 0.536377 0.341797 0.0476074 0.0464844
1 0.649841 0.614844 0.0698242 0.0664062
1 0.946594 0.800195 0.0999756 0.112109
1 0.928345 0.647266 0.0856934 0.0960938
1 1 0 0 0
1 0.94104 0.304297 0.104736 0.0921875
1 0.339203 0.646875 0.0983887 0.096875
0 0.422913 0.219922 0.0666504 0.0640625
0 0.414978 0.210742 0.0666504 0.0703125
0 0.407043 0.217578 0.055542 0.0601562
0 0.539154 0.359375 0.0372925 0.0453125
0 0.400299 0.210742 0.0531616 0.0574219
0 0.546692 0.360938 0.0452271 0.0460938
1 0.907715 0.715625 0.123779 0.120312
0 0.405853 0.20293 0.0634766 0.071875
0 0.546692 0.349609 0.0460205 0.0476562
0 0.296356 0.442578 0.0428467 0.0476562
1 0.0939255 0.150293 0.0757751 0.0501953
0 0.534393 0.353125 0.0349121 0.0453125
0 0.547485 0.339844 0.0420532 0.040625
0 0.557007 0.345898 0.0396729 0.0492188
0 0.297546 0.450781 0.0531616 0.0617188
1 0.605408 0.814062 0.142822 0.11875
0 0.430847 0.209375 0.0634766 0.059375
1 0.0627327 0.90625 0.0534592 0.059375
1 0.679993 0.596875 0.0999756 0.1
1 0.349716 0.1 0.125763 0.127344
1 0.422119 0.218555 0.0650635 0.0632813
1 0.665314 0.621875 0.0952148 0.0828125
1 0.49234 0.391406 0.0777588 0.0804688
1 0.340393 0.646094 0.0960083 0.09375
0 0.422119 0.221875 0.0587158 0.0617188
0 0.544312 0.356055 0.0587158 0.0582031
0 0.42926 0.216992 0.0539551 0.0589844
0 0.417358 0.230859 0.055542 0.0539063
1 0.92041 0.301367 0.0539551 0.0628906
0 0.414185 0.20708 0.0650635 0.0725586
0 0.512177 0.45 0.0610962 0.059375
1 0.925964 0.30957 0.0698242 0.0871094
0 0.532013 0.349414 0.0476074 0.0542969
0 0.542725 0.343359 0.0603027 0.0539063
0 0.407738 0.225391 0.0668488 0.0664062
0 0.421326 0.221484 0.0603027 0.0609375
1 0.339996 0.646094 0.0968018 0.09375
0 0.42926 0.217969 0.0571289 0.0582031
0 0.548676 0.352539 0.0690308 0.0699219
1 0.910095 0.652344 0.134888 0.123438
0 0.411804 0.208203 0.0603027 0.0609375
0 0.411804 0.219141 0.0698242 0.0632813
1 0.943542 0.317187 0.112915 0.121875
1 0.931519 0.312891 0.0825195 0.103906
1 0.972504 0.3 0.0549927 0.0835937
1 0.338211 0.647656 0.0987854 0.0921875
0 0.423309 0.220703 0.0571289 0.0554687
0 0.411011 0.216602 0.0682373 0.0574219
0 0.412598 0.205127 0.0634766 0.0608398
0 0.546295 0.35293 0.0587158 0.0613281
1 0.311829 0.0867432 0.0650635 0.0577637
1 0.423309 0.220703 0.0571289 0.0554687
1 0.49234 0.395703 0.0912476 0.0953125
1 0.977661 0.197607 0.0446777 0.0594727
1 0.973694 0.189063 0.0526123 0.0617188
1 0.973694 0.0217773 0.0526123 0.0435547
1 0.490356 0.384375 0.0817261 0.0765625
1 0.300323 0.100195 0.0543518 0.0556641
1 0.976471 0.248633 0.0470581 0.0945313
1 0.964172 0.299219 0.0716553 0.096875
0 0.417358 0.219531 0.0603027 0.0574219
1 0.341583 0.648047 0.0944214 0.0929687
0 0.542725 0.352734 0.0626831 0.0671875
0 0.412994 0.207813 0.0610962 0.053125
0 0.428467 0.214844 0.0507812 0.053125
0 0.40387 0.210938 0.0666504 0.0609375
0 0.288025 0.478125 0.0523682 0.05
0 0.401489 0.198096 0.0595093 0.0538086
0 0.297943 0.475 0.0563354 0.053125
0 0.544312 0.364648 0.0539551 0.0542969
0 0.291992 0.458594 0.0531616 0.053125
0 0.277908 0.476953 0.0543518 0.0515625
0 0.38562 0.19707 0.046814 0.0546875
0 0.293976 0.482812 0.0476074 0.0484375
0 0.384132 0.219922 0.0521698 0.0570313
0 0.547485 0.34375 0.0682373 0.0609375
0 0.421722 0.221094 0.0626831 0.0617188
1 0.339996 0.650781 0.0928345 0.0921875
0 0.548279 0.353516 0.0682373 0.0671875
0 0.411011 0.217969 0.0698242 0.0609375
0 0.557007 0.350195 0.0523682 0.0613281
0 0.411011 0.209375 0.0603027 0.0640625
0 0.270966 0.127539 0.0563354 0.0550781
0 0.729187 0.490625 0.0476074 0.053125
0 0.727997 0.501172 0.0436401 0.0507812
1 0.339005 0.647656 0.0987854 0.096875
0 0.419739 0.219922 0.0603027 0.0585938
0 0.546295 0.350977 0.0698242 0.0722656
0 0.414581 0.208203 0.0610962 0.05625
0 0.428467 0.213672 0.055542 0.059375
0 0.728394 0.482031 0.0539551 0.0515625
0 0.541931 0.342187 0.0666504 0.0609375
0 0.405457 0.211328 0.0706177 0.0628906
0 0.404762 0.200195 0.0632782 0.0605469
1 0.056633 0.907812 0.0716095 0.0703125
1 0.339996 0.649219 0.0975952 0.0914062
0 0.419739 0.222656 0.06427 0.0585938
0 0.410614 0.218555 0.0690308 0.065625
0 0.284454 0.462109 0.0880737 0.0898438
0 0.529236 0.446094 0.0603027 0.0703125
1 0.154327 0.231641 0.0484009 0.0453125
0 0.412598 0.206445 0.0634766 0.0566406
1 0.338806 0.65 0.0960083 0.0921875
0 0.419739 0.219922 0.0603027 0.05625
0 0.430054 0.216797 0.0491943 0.0515625
0 0.405457 0.220508 0.0539551 0.0605469
0 0.418945 0.209375 0.0523682 0.046875
1 0.350708 0.0981445 0.13092 0.125
1 0.341187 0.648438 0.0952148 0.09375
0 0.417358 0.220508 0.0666504 0.0679687
0 0.414185 0.206445 0.0650635 0.0695312
0 0.290405 0.474219 0.0841064 0.0765625
0 0.433624 0.214453 0.0571289 0.0660156
0 0.293976 0.463281 0.100769 0.096875
0 0.544708 0.340625 0.0579224 0.0515625
0 0.424896 0.226758 0.0603027 0.0660156
1 0.341782 0.648438 0.0956116 0.09375
0 0.418945 0.221484 0.0626831 0.0625
1 0.296356 0.168945 0.107117 0.118359
0 0.544312 0.35 0.0626831 0.065625
0 0.426086 0.225781 0.0563354 0.0625
1 0.352493 0.0986572 0.128937 0.124561
0 0.434418 0.215234 0.0539551 0.05625
1 0.338806 0.648438 0.100769 0.096875
0 0.420532 0.219727 0.0603027 0.0578125
0 0.427673 0.215625 0.0539551 0.0554687
0 0.40625 0.216016 0.0539551 0.0601562
0 0.417358 0.210938 0.055542 0.0539063
1 0.288818 0.161719 0.109497 0.10625
1 0.0145798 1 0.0291595 0
0 0.423706 0.227344 0.055542 0.0566406
1 0.3396 0.646094 0.0952148 0.0953125
0 0.419739 0.221094 0.0618896 0.0601562
0 0.407043 0.214453 0.0634766 0.0609375
0 0.42926 0.214844 0.055542 0.0578125
0 0.414978 0.206641 0.0587158 0.0578125
1 0.421722 0.221484 0.0587158 0.0601562
1 1 0.698438 0 0.115625
1 1 0.572656 0 0.11875
1 1 0.599219 0 0.120312
1 1 0.535937 0 0.117969
1 0.338211 0.646094 0.0948181 0.090625
0 0.417358 0.223828 0.0666504 0.065625
0 0.290802 0.439453 0.0396729 0.0390625
0 0.289215 0.44375 0.0484009 0.046875
0 0.292389 0.454297 0.0650635 0.065625
0 0.284058 0.461328 0.0722046 0.0796875
0 0.53717 0.339453 0.0412598 0.04375
0 0.520905 0.813281 0.0484009 0.04375
0 0.412201 0.205469 0.0610962 0.05625
0 0.537964 0.350781 0.046814 0.0601562
0 0.544312 0.338086 0.0491943 0.0394531
0 0.402382 0.208984 0.0632782 0.0609375
0 0.51535 0.817187 0.0380859 0.0375
0 0.530823 0.342383 0.0412598 0.0476562
0 0.500671 0.900781 0.0682373 0.0640625
1 0.339996 0.646875 0.0975952 0.09375
0 0.420135 0.21875 0.0626831 0.0632813
0 0.430054 0.214062 0.0587158 0.0601562
1 0.338211 0.647656 0.096405 0.09375
0 0.421326 0.220313 0.0626831 0.0632813
0 0.430054 0.217578 0.0571289 0.059375
0 0.410614 0.218359 0.0595093 0.0601562
0 0.418152 0.221875 0.0618896 0.0609375
1 0.339203 0.647266 0.0944214 0.0945313
0 0.538361 0.353906 0.0452271 0.0546875
0 0.541931 0.345898 0.0523682 0.0511719
0 0.513763 0.816406 0.0388794 0.0390625
0 0.532013 0.346484 0.0436401 0.0476562
0 0.545898 0.353906 0.0507812 0.0585938
0 0.523682 0.811719 0.0476074 0.053125
0 0.499084 0.815625 0.0460205 0.040625
0 0.414581 0.207422 0.0563354 0.0507812
0 0 0.985937 0 0.028125
0 0.541138 0.362109 0.0476074 0.0476562
1 0.339996 0.65 0.0944214 0.0921875
0 0.420532 0.22207 0.0650635 0.0632813
0 0.416565 0.206445 0.0571289 0.0605469
1 0.340988 0.648438 0.0987854 0.0953125
0 0.420532 0.220703 0.06427 0.0609375
0 0.417358 0.204688 0.0579224 0.0585938
0 0.411407 0.217578 0.06427 0.0617188
0 0.430847 0.216016 0.0571289 0.0578125
0 0.539551 0.817187 0.055542 0.05
1 0.338806 0.646875 0.0960083 0.0953125
0 0.419342 0.221875 0.0626831 0.0625
0 0.407837 0.216797 0.0579224 0.0585938
0 0.290405 0.436719 0.0444336 0.0375
0 0.285843 0.441406 0.051178 0.046875
0 0.413788 0.201758 0.0547485 0.0539063
0 0.533203 0.81875 0.0571289 0.059375
0 0.273544 0.447656 0.0563354 0.05625
0 0.430847 0.214453 0.055542 0.0554687
0 0.280884 0.452734 0.0595093 0.0617188
1 0.338608 0.647266 0.0924377 0.0921875
0 0.421326 0.222266 0.0603027 0.0585938
0 0.414185 0.216602 0.0666504 0.0601562
1 0.981628 0.213672 0.0367432 0.078125
1 0.980042 0.230469 0.039917 0.105469
0 0.417358 0.208984 0.0571289 0.0585938
0 0 0.992188 0 0.015625
0 0.733154 0.49375 0.0476074 0.05625
0 0.43045 0.218164 0.0531616 0.0558594
1 0.421326 0.219922 0.0618896 0.0597656
1 0.980438 0.408496 0.0391235 0.0798828
1 0.982422 0.421875 0.0351562 0.0890625
1 0.339996 0.647266 0.0944214 0.0945313
0 0.421722 0.220313 0.0634766 0.0609375
0 0.272552 0.124609 0.0551453 0.0597656
0 0.411011 0.222266 0.0563354 0.0601562
1 0.338409 0.646875 0.0952148 0.0921875
0 0.420532 0.220508 0.0587158 0.0582031
1 0.420135 0.219922 0.0595093 0.0609375
1 0.339401 0.648047 0.0956116 0.0945313
0 0.421326 0.220703 0.0618896 0.0578125
0 0.413391 0.217578 0.0603027 0.0554687
0 0.0179272 0.400781 0.0358543 0.0484375
0 0.267395 0.126563 0.0571289 0.0597656
0 0.734741 0.494531 0.0476074 0.0546875
1 0.262634 0.979688 0.0579224 0.040625
0 0.646667 0.440625 0.0491943 0.0507812
1 0.34436 0.971875 0.0618896 0.05625
0 0.734741 0.485547 0.0499878 0.0484375
0 0.419739 0.219531 0.0618896 0.0601562
1 0.340393 0.646484 0.0928345 0.0921875
0 0.417358 0.208398 0.0587158 0.05625
1 0.339203 0.646875 0.092041 0.0890625
0 0.419739 0.219922 0.0610962 0.059375
0 0.416168 0.211719 0.0595093 0.0585938
1 0.678406 0.618359 0.0682373 0.06875
1 0.968933 0.0237793 0.0621338 0.0475586
1 0.415375 0.217578 0.0610962 0.0578125
1 0.910889 0.639063 0.0952148 0.084375
1 0.338409 0.647656 0.0944214 0.09375
0 0.417358 0.222266 0.0650635 0.0609375
1 0.340591 0.646094 0.0932312 0.090625
0 0.419739 0.220703 0.06427 0.0609375
1 0.963379 0.0266357 0.0732422 0.0532715
1 0.341385 0.646094 0.0940247 0.0914062
0 0.419739 0.219922 0.0610962 0.0578125
1 0.968933 0.0266113 0.0621338 0.0532227
1 0.34079 0.646094 0.0944214 0.0921875
0 0.418945 0.221484 0.0634766 0.0613281
1 0.965363 0.0260498 0.0692749 0.0520996
0 0.282471 0.457812 0.0690308 0.0734375
1 0.3396 0.648828 0.0952148 0.0929687
0 0.419739 0.220703 0.0674438 0.0648438
1 0.341187 0.646094 0.0952148 0.09375
0 0.418945 0.220703 0.0618896 0.0609375
1 0.341782 0.646875 0.0956116 0.09375
0 0.418945 0.221875 0.0650635 0.0625
1 0.337616 0.646094 0.0944214 0.09375
0 0.419739 0.221875 0.0634766 0.0625
1 0.871216 0.410156 0.0587158 0.053125
1 0.415771 0.219922 0.0634766 0.059375
0 0.871216 0.410156 0.0587158 0.053125
0 0.418152 0.220313 0.0666504 0.0640625
1 0.338013 0.65 0.0944214 0.0953125
1 0.417358 0.219141 0.0634766 0.0609375
1 0 0.0650391 0 0.0882813
1 0 0.290625 0 0.110156
1 0.341583 0.649219 0.0952148 0.0921875
0 0.418152 0.219531 0.0603027 0.059375
1 0.0743866 0.15957 0.0575256 0.0566406
1 0.367966 0.15957 0.109894 0.104297
1 0.3396 0.647656 0.0960083 0.09375
0 0.419342 0.222461 0.0650635 0.0613281
1 0.0730972 0.161426 0.0569305 0.0568359
1 0.337616 0.646484 0.0944214 0.0953125
0 0.420532 0.220898 0.0634766 0.0621094
1 0.07337 0.160938 0.0583687 0.0585938
1 0.421722 0.219727 0.0626831 0.0621094
1 0.340988 0.648438 0.0956116 0.0953125
0 0.418945 0.219531 0.06427 0.0640625
1 0.340591 0.646875 0.0971985 0.0960938
0 0.420135 0.223047 0.0634766 0.0589844
0 0.413391 0.21875 0.0571289 0.0554687
1 0.0751553 0.15918 0.0595589 0.0574219
1 0.413391 0.21875 0.0571289 0.0554687
1 0.339996 0.649609 0.0928345 0.0921875
0 0.420532 0.221484 0.0634766 0.0617188
1 0.96814 0.0307373 0.0637207 0.0614746
0 0.92041 0.156641 0.0476074 0.0515625
1 0.339203 0.646875 0.0983887 0.0953125
0 0.419739 0.221094 0.0634766 0.0617188
1 0.340393 0.647656 0.0960083 0.0960938
0 0.419739 0.221289 0.0650635 0.0652344
1 0.0746841 0.161035 0.0634766 0.0634766
1 0.338806 0.647656 0.0952148 0.0929687
0 0.418945 0.219141 0.0634766 0.0632813
1 0.341385 0.648828 0.0948181 0.09375
0 0.419739 0.218164 0.0658569 0.0636719
1 0.3396 0.648438 0.0952148 0.09375
0 0.418945 0.221289 0.0634766 0.0609375
1 0.075676 0.158789 0.0573273 0.0578125
1 0.199951 0.309375 0.107513 0.129688
1 0.339005 0.648438 0.096405 0.09375
0 0.419342 0.220508 0.0666504 0.0636719
0 0.882324 0.0408203 0.0856934 0.0816406
1 0.0756016 0.160156 0.0578728 0.0585938
1 0.341583 0.646094 0.0975952 0.0953125
0 0.416962 0.216406 0.06427 0.0632813
0 0.407043 0.178125 0.0444336 0.0480469
1 0.339996 0.648438 0.0944214 0.0921875
0 0.418945 0.218555 0.0682373 0.0691406
1 0.339203 0.649219 0.0952148 0.0921875
0 0.417358 0.216406 0.0650635 0.0632813
1 0.339401 0.645312 0.0940247 0.0921875
0 0.418549 0.217773 0.0610962 0.0597656
0 0.485596 0.829687 0.0428467 0.0359375
0 0.414978 0.20625 0.055542 0.0507812
1 0.263824 0.978125 0.0666504 0.04375
1 0.337616 0.649219 0.0944214 0.0921875
0 0.418945 0.218359 0.0603027 0.059375
0 0.484802 0.828125 0.0428467 0.0375
1 0.261444 0.977344 0.0650635 0.0453125
1 0.418945 0.217969 0.0603027 0.0585938
0 0.499481 0.828125 0.0412598 0.040625
0 0.596283 0.778906 0.0388794 0.0421875
1 0.3396 0.65 0.0968018 0.0921875
0 0.419342 0.219141 0.0626831 0.059375
0 0.420135 0.220898 0.0634766 0.0613281
1 0.34079 0.65 0.0944214 0.0921875
1 0.3396 0.647656 0.0952148 0.09375
0 0.418945 0.218359 0.0618896 0.0589844
1 0.416565 0.216211 0.0610962 0.0582031
1 0.25827 0.977344 0.0539551 0.0453125
1 0.339401 0.647656 0.0948181 0.09375
0 0.418945 0.217187 0.0634766 0.0617188
1 0.415771 0.216406 0.0650635 0.0625
1 0.338806 0.649609 0.0944214 0.0929687
0 0.417755 0.218555 0.0626831 0.0628906
1 0.34079 0.649219 0.0944214 0.0929687
0 0.418152 0.217578 0.0666504 0.0640625
1 0.338806 0.650781 0.0936279 0.09375
0 0.418945 0.218945 0.0634766 0.0613281
0 0.414185 0.197656 0.0444336 0.0472656
1 0.417358 0.216797 0.0618896 0.0582031
1 0.340591 0.644531 0.0948181 0.0929687
0 0.418152 0.218555 0.0650635 0.0617188
1 0.631195 0.625391 0.0944214 0.105469
0 0.416168 0.198047 0.0436401 0.046875
1 0.341583 0.649219 0.0944214 0.09375
0 0.419739 0.218164 0.0634766 0.0628906
1 0.34079 0.651563 0.0952148 0.09375
0 0.419739 0.219141 0.0666504 0.0671875
1 0.540344 0.8125 0.0476074 0.053125
1 0.341583 0.646484 0.0960083 0.0945313
0 0.419739 0.218945 0.0666504 0.0621094
1 0.340393 0.646484 0.0968018 0.0960938
0 0.420532 0.219531 0.0634766 0.0617188
1 0.422119 0.218359 0.0618896 0.0625
0 0.418945 0.221094 0.0634766 0.0636719
1 0.341385 0.65 0.0948181 0.09375
0 0.291199 0.214453 0.0761719 0.0710938
1 0.340988 0.648047 0.0948181 0.0929687
0 0.418945 0.218555 0.0603027 0.0601562
0 0.296356 0.210547 0.0690308 0.0671875
0 0.288422 0.216992 0.0777588 0.0667969
0 0.409424 0.178857 0.0420532 0.0485352
1 0.34198 0.648828 0.0944214 0.0929687
0 0.418945 0.219531 0.0634766 0.0632813
0 0.295364 0.211914 0.0670471 0.0605469
1 0.342773 0.648438 0.0936279 0.0921875
0 0.418945 0.216602 0.0634766 0.0632813
1 0.340591 0.650391 0.0948181 0.0945313
0 0.418945 0.217187 0.0634766 0.0632813
1 0.34079 0.651953 0.0936279 0.09375
0 0.418549 0.221875 0.0626831 0.0617188
0 0.260651 0.135059 0.0769653 0.0712891
1 0.342773 0.648438 0.0952148 0.09375
0 0.420532 0.220508 0.0618896 0.0617188
1 0.290405 0.2125 0.0817261 0.0726563
1 0.340393 0.646094 0.0960083 0.09375
0 0.420532 0.218555 0.0618896 0.0601562
1 0.342377 0.646094 0.0952148 0.0921875
0 0.419739 0.217187 0.0634766 0.0632813
1 0.342575 0.648438 0.0932312 0.0921875
0 0.417358 0.216797 0.0610962 0.0601562
1 0.3396 0.646094 0.0968018 0.0929687
0 0.418945 0.218164 0.0618896 0.0621094
1 0.152245 0.228125 0.0513763 0.05
1 0.340195 0.652344 0.0948181 0.0945313
0 0.418152 0.220313 0.0618896 0.0617188
1 0.339996 0.650781 0.0952148 0.090625
0 0.420929 0.219727 0.0626831 0.0625
0 0.534393 0.810938 0.0523682 0.053125
0 0.137566 0.320703 0.0382843 0.0386719
0 0.53479 0.811719 0.0444336 0.0421875
1 0.0722294 0.160547 0.0658073 0.0648438
1 0.667297 0.970703 0.0825195 0.0585938
1 0.871216 0.805469 0.0793457 0.0890625
0 0.40863 0.177344 0.0484009 0.0550781
1 0.340591 0.650781 0.0971985 0.09375
0 0.418945 0.217969 0.0650635 0.0632813
1 0.0725765 0.159668 0.0730476 0.0685547
0 0.53479 0.8125 0.0507812 0.053125
1 0.342773 0.650781 0.0952148 0.090625
0 0.418945 0.21875 0.0618896 0.0585938
0 0.541534 0.357422 0.055542 0.0546875
1 0.341583 0.646875 0.0960083 0.0953125
0 0.419739 0.219141 0.0618896 0.0617188
0 0.419739 0.219922 0.0626831 0.0617188
1 0.34198 0.652344 0.0904541 0.0890625
1 0.34317 0.650391 0.0928345 0.0929687
0 0.419739 0.217773 0.0650635 0.0652344
1 0.343765 0.653125 0.0868835 0.090625
0 0.418945 0.219141 0.0650635 0.0632813
1 0.151749 0.232031 0.0495911 0.0492188
1 0.340393 0.650781 0.0936279 0.09375
0 0.418152 0.218359 0.0650635 0.0640625
1 0.153336 0.226758 0.0535583 0.053125
1 0.418549 0.220313 0.0634766 0.0625
1 0.346542 0.978906 0.0531616 0.0421875
1 0.97052 0.315234 0.05896 0.0859375
1 0.341187 0.65 0.0944214 0.09375
0 0.418152 0.219922 0.0603027 0.059375
1 0.34198 0.652344 0.0936279 0.0921875
0 0.418945 0.219727 0.0603027 0.0601562
1 0.345551 0.979297 0.0575256 0.0414063
0 0.291199 0.214453 0.0761719 0.0664062
1 0.341782 0.654688 0.0940247 0.0945313
0 0.418549 0.21875 0.0634766 0.0621094
1 0.342972 0.653906 0.0916443 0.0921875
0 0.417358 0.217969 0.0650635 0.0648438
0 0.289215 0.216406 0.0722046 0.0664062
1 0.416962 0.217578 0.0658569 0.0632813
1 0.342773 0.653125 0.0936279 0.09375
0 0.417755 0.217969 0.0634766 0.0625
1 0.416168 0.216797 0.0626831 0.0609375
0 0.292389 0.211719 0.0769653 0.0671875
1 0.342972 0.650391 0.0956116 0.0953125
0 0.418152 0.218164 0.0626831 0.0621094
0 0.416962 0.21875 0.0618896 0.0617188
1 0.341782 0.654688 0.0940247 0.09375
1 0.342377 0.651172 0.0928345 0.0929687
0 0.418549 0.217187 0.0610962 0.0609375
1 0.072403 0.161816 0.0674438 0.0646484
1 0.343567 0.978906 0.0531616 0.0421875
1 0.139549 0.32832 0.0478058 0.0480469
1 0.0205307 0.295703 0.0410614 0.0828125
1 0.342377 0.650781 0.0936279 0.09375
0 0.420532 0.216797 0.0587158 0.0585938
1 0.342773 0.65 0.0928345 0.0921875
0 0.418152 0.218359 0.0618896 0.0613281
1 0.158691 0.223828 0.0749817 0.0609375
1 0.341385 0.651563 0.0948181 0.090625
0 0.418152 0.219336 0.0634766 0.0621094
1 0.343369 0.654688 0.0916443 0.0921875
0 0.417358 0.219141 0.0634766 0.0636719
0 0.420532 0.219141 0.0603027 0.0609375
1 0.343567 0.655469 0.092041 0.0921875
1 0.341583 0.652344 0.0928345 0.090625
0 0.419739 0.217187 0.0610962 0.0617188
1 0.343567 0.651563 0.092041 0.0914062
0 0.418945 0.21543 0.0634766 0.0625
0 0.863281 0.0345703 0.0587158 0.0583984
1 0.345551 0.654297 0.0856934 0.0875
0 0.418945 0.214453 0.0618896 0.0609375
0 0.861694 0.035791 0.0523682 0.0544922
0 0.207886 0.470313 0.06427 0.0640625
0 0.413391 0.197461 0.0515747 0.0472656
1 0.342773 0.653906 0.092041 0.090625
0 0.419342 0.219336 0.0603027 0.0585938
0 0.413788 0.200391 0.0452271 0.0460938
1 0.340393 0.653516 0.0936279 0.0914062
0 0.419739 0.217578 0.0595093 0.0585938
0 0.413391 0.201367 0.0476074 0.0449219
1 0.342773 0.653906 0.0912476 0.0921875
0 0.419739 0.219141 0.0595093 0.0585938
1 0.535583 0.811719 0.0571289 0.05625
1 0.34436 0.654688 0.0896606 0.090625
0 0.417358 0.217969 0.0603027 0.0609375
0 0.418945 0.216797 0.0603027 0.0597656
1 0.343567 0.657812 0.0888672 0.0890625
1 0.344162 0.654297 0.0908508 0.0921875
0 0.417358 0.217969 0.0618896 0.0601562
1 0.417358 0.217969 0.0618896 0.0601562
1 0.345947 0.652344 0.0880737 0.0914062
0 0.418945 0.218359 0.0618896 0.0609375
1 0.345154 0.652344 0.0912476 0.090625
0 0.417358 0.218359 0.0603027 0.0585938
1 0.342377 0.650781 0.0936279 0.090625
0 0.416962 0.218359 0.0626831 0.0609375
1 0.34317 0.649219 0.0936279 0.0914062
0 0.419342 0.219336 0.0610962 0.0609375
1 0.34198 0.651563 0.0936279 0.0921875
0 0.420135 0.217578 0.0603027 0.0601562
1 0.345551 0.651172 0.092041 0.0921875
0 0.418945 0.218359 0.0603027 0.0601562
1 0.347534 0.978906 0.06427 0.0421875
1 0.345154 0.651953 0.0880737 0.0898438
0 0.418152 0.215234 0.0618896 0.059375
1 0.346146 0.978906 0.0563354 0.0421875
1 0.34436 0.651563 0.0928345 0.09375
0 0.418549 0.21875 0.0610962 0.0609375
1 0.344757 0.651563 0.0928345 0.0921875
0 0.418945 0.219727 0.0634766 0.0617188
1 0.345154 0.651172 0.0928345 0.0929687
0 0.418152 0.218359 0.0634766 0.0625
1 0.343765 0.650781 0.0940247 0.09375
0 0.419739 0.219922 0.0618896 0.0609375
1 0.0861893 1 0.0882721 0
1 0.343567 0.648438 0.092041 0.0921875
0 0.418152 0.219531 0.0626831 0.0617188
0 0.861694 0.029248 0.0571289 0.0584961
1 0.34317 0.650391 0.0936279 0.0914062
0 0.417755 0.218555 0.0626831 0.0617188
1 0.345947 0.648047 0.0928345 0.0929687
0 0.417358 0.217578 0.0634766 0.0617188
1 0.344757 0.649609 0.0944214 0.0945313
0 0.418549 0.217773 0.0658569 0.0628906
1 0.344162 0.65 0.0924377 0.0921875
0 0.420135 0.217969 0.0618896 0.0605469
1 0.343567 0.650391 0.0952148 0.0945313
0 0.419739 0.216992 0.0603027 0.0601562
1 0.343964 0.652344 0.092041 0.0921875
0 0.420532 0.216797 0.0610962 0.0601562
1 0.345154 0.651563 0.0912476 0.090625
0 0.420929 0.219531 0.0603027 0.059375
1 0.345154 0.654688 0.0936279 0.0953125
0 0.421722 0.21875 0.0610962 0.0609375
1 0.347534 0.978125 0.0618896 0.04375
1 0.34436 0.653125 0.0936279 0.0921875
0 0.420532 0.217383 0.0603027 0.0597656
0 0.863281 0.0347534 0.0523682 0.0500244
1 0.344757 0.651563 0.092041 0.090625
0 0.418549 0.219141 0.0626831 0.0617188
1 0.34436 0.651563 0.0936279 0.0921875
0 0.418945 0.218359 0.0634766 0.0628906
1 0.34317 0.652344 0.0944214 0.0929687
0 0.419739 0.220313 0.0618896 0.0625
1 0.344162 0.652344 0.0932312 0.0914062
0 0.417755 0.218945 0.0634766 0.0617188
1 0.34436 0.652344 0.092041 0.090625
0 0.416962 0.218359 0.0634766 0.0617188
1 0.342377 0.652344 0.0944214 0.0921875
0 0.419739 0.21875 0.0603027 0.0601562
1 0.34317 0.652344 0.0936279 0.0921875
0 0.421326 0.218555 0.0603027 0.059375
1 0.343567 0.653125 0.0936279 0.0921875
0 0.418152 0.217773 0.06427 0.0625
1 0.34317 0.653125 0.0928345 0.090625
0 0.418152 0.217773 0.0650635 0.0636719
1 0.34317 0.654688 0.0944214 0.090625
0 0.420135 0.219141 0.0626831 0.0617188
1 0.155121 0.224609 0.0595093 0.0601562
1 0.345154 0.653906 0.0928345 0.090625
0 0.417755 0.217773 0.06427 0.0625
1 0.344757 0.655469 0.0928345 0.090625
0 0.416565 0.218359 0.0666504 0.0640625
1 0.343765 0.654688 0.0932312 0.0921875
0 0.420135 0.218359 0.0618896 0.0609375
1 0.342972 0.653906 0.0940247 0.09375
0 0.418549 0.215625 0.0634766 0.0617188
1 0.342773 0.655078 0.0944214 0.0929687
0 0.418945 0.216797 0.0618896 0.0601562
1 0.96933 0.310547 0.0613403 0.0851562
1 0.34317 0.653125 0.092041 0.0921875
0 0.418549 0.217187 0.0626831 0.0601562
1 0.342377 0.653906 0.092041 0.090625
0 0.418945 0.218359 0.0618896 0.0601562
1 0.34436 0.655078 0.0904541 0.0914062
0 0.419342 0.217969 0.0618896 0.0601562
1 0.349915 0.979297 0.06427 0.0414063
1 0.344757 0.655469 0.0928345 0.0921875
0 0.418549 0.217187 0.06427 0.0628906
1 0.342575 0.654688 0.0924377 0.0921875
0 0.419739 0.218359 0.0618896 0.0617188
1 0.343567 0.653125 0.092041 0.090625
0 0.419739 0.217187 0.0634766 0.0621094
1 0.368759 0.160352 0.107513 0.111328
1 0.344559 0.651953 0.0916443 0.0914062
0 0.418945 0.217187 0.0634766 0.0625
1 0.364594 0.177344 0.12616 0.133594
1 0.368362 0.15918 0.105927 0.10625
1 0.342377 0.653906 0.0928345 0.0914062
0 0.419739 0.217969 0.0618896 0.0617188
1 0.342773 0.653125 0.0936279 0.0929687
0 0.418945 0.216992 0.0618896 0.0617188
1 0.349915 0.977734 0.0634766 0.0445312
1 0.342377 0.653125 0.0928345 0.0921875
0 0.418945 0.217187 0.0634766 0.0609375
1 0.34436 0.652734 0.0928345 0.0929687
0 0.418945 0.217578 0.0634766 0.0625
0 0.40625 0.181299 0.0523682 0.0639648
1 0.34317 0.652344 0.0928345 0.0921875
0 0.420929 0.219141 0.0618896 0.0609375
1 0.343964 0.653906 0.0944214 0.09375
0 0.420532 0.219336 0.0610962 0.0605469
1 0.345154 0.653125 0.0928345 0.0921875
0 0.420532 0.219531 0.0610962 0.0601562
1 0.345154 0.653906 0.0928345 0.090625
0 0.421326 0.21875 0.0603027 0.059375
1 0.344757 0.653516 0.0928345 0.0914062
0 0.421326 0.21875 0.0603027 0.0597656
1 0.367172 0.158203 0.10434 0.103125
1 0.343765 0.654688 0.0940247 0.09375
0 0.420929 0.217187 0.0610962 0.0609375
1 0.343964 0.653906 0.0928345 0.0921875
0 0.419739 0.217969 0.0618896 0.0613281
1 0.343964 0.653906 0.0928345 0.090625
0 0.419739 0.217578 0.0618896 0.0601562
1 0.343964 0.653906 0.0928345 0.090625
0 0.419342 0.217187 0.0610962 0.0597656
1 0.342972 0.653906 0.0924377 0.090625
0 0.419342 0.216797 0.0610962 0.059375
1 0.347534 0.978125 0.0610962 0.04375
1 0.34317 0.653516 0.0936279 0.0914062
0 0.418945 0.217187 0.0618896 0.0609375
1 0.342773 0.654297 0.0936279 0.0914062
0 0.420532 0.217969 0.0610962 0.0605469
1 0.342377 0.654688 0.0928345 0.090625
0 0.420532 0.218359 0.0603027 0.0597656
1 0.342972 0.653125 0.0932312 0.090625
0 0.419739 0.217969 0.0603027 0.0601562
1 0.34317 0.653906 0.0936279 0.0921875
0 0.419739 0.217383 0.0603027 0.0601562
1 0.342178 0.653125 0.0932312 0.0914062
0 0.420532 0.217383 0.0603027 0.059375
1 0.34317 0.654688 0.0928345 0.0921875
0 0.420532 0.217969 0.0603027 0.0601562
1 0.342773 0.653906 0.0936279 0.090625
0 0.420532 0.217578 0.0610962 0.0601562
1 0.342575 0.653125 0.0932312 0.090625
0 0.420532 0.217969 0.0603027 0.0601562
1 0.34317 0.653906 0.0928345 0.0921875
0 0.419739 0.217969 0.0618896 0.0609375
1 0.342377 0.653125 0.0928345 0.0921875
0 0.419739 0.217969 0.0603027 0.0601562
1 0.342575 0.653906 0.0932312 0.0921875
0 0.420532 0.218359 0.0603027 0.059375
1 0.343567 0.653516 0.0928345 0.0914062
0 0.420532 0.218164 0.0610962 0.0597656
1 0.342773 0.653516 0.0936279 0.0921875
0 0.420532 0.218359 0.0603027 0.0597656
0 0.407043 0.180127 0.0491943 0.0631836
1 0.34317 0.652734 0.0928345 0.0914062
0 0.420929 0.217969 0.0603027 0.0601562
0 0.407043 0.179102 0.0476074 0.0613281
1 0.342377 0.653125 0.0936279 0.0921875
0 0.420532 0.218555 0.0603027 0.0597656
0 0.405457 0.178516 0.0507812 0.0617188
1 0.342575 0.653125 0.0940247 0.0921875
0 0.420929 0.217969 0.0610962 0.0601562
1 0.342773 0.653125 0.0928345 0.0921875
0 0.420135 0.218555 0.0610962 0.0605469
1 0.342377 0.653125 0.0936279 0.0921875
0 0.420532 0.21875 0.0603027 0.0601562
1 0.34317 0.652734 0.0936279 0.0921875
0 0.420929 0.218359 0.0603027 0.059375
1 0.342377 0.653125 0.0928345 0.0921875
0 0.420929 0.218359 0.0603027 0.0601562
1 0.342377 0.653125 0.0936279 0.0921875
0 0.419739 0.218359 0.0618896 0.0609375
0 0.40625 0.179688 0.0476074 0.0617188
0 0.40863 0.188721 0.0476074 0.0647461
1 0.342377 0.653125 0.0936279 0.0921875
0 0.420135 0.218359 0.0610962 0.0601562
0 0.40625 0.180029 0.0476074 0.0625977
1 0.342972 0.653125 0.0932312 0.0921875
0 0.419739 0.218555 0.0618896 0.0605469
0 0.40625 0.180078 0.0476074 0.0617188
1 0.342773 0.652734 0.0936279 0.0921875
0 0.419739 0.218555 0.0610962 0.0601562
0 0.40625 0.179883 0.0476074 0.0625
1 0.342377 0.652344 0.0936279 0.0921875
0 0.419739 0.218359 0.0618896 0.0601562
0 0.40625 0.180029 0.0476074 0.0625977
1 0.34317 0.652344 0.0936279 0.0921875
0 0.419739 0.218555 0.0618896 0.0601562
1 0.342773 0.652344 0.0936279 0.0921875
0 0.419739 0.218359 0.0618896 0.0605469
1 0.342773 0.652344 0.0936279 0.0921875
0 0.419739 0.218359 0.0618896 0.0601562
1 0.342773 0.652344 0.0936279 0.0921875
0 0.419739 0.218555 0.0618896 0.0605469
1 0.342773 0.652344 0.0936279 0.0921875
0 0.419739 0.218555 0.0618896 0.0605469
1 0.339996 0.646484 0.0944214 0.0929687
0 0.418945 0.221484 0.0634766 0.0613281
0 0.303497 0.457031 0.0845032 0.0796875
0 0.423706 0.214648 0.0603027 0.0566406
1 0.965363 0.0260742 0.0692749 0.0521484
0 0.282471 0.457812 0.0690308 0.0734375
