1 0.545105 0.520312 0.104736 0.104687
0 0.203869 0.130762 0.0746841 0.0572266
0 0.557129 0.278516 0.885742 0.557031
0 0.453461 0.342969 0.906921 0.685938
1 0.475677 0.192383 0.864075 0.384766
0 0.526855 0.183594 0.863281 0.367188
1 0.453461 0.342969 0.906921 0.685938
1 0.518127 0.161914 0.885498 0.323828
1 0.557129 0.278516 0.885742 0.557031
0 0.459015 0.291992 0.675232 0.430078
1 0.560303 0.23125 0.879395 0.4625
0 0.390381 0.26543 0.780762 0.530859
1 0.553436 0.182812 0.832336 0.365625
0 0.416962 0.238281 0.561768 0.476562
0 0.200794 0.139355 0.0824203 0.0654297
1 0.459015 0.291992 0.675232 0.430078
1 0.466156 0.292578 0.718079 0.585156
0 0.466156 0.292578 0.718079 0.585156
0 0.317036 0.401172 0.395836 0.414844
1 0.355865 0.138379 0.653809 0.276758
0 0.749542 0.641309 0.500916 0.589258
0 0.560303 0.23125 0.879395 0.4625
1 0.520905 0.376563 0.85614 0.753125
1 0.232136 0.101782 0.152245 0.159326
0 0.250732 0.0998291 0.226135 0.168311
0 0.496307 0.251953 0.618103 0.503906
1 0.723358 0.640723 0.553284 0.631055
0 0.409424 0.209375 0.818848 0.41875
0 0.407043 0.174805 0.671265 0.319141
1 0.250732 0.0998291 0.226135 0.168311
0 0.296803 0.533984 0.39901 0.358594
1 0.296803 0.533984 0.39901 0.358594
1 0.291794 0.0916992 0.278107 0.176758
1 0.397919 0.217383 0.795837 0.434766
0 0.232136 0.101782 0.152245 0.159326
0 0.338806 0.476465 0.315796 0.298633
0 0.774536 0.64375 0.450928 0.5625
0 0.298737 0.250977 0.422119 0.338672
0 0.478455 0.185352 0.564941 0.370703
1 0.791992 0.620703 0.416016 0.427344
0 0.376099 0.153125 0.752197 0.30625
0 0.699432 0.673437 0.473694 0.321875
1 0.964966 0.132129 0.0700684 0.252148
1 0.251526 0.242188 0.248352 0.407813
0 0.276718 0.203516 0.359039 0.379687
0 0.560181 0.319922 0.818848 0.639844
1 0.699432 0.673437 0.473694 0.321875
1 0.555817 0.489062 0.116638 0.178125
0 0.595093 0.696094 0.376099 0.260938
1 0.868759 0.411328 0.262482 0.28125
0 0.13092 0.0255371 0.261841 0.0510742
1 0.376099 0.153125 0.752197 0.30625
1 0.407043 0.174805 0.671265 0.319141
1 0.873322 0.159375 0.253357 0.278906
1 0.338806 0.476465 0.315796 0.298633
0 0.446617 0.505859 0.385818 0.329688
1 0.446617 0.505859 0.385818 0.329688
1 0.451874 0.507031 0.402283 0.2375
0 0.872131 0.839258 0.255737 0.318359
0 0.857651 0.967188 0.284698 0.065625
0 0.86142 0.146875 0.277161 0.251563
1 0.741211 0.658594 0.517578 0.459375
1 0.846741 0.079248 0.306519 0.158496
0 0.653015 0.4 0.445923 0.33125
0 0.565338 0.732031 0.379272 0.317187
0 0.689514 0.752344 0.550659 0.401563
1 0.366974 0.196875 0.733948 0.39375
0 0.193802 0.263086 0.387604 0.447266
1 0.464172 0.4625 0.561768 0.344531
1 0.970123 0.0538574 0.0597534 0.107715
1 0.688721 0.430859 0.396729 0.285156
0 0.794769 0.547656 0.410461 0.29375
0 0.492043 0.586328 0.512375 0.447656
1 0.653015 0.4 0.445923 0.33125
1 0.972504 0.401172 0.0549927 0.232031
0 0.163551 0.502344 0.327103 0.6125
0 0.824921 0.0672852 0.350159 0.13457
1 0.966156 0.386328 0.067688 0.205469
0 0.54203 0.528125 0.420334 0.190625
0 0.291794 0.0916992 0.278107 0.176758
1 0.193802 0.263086 0.387604 0.447266
0 0.464172 0.4625 0.561768 0.344531
0 0.555817 0.489062 0.116638 0.178125
1 0.492043 0.586328 0.512375 0.447656
1 0.429657 0.603125 0.51178 0.551562
0 0.556213 0.627344 0.439575 0.484375
0 0.765686 0.14707 0.372925 0.237109
0 0.836029 0.530469 0.327942 0.246875
1 0.608582 0.666406 0.334839 0.276563
1 0.317036 0.401172 0.395836 0.414844
1 0.869751 0.11875 0.260498 0.2375
0 0.263428 0.470313 0.458618 0.574219
1 0.330276 0.539844 0.336029 0.298438
0 0.627625 0.571094 0.334839 0.279687
0 0.78009 0.0388672 0.439819 0.0777344
0 0.17223 0.814844 0.328392 0.276563
0 0.865585 0.952344 0.268829 0.0953125
1 0.0916443 0.876172 0.183289 0.247656
1 0.497498 0.49375 0.433228 0.1625
1 0.556213 0.627344 0.439575 0.484375
0 0.961792 0.842383 0.076416 0.302734
0 0.970123 0.0538574 0.0597534 0.107715
1 0.389984 0.191406 0.490356 0.382812
0 0.701019 0.457129 0.556213 0.285742
0 0.466454 0.624219 0.603226 0.576563
1 0.132111 0.914844 0.264221 0.170312
0 0.154922 0.131934 0.309845 0.263867
1 0.416962 0.238281 0.561768 0.476562
0 0.497498 0.49375 0.433228 0.1625
1 0.54203 0.528125 0.420334 0.190625
1 0.963379 0.791992 0.0732422 0.328516
1 0.627625 0.571094 0.334839 0.279687
0 0.340393 0.0854492 0.514954 0.170898
0 0.760651 0.531641 0.478699 0.377344
1 0.198364 0.128906 0.396729 0.148828
0 0.688721 0.430859 0.396729 0.285156
0 0.330276 0.539844 0.336029 0.298438
0 0.44751 0.730469 0.495911 0.390625
1 0.171585 0.817969 0.323334 0.295312
0 0.132111 0.914844 0.264221 0.170312
1 0.0184975 0.154102 0.0369949 0.308203
1 0.340393 0.0854492 0.514954 0.170898
1 0.968536 0.0928711 0.0629272 0.185742
0 0.846741 0.079248 0.306519 0.158496
0 0.198364 0.128906 0.396729 0.148828
0 0.965759 0.402734 0.0684814 0.228125
0 0.312225 0.587891 0.481628 0.471094
0 0.263428 0.0208984 0.526855 0.0417969
0 0.510094 0.0312744 0.411209 0.0625488
0 0.632385 0.0260254 0.417358 0.0520508
0 0.602631 0.755859 0.443542 0.407031
0 0.549469 0.0274414 0.559387 0.0548828
0 0.78862 0.477441 0.42276 0.26543
0 0.973297 0.183545 0.0534058 0.28291
1 0.565338 0.732031 0.379272 0.317187
1 0.795959 0.739453 0.408081 0.410156
1 0.102058 0.796094 0.204117 0.407813
0 0.0718079 0.111914 0.143616 0.223828
0 0.399109 0.0510742 0.420532 0.102148
0 0.389984 0.191406 0.490356 0.382812
0 0.180115 0.401563 0.360229 0.536719
0 0.737915 0.773438 0.331665 0.401563
0 0.0916443 0.876172 0.183289 0.247656
1 0.177139 0.920313 0.354279 0.159375
0 0.176941 0.353125 0.353882 0.653125
0 0.864197 0.400781 0.271606 0.234375
0 0.445923 0.798437 0.334045 0.260938
0 0.784851 0.61875 0.430298 0.401563
0 0.459015 0.110742 0.61969 0.221484
1 0.234467 0.480469 0.468933 0.541406
0 0.491249 0.759766 0.30925 0.333594
0 0.734741 0.760156 0.241211 0.317187
0 0.963379 0.876953 0.0732422 0.246094
1 0.824921 0.0672852 0.350159 0.13457
1 0.459015 0.110742 0.61969 0.221484
0 0.512177 0.444141 0.476868 0.257031
0 0.479347 0.804492 0.242599 0.259766
0 0.251526 0.242188 0.248352 0.407813
1 0.101959 0.453125 0.203918 0.903125
1 0.559486 0.420996 0.732956 0.343945
0 0.739502 0.6125 0.501465 0.459375
1 0.334045 0.589063 0.431641 0.432813
1 0.689514 0.752344 0.550659 0.401563
0 0.451874 0.507031 0.402283 0.2375
0 0.801315 0.547266 0.397369 0.489844
0 0.0184975 0.154102 0.0369949 0.308203
0 0.159088 0.216016 0.318176 0.385156
0 0.276718 0.665625 0.532806 0.553125
0 0.186066 0.792188 0.364197 0.359375
1 0.0623856 0.201562 0.124771 0.403125
1 0.276718 0.203516 0.359039 0.379687
0 0.630798 0.187695 0.698242 0.256641
0 0.101959 0.453125 0.203918 0.903125
0 0.221771 0.29458 0.296753 0.39209
0 0.671661 0.37959 0.467346 0.217383
1 0.794769 0.547656 0.410461 0.29375
1 0.801315 0.547266 0.397369 0.489844
0 0.771957 0.684375 0.456085 0.3875
0 0.714111 0.13728 0.417358 0.18833
1 0.973297 0.183545 0.0534058 0.28291
1 0.836029 0.530469 0.327942 0.246875
0 0.163155 0.920703 0.326309 0.158594
1 0.179619 0.403125 0.359238 0.80625
0 0.861221 0.459277 0.277557 0.231445
1 0.512177 0.444141 0.476868 0.257031
0 0.813614 0.857422 0.372772 0.285156
1 0.0718079 0.111914 0.143616 0.223828
1 0.298737 0.250977 0.422119 0.338672
0 0.25351 0.389062 0.399109 0.56875
0 0.714905 0.168359 0.51416 0.203906
1 0.836426 0.158105 0.327148 0.225195
0 0.157204 0.460156 0.314407 0.817187
1 0.701019 0.457129 0.556213 0.285742
1 0.760651 0.531641 0.478699 0.377344
1 0.0966034 0.696875 0.193207 0.60625
0 0.964966 0.132129 0.0700684 0.252148
0 0.136673 0.540234 0.273346 0.794531
1 0.172577 0.864062 0.316589 0.175
1 0.857651 0.967188 0.284698 0.065625
1 0.13092 0.0255371 0.261841 0.0510742
1 0.9729 0.621094 0.0541992 0.242969
1 0.269775 0.920313 0.499878 0.159375
1 0.084404 0.307031 0.168808 0.614062
0 0.738312 0.4125 0.454651 0.238281
1 0.9729 0.446484 0.0541992 0.286719
0 0.360031 0.633984 0.508209 0.491406
0 0.553436 0.182812 0.832336 0.365625
0 0.972107 0.419922 0.0557861 0.277344
0 0.241409 0.550879 0.482819 0.39668
0 0.711731 0.490625 0.445923 0.195312
0 0.737244 0.694531 0.525513 0.464063
0 0.772827 0.88125 0.363403 0.1875
0 0.691101 0.113867 0.469727 0.227734
1 0.939972 0.709766 0.120056 0.371094
1 0.23526 0.685547 0.47052 0.535156
0 0.326508 0.787305 0.351501 0.266016
1 0.857849 0.839063 0.284302 0.284375
0 0.249939 0.803906 0.476074 0.332812
1 0.362213 0.921094 0.448303 0.157813
0 0.115051 0.371875 0.230103 0.74375
1 0.566429 0.262305 0.723831 0.524609
1 0.78862 0.477441 0.42276 0.26543
0 0.9729 0.621094 0.0541992 0.242969
0 0.355865 0.138379 0.653809 0.276758
1 0.180115 0.401563 0.360229 0.536719
1 0.711731 0.490625 0.445923 0.195312
0 0.374512 0.692969 0.453857 0.428125
1 0.78009 0.0388672 0.439819 0.0777344
0 0.972504 0.358398 0.0549927 0.150391
0 0.855072 0.371094 0.289856 0.18125
1 0.163551 0.502344 0.327103 0.6125
0 0.380066 0.799805 0.433228 0.291016
0 0.788895 0.760938 0.301117 0.36875
1 0.963379 0.876953 0.0732422 0.246094
0 0.272156 0.112891 0.544312 0.210156
1 0.766998 0.665234 0.466003 0.564844
1 0.813614 0.857422 0.372772 0.285156
0 0.084404 0.307031 0.168808 0.614062
1 0.972504 0.358398 0.0549927 0.150391
0 0.630798 0.44209 0.265015 0.256445
0 0.115547 0.238281 0.231094 0.476562
1 0.0866852 0.584766 0.17337 0.746094
1 0.772827 0.88125 0.363403 0.1875
0 0.88443 0.954687 0.23114 0.090625
1 0.783142 0.173828 0.393555 0.183203
0 0.939972 0.709766 0.120056 0.371094
1 0.128441 0.833008 0.256882 0.324609
1 0.88443 0.954687 0.23114 0.090625
1 0.263428 0.0208984 0.526855 0.0417969
0 0.454651 0.109375 0.509399 0.21875
1 0.602631 0.755859 0.443542 0.407031
0 0.0966034 0.696875 0.193207 0.60625
0 0.101364 0.192578 0.202728 0.385156
1 0.284653 0.131543 0.569305 0.263086
1 0.115547 0.238281 0.231094 0.476562
1 0.115051 0.371875 0.230103 0.74375
0 0.170792 0.678516 0.341583 0.521094
1 0.173073 0.903125 0.346146 0.170312
0 0.793457 0.112793 0.412598 0.225586
0 0.869751 0.11875 0.260498 0.2375
0 0.606598 0.233545 0.649841 0.275098
0 0.169205 0.859375 0.328094 0.1875
0 0.164345 0.905469 0.32869 0.16875
0 0.128441 0.833008 0.256882 0.324609
1 0.138458 0.514844 0.276917 0.814062
1 0.44751 0.730469 0.495911 0.390625
1 0.249939 0.845117 0.455444 0.284766
0 0.33345 0.833594 0.36618 0.26875
0 0.447609 0.807813 0.310837 0.189063
1 0.865585 0.952344 0.268829 0.0953125
0 0.963379 0.367383 0.0732422 0.162109
0 0.559486 0.420996 0.732956 0.343945
0 0.102058 0.796094 0.204117 0.407813
1 0.272156 0.112891 0.544312 0.210156
0 0.795959 0.739453 0.408081 0.410156
1 0.456932 0.927344 0.442947 0.145313
0 0.0623856 0.201562 0.124771 0.403125
1 0.861221 0.459277 0.277557 0.231445
0 0.622864 0.78418 0.436401 0.287891
0 0.333054 0.879687 0.371735 0.165625
1 0.630798 0.187695 0.698242 0.256641
1 0.25351 0.389062 0.399109 0.56875
1 0.263626 0.882812 0.43045 0.1875
0 0.284653 0.131543 0.569305 0.263086
1 0.243988 0.603516 0.487976 0.472656
1 0.581207 0.0258057 0.549866 0.0516113
1 0.632385 0.0260254 0.417358 0.0520508
0 0.968536 0.0928711 0.0629272 0.185742
0 0.088768 0.57959 0.177536 0.75332
1 0.788895 0.760938 0.301117 0.36875
0 0.220581 0.921094 0.441162 0.157813
0 0.743866 0.35918 0.42926 0.158203
1 0.170792 0.678516 0.341583 0.521094
1 0.737915 0.773438 0.331665 0.401563
0 0.476074 0.126074 0.822021 0.252148
0 0.263626 0.882812 0.43045 0.1875
1 0.399109 0.0510742 0.420532 0.102148
0 0.709351 0.252734 0.490356 0.205859
0 0.750137 0.6375 0.499725 0.390625
0 0.396034 0.930859 0.444138 0.138281
1 0.545898 0.519922 0.0952148 0.0960938
0 0.205109 0.133008 0.0646667 0.0617188
1 0.55304 0.517969 0.115845 0.114063
1 0.53717 0.509375 0.106323 0.096875
1 0.530823 0.526563 0.113464 0.0960938
0 0.802185 0.825781 0.376099 0.307813
0 0.476173 0.729297 0.39653 0.310156
0 0.154327 0.916016 0.308655 0.167969
0 0.612152 0.728125 0.419739 0.323438
0 0.726807 0.754687 0.391968 0.248437
1 0.802185 0.825781 0.376099 0.307813
0 0.807663 0.258008 0.384674 0.477734
1 0.365387 0.194141 0.416565 0.267188
0 0.391273 0.277539 0.440964 0.382422
0 0.84198 0.831641 0.31604 0.336719
0 0.441261 0.380469 0.474289 0.525
0 0.831863 0.186426 0.336273 0.372852
1 0.84198 0.831641 0.31604 0.336719
1 0.870941 0.917188 0.258118 0.165625
0 0.194794 0.912109 0.389587 0.175781
0 0.365387 0.194141 0.416565 0.267188
0 0.870941 0.917188 0.258118 0.165625
0 0.0673447 0.93125 0.134689 0.1375
1 0.391273 0.277539 0.440964 0.382422
0 0.0813293 0.136914 0.162659 0.273828
0 0.428467 0.686328 0.430847 0.325781
1 0.194794 0.912109 0.389587 0.175781
0 0.964172 0.104492 0.0716553 0.208984
1 0.154327 0.916016 0.308655 0.167969
0 0.674835 0.725781 0.392761 0.25
1 0.358841 0.220313 0.389984 0.366406
1 0.441261 0.380469 0.474289 0.525
0 0.814209 0.350391 0.371582 0.494531
1 0.164047 0.167285 0.328094 0.33457
0 0.337616 0.673437 0.442749 0.31875
0 0.962585 0.891797 0.0748291 0.216406
0 0.30072 0.974219 0.60144 0.0515625
0 0.934814 0.924219 0.130371 0.151562
0 0.496307 0.275732 0.467346 0.390723
0 0.651825 0.798437 0.445129 0.292188
0 0.733948 0.803125 0.420532 0.321875
0 0.574066 0.4 0.456238 0.560938
0 0.791 0.144336 0.417999 0.288672
0 0.134491 0.36543 0.174164 0.311328
0 0.74942 0.421875 0.487976 0.45625
0 0.615723 0.488281 0.390381 0.20625
0 0.730774 0.0484375 0.366577 0.096875
1 0.317184 0.104321 0.354279 0.124561
0 0.358841 0.220313 0.389984 0.366406
0 0.776794 0.591016 0.442749 0.482031
0 0.185867 0.748438 0.371735 0.459375
0 0.86261 0.885938 0.27478 0.228125
1 0.86261 0.885938 0.27478 0.228125
0 0.811234 0.432422 0.377533 0.403906
0 0.524872 0.691797 0.403076 0.313281
1 0.16246 0.288281 0.324921 0.546094
0 0.590332 0.250977 0.425293 0.387109
0 0.827576 0.680078 0.3396 0.325781
0 0.369949 0.951563 0.589935 0.096875
0 0.247955 0.941016 0.495911 0.117969
0 0.317184 0.104321 0.354279 0.124561
1 0.347733 0.138672 0.380463 0.214844
0 0.16246 0.288281 0.324921 0.546094
0 0.885818 0.157324 0.228363 0.314648
0 0.649048 0.397266 0.471313 0.535937
0 0.541138 0.479688 0.295166 0.151562
0 0.815399 0.704687 0.369202 0.428125
0 0.461891 0.910937 0.675827 0.178125
0 0.245178 0.68125 0.490356 0.317187
1 0.868362 0.954297 0.263275 0.0914062
0 0.162361 0.139551 0.324722 0.279102
1 0.231293 0.103296 0.337219 0.124268
1 0.155914 0.35625 0.222168 0.322656
0 0.229507 0.342187 0.418549 0.329688
1 0.106497 0.33125 0.117878 0.159375
0 0.466156 0.4875 0.329285 0.132812
0 0.626038 0.685547 0.349121 0.288281
0 0.42202 0.746094 0.423904 0.314063
1 0.612152 0.728125 0.419739 0.323438
0 0.713318 0.884375 0.547485 0.23125
0 0.838013 0.921875 0.323975 0.15625
0 0.347733 0.138672 0.380463 0.214844
1 0.321945 0.258203 0.389191 0.432813
1 0.841583 0.257812 0.316833 0.501562
0 0.572479 0.625 0.419739 0.404687
0 0.656189 0.204883 0.431641 0.344922
0 0.735931 0.226904 0.4245 0.393848
1 0.476173 0.729297 0.39653 0.310156
0 0.814285 0.752734 0.336029 0.255469
0 0.779694 0.0874512 0.440613 0.174902
0 0.136276 0.142871 0.272552 0.285742
0 0.334641 0.340234 0.414581 0.450781
0 0.265808 0.675781 0.439575 0.4125
0 0.639526 0.6375 0.391968 0.353125
0 0.319565 0.945312 0.63913 0.109375
0 0.64032 0.894531 0.569702 0.210938
0 0.869553 0.112988 0.260895 0.225977
1 0.117407 0.328516 0.17461 0.152344
0 0.749023 0.664062 0.463379 0.35
0 0.662933 0.0431641 0.349915 0.0863281
0 0.225739 0.915234 0.451477 0.169531
1 0.496307 0.275732 0.467346 0.390723
0 0.692291 0.575391 0.446716 0.405469
0 0.819763 0.792969 0.360474 0.31875
0 0.163254 0.827344 0.326508 0.335938
0 0.528542 0.785156 0.463181 0.3
1 0.0813293 0.136914 0.162659 0.273828
0 0.244781 0.290039 0.466553 0.494141
1 0.541138 0.375 0.476074 0.545313
1 0.30072 0.974219 0.60144 0.0515625
0 0.555321 0.188672 0.425491 0.302344
0 0.211853 0.710938 0.423706 0.39375
0 0.094223 0.165039 0.188446 0.330078
0 0.321945 0.258203 0.389191 0.432813
1 0.229507 0.342187 0.418549 0.329688
0 0.649841 0.269531 0.455444 0.345313
0 0.776001 0.29707 0.431641 0.383203
0 0.868362 0.954297 0.263275 0.0914062
0 0.231293 0.103296 0.337219 0.124268
1 0.70459 0.415625 0.49353 0.492188
0 0.836426 0.606348 0.327148 0.548242
0 0.314209 0.894141 0.628418 0.211719
0 0.75827 0.897266 0.483459 0.205469
0 0.137466 0.194531 0.274933 0.389062
1 0.334641 0.340234 0.414581 0.450781
1 0.934814 0.924219 0.130371 0.151562
1 0.831863 0.186426 0.336273 0.372852
0 0.70578 0.476953 0.476868 0.419531
1 0.572479 0.625 0.419739 0.404687
0 0.128143 0.895312 0.256287 0.209375
0 0.603821 0.137988 0.434814 0.266211
1 0.776001 0.464844 0.441162 0.399219
1 0.679199 0.8875 0.558594 0.225
0 0.59668 0.044043 0.404663 0.0880859
1 0.787628 0.124609 0.424744 0.249219
1 0.697052 0.228906 0.441956 0.403125
1 0.582001 0.301172 0.443542 0.413281
0 0.783463 0.506152 0.433075 0.368945
0 0.746643 0.705469 0.409424 0.245312
1 0.958221 0.277539 0.0835571 0.350391
0 0.488075 0.429004 0.471115 0.45918
0 0.0946198 0.589844 0.18924 0.403125
1 0.639526 0.6375 0.391968 0.353125
1 0.428467 0.686328 0.430847 0.325781
0 0.8638 0.816406 0.2724 0.31875
0 0.165039 0.884766 0.330078 0.230469
0 0.484108 0.0482422 0.488571 0.0964844
0 0.679596 0.107227 0.421326 0.214453
0 0.960999 0.384668 0.0780029 0.482227
0 0.566925 0.467578 0.419739 0.425781
0 0.869949 0.760547 0.260101 0.378906
0 0.958618 0.845508 0.0827637 0.308984
0 0.133698 0.869727 0.267395 0.260547
1 0.53717 0.477344 0.136475 0.151562
0 0.592712 0.473047 0.267395 0.216406
0 0.964172 0.561719 0.0716553 0.476562
0 0.32254 0.730078 0.416565 0.263281
0 0.964172 0.267578 0.0716553 0.464844
0 0.378082 0.395703 0.430054 0.474219
1 0.726807 0.754687 0.391968 0.248437
1 0.225739 0.915234 0.451477 0.169531
1 0.247955 0.941016 0.495911 0.117969
1 0.838013 0.921875 0.323975 0.15625
1 0.137466 0.194531 0.274933 0.389062
0 0.106497 0.33125 0.117878 0.159375
0 0.117407 0.328516 0.17461 0.152344
0 0.569702 0.480469 0.196777 0.146875
0 0.552246 0.478906 0.145996 0.165625
1 0.651825 0.798437 0.445129 0.292188
0 0.687531 0.0888672 0.53717 0.177734
1 0.649841 0.269531 0.455444 0.345313
0 0.92688 0.512402 0.14624 0.370508
0 0.831863 0.864062 0.336273 0.271875
0 0.240021 0.107715 0.189636 0.143164
1 0.597473 0.225732 0.425293 0.384473
0 0.0878754 0.476172 0.175751 0.402344
0 0.960205 0.680078 0.0795898 0.464844
0 0.489166 0.654297 0.456238 0.350781
1 0.524872 0.691797 0.403076 0.313281
1 0.885818 0.157324 0.228363 0.314648
0 0.914978 0.596484 0.170044 0.386719
1 0.466156 0.4875 0.329285 0.132812
0 0.895538 0.646484 0.208923 0.399219
1 0.814285 0.752734 0.336029 0.255469
1 0.094223 0.165039 0.188446 0.330078
0 0.706177 0.126953 0.388794 0.25
1 0.626038 0.685547 0.349121 0.288281
1 0.128143 0.895312 0.256287 0.209375
1 0.962585 0.891797 0.0748291 0.216406
1 0.0673447 0.93125 0.134689 0.1375
0 0.148476 0.332031 0.236252 0.161719
1 0.148476 0.332031 0.236252 0.161719
1 0.827576 0.680078 0.3396 0.325781
1 0.733948 0.803125 0.420532 0.321875
1 0.240021 0.107715 0.189636 0.143164
1 0.845749 0.369141 0.308502 0.524219
1 0.811234 0.432422 0.377533 0.403906
1 0.528542 0.785156 0.463181 0.3
1 0.787903 0.22832 0.404663 0.404297
1 0.738708 0.271484 0.452271 0.336719
0 0.918945 0.458594 0.162109 0.379687
1 0.569702 0.480469 0.196777 0.146875
0 0.0952148 0.687891 0.19043 0.419531
1 0.708557 0.644922 0.469727 0.352344
1 0.964172 0.104492 0.0716553 0.208984
1 0.244781 0.290039 0.466553 0.494141
0 0.442352 0.183203 0.449097 0.26875
1 0.555321 0.188672 0.425491 0.302344
1 0.378082 0.395703 0.430054 0.474219
0 0.961395 0.750391 0.0772095 0.413281
1 0.0878754 0.476172 0.175751 0.402344
0 0.316986 0.603223 0.426086 0.457617
0 0.564545 0.102148 0.435608 0.204297
1 0.0946198 0.539453 0.18924 0.383594
1 0.746643 0.705469 0.409424 0.245312
0 0.963379 0.82168 0.0732422 0.328516
1 0.190083 0.298047 0.3395 0.298438
1 0.819763 0.792969 0.360474 0.31875
1 0.674835 0.725781 0.392761 0.25
0 0.709747 0.866797 0.457825 0.266406
0 0.842575 0.498437 0.31485 0.5
1 0.783264 0.648828 0.433472 0.500781
1 0.838806 0.644629 0.322388 0.560742
1 0.0899582 0.821875 0.179916 0.35625
1 0.831863 0.864062 0.336273 0.271875
0 0.131714 0.0714844 0.263428 0.142969
1 0.594299 0.484375 0.293579 0.215625
1 0.541138 0.479688 0.295166 0.151562
1 0.165039 0.884766 0.330078 0.230469
1 0.369949 0.951563 0.589935 0.096875
0 0.389587 0.0471191 0.432434 0.0942383
1 0.776794 0.38125 0.433228 0.451562
1 0.0949173 0.635156 0.189835 0.392188
1 0.864594 0.848437 0.270813 0.28125
0 0.378082 0.923437 0.40625 0.153125
0 0.240417 0.0669922 0.434021 0.133984
1 0.869553 0.112988 0.260895 0.225977
0 0.190083 0.298047 0.3395 0.298438
1 0.114853 0.437402 0.229706 0.39707
1 0.75827 0.897266 0.483459 0.205469
1 0.603821 0.137988 0.434814 0.266211
0 0.532806 0.485938 0.200745 0.171875
0 0.4245 0.607813 0.436401 0.434375
1 0.0981903 0.7375 0.196381 0.421875
1 0.489166 0.654297 0.456238 0.350781
0 0.137169 0.815625 0.274338 0.36875
1 0.584778 0.891406 0.57605 0.217187
1 0.442352 0.183203 0.449097 0.26875
0 0.90387 0.354688 0.192261 0.385156
1 0.315598 0.642187 0.416962 0.39375
0 0.328094 0.852344 0.540344 0.295312
0 0.788498 0.867188 0.412994 0.265625
1 0.730774 0.0484375 0.366577 0.096875
0 0.155319 0.573047 0.310638 0.469531
1 0.154724 0.717969 0.309448 0.48125
0 0.0965042 0.776563 0.193008 0.375
1 0.42202 0.746094 0.423904 0.314063
0 0.516441 0.0911133 0.706375 0.182227
0 0.508209 0.10957 0.441956 0.219141
0 0.239227 0.592871 0.478455 0.470508
1 0.815399 0.704687 0.369202 0.428125
1 0.122192 0.352344 0.244385 0.227344
1 0.842575 0.498437 0.31485 0.5
1 0.155319 0.573047 0.310638 0.469531
1 0.314209 0.894141 0.628418 0.211719
0 0.530724 0.862305 0.52388 0.275391
1 0.136276 0.142871 0.272552 0.285742
0 0.511681 0.13457 0.417557 0.265234
0 0.122192 0.352344 0.244385 0.227344
0 0.359833 0.758594 0.452271 0.285937
1 0.133698 0.869727 0.267395 0.260547
1 0.319565 0.945312 0.63913 0.109375
1 0.461891 0.910937 0.675827 0.178125
0 0.198761 0.0769531 0.397522 0.153906
0 0.962585 0.176074 0.0748291 0.352148
0 0.409821 0.154492 0.381653 0.251563
0 0.884827 0.260352 0.230347 0.380859
0 0.140739 0.296484 0.281479 0.351562
0 0.0718079 0.382031 0.143616 0.35
1 0.488075 0.429004 0.471115 0.45918
1 0.566925 0.467578 0.419739 0.425781
0 0.379669 0.567969 0.44751 0.475
0 0.201935 0.636328 0.40387 0.430469
0 0.375404 0.892969 0.5457 0.214062
0 0.199951 0.494922 0.399902 0.485156
0 0.180313 0.784375 0.360626 0.23125
0 0.588646 0.819531 0.514359 0.360938
0 0.325912 0.109473 0.619293 0.218945
1 0.0718079 0.382031 0.143616 0.35
0 0.318573 0.512598 0.432434 0.47168
1 0.702209 0.530859 0.453857 0.414062
0 0.253113 0.772266 0.416565 0.228906
0 0.288422 0.951953 0.369751 0.0960938
0 0.435608 0.485059 0.463379 0.395508
1 0.928467 0.561328 0.143066 0.363281
1 0.850388 0.601953 0.23526 0.191406
0 0.411407 0.12002 0.40387 0.240039
1 0.706177 0.126953 0.388794 0.25
1 0.177933 0.634375 0.355865 0.428125
1 0.137169 0.815625 0.274338 0.36875
1 0.545105 0.517187 0.0936279 0.090625
0 0.203918 0.132422 0.055542 0.0554687
1 0.280884 0.79375 0.0737915 0.078125
1 0.290009 0.795313 0.092041 0.09375
1 0.291992 0.265234 0.0809326 0.0742188
1 0.551453 0.528906 0.0817261 0.0804688
1 0.203918 0.132617 0.0547485 0.0558594
1 0.61731 0.580469 0.0968018 0.1
1 0.53717 0.514844 0.0682373 0.0804688
0 0.194199 0.132031 0.046814 0.0513672
1 0.963379 0.619531 0.0732422 0.157813
0 0.197571 0.124414 0.055542 0.0515625
1 0.441162 0.382031 0.111084 0.121875
1 0.10434 0.332617 0.183289 0.208203
0 0.203175 0.143555 0.0681381 0.0753906
1 0.965759 0.342578 0.0684814 0.160156
1 0.0536079 0.0667969 0.107216 0.133594
1 0.387108 0.532812 0.122391 0.120312
1 0.962585 0.486719 0.0748291 0.171875
0 0.0747833 0.947656 0.149567 0.104687
1 0.83313 0.103125 0.112671 0.113477
1 0.689514 0.861719 0.132507 0.114063
0 0.855667 0.207422 0.288666 0.407031
0 0.319763 0.924219 0.431641 0.151562
0 0.387207 0.457031 0.395935 0.34375
0 0.84079 0.174023 0.31842 0.348047
0 0.358444 0.41709 0.355865 0.37207
0 0.0481033 0.0873535 0.0962067 0.174707
0 0.156708 0.174023 0.313416 0.348047
1 0.201588 0.174902 0.287132 0.349805
0 0.664124 0.484375 0.363403 0.246094
0 0.762512 0.0505371 0.295166 0.101074
0 0.201588 0.174902 0.287132 0.349805
0 0.380859 0.532422 0.407043 0.385156
0 0.325268 0.461035 0.315895 0.329492
1 0.387207 0.457031 0.395935 0.34375
0 0.21344 0.934375 0.413391 0.13125
0 0.70697 0.0443848 0.274536 0.0887695
0 0.443542 0.561719 0.421326 0.370313
0 0.660156 0.569922 0.398315 0.352344
0 0.443146 0.647656 0.440369 0.43125
0 0.147881 0.197656 0.295364 0.385938
0 0.242352 0.208594 0.277016 0.364062
1 0.408531 0.407813 0.393753 0.374219
0 0.304241 0.903125 0.391273 0.184375
1 0.827103 0.149902 0.345795 0.299805
0 0.796951 0.114746 0.406097 0.229492
0 0.161072 0.212891 0.155518 0.339063
0 0.653809 0.042334 0.266602 0.084668
1 0.147881 0.197656 0.295364 0.385938
0 0.0690308 0.0558105 0.138062 0.111621
1 0.242352 0.208594 0.277016 0.364062
0 0.278702 0.380566 0.323334 0.401367
0 0.943939 0.527441 0.112122 0.329492
0 0.962585 0.0955078 0.0748291 0.191016
0 0.953064 0.377344 0.0938721 0.334375
0 0.16375 0.316602 0.173965 0.330859
0 0.206646 0.288281 0.17704 0.294531
0 0.229309 0.371484 0.271362 0.344531
1 0.840988 0.873438 0.318024 0.253125
0 0.494324 0.703125 0.444336 0.453125
1 1 0.337891 0 0.122656
0 0.826111 0.082373 0.347778 0.164746
0 0.957031 0.573047 0.0859375 0.324219
1 0.443542 0.561719 0.421326 0.370313
0 0.946716 0.673437 0.106567 0.33125
0 0.602234 0.0430664 0.271362 0.0861328
0 0.201588 0.233154 0.163353 0.288379
0 0.359833 0.88125 0.367371 0.232812
1 0.904663 0.897656 0.190674 0.204688
0 0.131416 0.940625 0.262833 0.11875
1 0.319763 0.924219 0.431641 0.151562
1 0.81488 0.205029 0.1698 0.173535
0 0.759338 0.182617 0.414185 0.365234
1 0.161072 0.212891 0.155518 0.339063
0 0.257675 0.299219 0.263824 0.357031
0 0.952271 0.722656 0.095459 0.339063
0 0.68277 0.689062 0.367371 0.4
0 0.942749 0.915234 0.114502 0.169531
0 0.545898 0.0421875 0.280884 0.084375
1 0.845947 0.242627 0.308105 0.392871
1 0.443146 0.647656 0.440369 0.43125
0 0.820755 0.874219 0.35849 0.251563
0 0.249542 0.908594 0.379272 0.182812
1 0.700623 1 0.130127 0
1 0.762512 0.0505371 0.295166 0.101074
0 0.876892 0.9125 0.246216 0.175
0 0.694275 0.107227 0.379272 0.214453
0 0.555023 0.748438 0.437195 0.4375
0 0.133598 0.246484 0.237442 0.361719
0 0.788696 0.244336 0.341187 0.376172
0 0.261841 0.447656 0.404663 0.415625
0 0.733154 0.88125 0.284058 0.2375
0 0.904663 0.897656 0.190674 0.204688
1 0.547882 0.457812 0.13092 0.132812
1 0.277313 0.239453 0.130127 0.142969
1 0.0481033 0.0873535 0.0962067 0.174707
1 0.156708 0.174023 0.313416 0.348047
1 0.380859 0.532422 0.407043 0.385156
0 0.636353 0.750781 0.363403 0.420312
1 1 0.610937 0 0.128125
1 0.70697 0.0443848 0.274536 0.0887695
0 0.121399 0.300586 0.242798 0.359766
0 0.27771 0.24375 0.272156 0.357812
1 0.345947 0.373828 0.435608 0.419531
1 0.325268 0.461035 0.315895 0.329492
0 0.561371 0.689844 0.38324 0.429688
0 0.181404 0.141113 0.362808 0.282227
0 0.849121 0.302295 0.301758 0.375098
0 0.137566 0.352344 0.275131 0.401563
0 0.416962 0.852344 0.422913 0.295312
1 0.0747833 0.947656 0.149567 0.104687
1 0.131416 0.940625 0.262833 0.11875
0 0.849915 0.244336 0.300171 0.359766
0 0.964172 0.31875 0.0716553 0.321875
0 0.345947 0.373828 0.435608 0.419531
0 0.603821 0.856445 0.284058 0.287109
0 0.495216 0.0404785 0.277512 0.080957
1 0.653809 0.042334 0.266602 0.084668
1 0.826111 0.082373 0.347778 0.164746
0 0.585968 0.110742 0.392761 0.221484
1 0.181404 0.141113 0.362808 0.282227
1 0.27771 0.24375 0.272156 0.357812
0 0.678802 0.383984 0.376892 0.361719
0 0.684753 0.878906 0.276123 0.242188
1 0.133598 0.246484 0.237442 0.361719
1 0.201588 0.233154 0.163353 0.288379
0 0.304291 0.311328 0.388 0.391406
0 0.721252 0.594141 0.425293 0.375781
1 0.847412 0.999609 0.126953 0.00078125
0 0.135284 0.135352 0.270569 0.270703
0 0.523582 0.824609 0.385818 0.350781
1 0.602234 0.0430664 0.271362 0.0861328
1 0.962585 0.0955078 0.0748291 0.191016
0 0.490753 0.111719 0.36261 0.223438
1 0.885422 0.169531 0.229156 0.339063
0 0.732361 0.227148 0.336426 0.378516
1 0.460602 0.439844 0.359436 0.323438
0 0.958618 0.823242 0.0827637 0.325391
0 0.744263 0.333643 0.36499 0.365527
0 0.615723 0.616406 0.36499 0.365625
0 0.602234 0.826563 0.388794 0.346875
1 0.304241 0.903125 0.391273 0.184375
0 0.345947 0.0399902 0.266602 0.0799805
0 0.446716 0.0399414 0.272949 0.0798828
0 0.326904 0.1125 0.389587 0.225
0 0.594299 0.517187 0.374512 0.25
1 0.18071 0.939062 0.36142 0.121875
0 0.294422 0.0397461 0.273643 0.0794922
1 0.796951 0.114746 0.406097 0.229492
0 0.755371 0.144141 0.422119 0.288281
1 0.304291 0.311328 0.388 0.391406
0 0.59906 0.456152 0.238037 0.292383
0 0.599457 0.458203 0.2547 0.186719
1 0.876892 0.9125 0.246216 0.175
0 0.397919 0.0397461 0.265015 0.0794922
1 0.206646 0.288281 0.17704 0.294531
1 0.257675 0.299219 0.263824 0.357031
0 0.671265 0.323438 0.393555 0.385938
1 0.278702 0.380566 0.323334 0.401367
0 0.460602 0.439844 0.359436 0.323438
1 0.494324 0.703125 0.444336 0.453125
1 0.545898 0.0421875 0.280884 0.084375
1 0.121399 0.300586 0.242798 0.359766
0 0.149269 0.409277 0.296555 0.39707
0 0.612549 0.420996 0.363403 0.368945
0 0.735138 0.761328 0.446716 0.425781
0 0.197124 0.910937 0.361122 0.178125
1 0.880264 0.100586 0.239471 0.201172
0 0.494225 0.792383 0.469925 0.387109
1 1 0.48125 0 0.142188
0 0.880264 0.100586 0.239471 0.201172
0 0.112373 0.596875 0.224747 0.339063
1 0.664124 0.484375 0.363403 0.246094
0 0.679993 0.79082 0.404663 0.368359
1 0.853088 0.904297 0.293823 0.191406
1 0.824524 0.189648 0.350952 0.379297
1 0.16375 0.316602 0.173965 0.330859
0 0.106125 0.694922 0.21225 0.347656
0 0.769653 0.7125 0.460205 0.434375
1 0.249542 0.908594 0.379272 0.182812
1 0.654602 0.914062 0.261841 0.171875
0 0.244732 0.039209 0.269081 0.078418
0 0.843964 0.365283 0.312073 0.385059
0 0.11158 0.832422 0.22316 0.335156
0 0.0684357 0.150488 0.136871 0.300977
0 0.235607 0.108203 0.34684 0.216406
0 0.869751 0.821094 0.260498 0.329688
1 0.941559 0.885547 0.116882 0.228906
1 0.942749 0.915234 0.114502 0.169531
0 0.441261 0.937109 0.412399 0.125781
0 0.90625 0.955859 0.1875 0.0882813
1 0.495216 0.0404785 0.277512 0.080957
1 0.137566 0.352344 0.275131 0.401563
1 0.229309 0.371484 0.271362 0.344531
1 0.48877 0.507812 0.388794 0.251563
1 0.359833 0.88125 0.367371 0.232812
0 0.894348 0.370703 0.211304 0.335156
0 0.338013 0.603125 0.455444 0.426562
0 0.113464 0.881836 0.226929 0.236328
0 0.35408 0.855469 0.372528 0.289062
1 0.733154 0.88125 0.284058 0.2375
0 0.750214 0.936719 0.346741 0.126563
0 0.811707 0.944531 0.3396 0.110937
1 0.31163 0.191846 0.346344 0.34834
0 0.913788 0.310889 0.172424 0.318066
1 0.660156 0.569922 0.398315 0.352344
0 0.853088 0.904297 0.293823 0.191406
0 0.848724 0.939844 0.302551 0.120312
1 0.829758 0.154199 0.12735 0.124805
1 0.301514 0.80625 0.112671 0.115625
1 0.669281 0.922656 0.199158 0.154687
0 0.164246 0.0917969 0.328491 0.183594
1 0.759338 0.182617 0.414185 0.365234
0 0.549171 0.617188 0.393356 0.373437
0 0.394348 0.724219 0.476074 0.465625
1 0.416962 0.852344 0.422913 0.295312
1 0.640717 0.860352 0.283264 0.279297
0 0.757751 0.85332 0.31897 0.293359
1 0.446716 0.0399414 0.272949 0.0798828
1 0.953064 0.377344 0.0938721 0.334375
1 0.261841 0.447656 0.404663 0.415625
0 0.754974 0.455859 0.397522 0.409375
0 0.882645 0.71875 0.234711 0.359375
1 0.136871 0.91875 0.273743 0.1625
0 0.171486 0.914844 0.342972 0.170312
0 0.761322 0.903125 0.261047 0.171875
0 0.819641 0.903125 0.271362 0.18125
1 0.94751 0.998438 0.10498 0.003125
1 0.0690308 0.0558105 0.138062 0.111621
0 0.19157 0.0395996 0.272255 0.0791992
1 0.345947 0.0399902 0.266602 0.0799805
0 0.664124 0.208984 0.390381 0.376563
0 0.892761 0.43125 0.214478 0.353906
1 0.945923 0.475879 0.108154 0.331055
0 0.11525 0.495703 0.230499 0.336719
1 0.957031 0.573047 0.0859375 0.324219
0 0.291992 0.550781 0.430054 0.4
0 0.820953 0.766797 0.358093 0.439844
1 0.197124 0.910937 0.361122 0.178125
1 0.423706 0.895312 0.399902 0.2
0 0.0930328 0.0426758 0.186066 0.0853516
1 0.397919 0.0397461 0.265015 0.0794922
0 0.48877 0.507812 0.388794 0.251563
1 0.946716 0.673437 0.106567 0.33125
1 0.952271 0.722656 0.095459 0.339063
1 0.555023 0.748438 0.437195 0.4375
1 0.441261 0.937109 0.412399 0.125781
1 0.811707 0.944531 0.3396 0.110937
1 0.294422 0.0397461 0.273643 0.0794922
1 0.694275 0.107227 0.379272 0.214453
0 0.911011 0.200586 0.177979 0.336719
1 0.843964 0.365283 0.312073 0.385059
0 0.717285 0.828906 0.390381 0.342187
0 0.967346 0.875781 0.0653076 0.248437
1 0.728394 1 0.139648 0
1 0.964172 0.31875 0.0716553 0.321875
0 0.220184 0.515625 0.431641 0.409375
1 0.684753 0.878906 0.276123 0.242188
1 0.819641 0.903125 0.271362 0.18125
0 0.710938 0.929688 0.349121 0.140625
0 0.115051 0.040332 0.230103 0.0806641
1 0.755371 0.144141 0.422119 0.288281
0 0.838013 0.437109 0.323975 0.391406
1 0.838013 0.437109 0.323975 0.391406
0 0.111679 0.434375 0.223358 0.347656
0 0.787231 0.41084 0.425537 0.395508
1 0.561371 0.689844 0.38324 0.429688
0 0.782471 0.807227 0.435059 0.385547
0 0.8396 0.839258 0.320801 0.321484
0 0.922913 0.267773 0.154175 0.330078
0 0.895935 0.526563 0.20813 0.342187
0 0.899902 0.667578 0.200195 0.347656
1 0.761322 0.903125 0.261047 0.171875
1 0.750214 0.936719 0.346741 0.126563
1 0.848724 0.939844 0.302551 0.120312
1 0.213886 0.117969 0.347435 0.235938
1 0.255444 0.140625 0.376991 0.28125
0 0.148277 0.632031 0.296555 0.395312
1 0.636353 0.750781 0.363403 0.420312
1 0.481728 0.825391 0.431442 0.349219
1 0.149269 0.409277 0.296555 0.39707
0 0.907837 0.575781 0.184326 0.34375
0 0.941559 0.885547 0.116882 0.228906
1 0.148277 0.884961 0.296555 0.230078
0 0.662537 0.926172 0.387207 0.147656
0 0.963379 0.167383 0.0732422 0.334766
1 0.963379 0.167383 0.0732422 0.334766
1 0.362015 0.236719 0.370941 0.357812
0 0.170395 0.480371 0.34079 0.443945
0 0.826111 0.670703 0.347778 0.424219
1 0.630005 0.688281 0.322144 0.410937
0 0.178429 0.846094 0.356857 0.307813
0 0.808533 0.826563 0.372925 0.346875
1 0.35408 0.855469 0.372528 0.289062
1 0.539154 0.849609 0.337219 0.300781
1 0.244732 0.039209 0.269081 0.078418
1 0.585968 0.110742 0.392761 0.221484
0 0.964172 0.219336 0.0716553 0.323828
1 0.8396 0.613281 0.320801 0.40625
1 0.545502 0.521484 0.101562 0.100781
0 0.202679 0.135742 0.0667496 0.0652344
0 0.206299 0.145215 0.0694275 0.0716797
0 0.202679 0.127148 0.0810318 0.0644531
0 0.222961 0.154492 0.0983887 0.0882813
0 0.541138 0.549219 0.0698242 0.0578125
1 0.545105 0.535937 0.0872803 0.08125
0 0.541138 0.537891 0.0825195 0.075
1 0.204514 0.133594 0.068634 0.0640625
0 0.234467 0.176758 0.10791 0.110156
1 0.237839 0.179492 0.105133 0.127734
1 0.61731 0.584375 0.0983887 0.0945313
0 0.436401 0.127734 0.0809326 0.078125
0 0.261841 0.667969 0.083313 0.0828125
0 0.275925 0.664062 0.0979919 0.0859375
0 0.879272 0.598828 0.241455 0.291406
0 0.881058 0.337891 0.237885 0.270312
0 0.877686 0.646484 0.244629 0.285156
0 0.880661 0.389941 0.238678 0.279492
0 0.879669 0.541406 0.240662 0.271875
0 0.882446 0.285352 0.235107 0.267578
0 0.880859 0.445703 0.238281 0.297656
0 0.879669 0.495313 0.240662 0.283594
0 0.877686 0.747266 0.244629 0.292969
0 0.876892 0.798242 0.246216 0.294141
0 0.206299 0.157227 0.0718079 0.0730469
0 0.135284 0.152637 0.270569 0.305273
0 0.877289 0.876562 0.245422 0.246875
0 0.878479 0.902344 0.243042 0.195312
0 0.88324 0.233203 0.233521 0.254297
0 0.190826 0.24375 0.282471 0.266406
0 0.252369 0.258984 0.322838 0.298438
0 0.0832634 0.944531 0.166527 0.110937
0 0.241211 0.191992 0.100769 0.101562
0 0.880463 0.319531 0.239075 0.420312
0 0.447609 0.164844 0.399704 0.329688
0 0.136078 0.273877 0.270569 0.291309
0 0.879471 0.424316 0.241058 0.42793
0 0.135681 0.217383 0.271362 0.303125
0 0.192215 0.194971 0.311432 0.28584
0 0.918945 0.039209 0.162109 0.078418
0 0.548279 0.165625 0.388 0.33125
0 0.640717 0.152344 0.388 0.304688
0 0.132408 0.337891 0.263229 0.310156
0 0.254353 0.335352 0.345055 0.358984
1 0.135284 0.152637 0.270569 0.305273
0 0.385223 0.147852 0.399109 0.295703
0 0.306671 0.277734 0.324524 0.332812
0 0.200546 0.319092 0.315399 0.315723
1 0.881058 0.337891 0.237885 0.270312
0 0.0470123 0.0697754 0.0940247 0.139551
0 0.884628 0.179688 0.230743 0.312109
0 0.345947 0.275977 0.288818 0.293359
1 0.882446 0.285352 0.235107 0.267578
1 0.880661 0.389941 0.238678 0.279492
0 0.880859 0.588281 0.238281 0.41875
0 0.310638 0.187305 0.210266 0.173438
0 0.897919 0.100391 0.204163 0.200781
1 0.879272 0.598828 0.241455 0.291406
0 0.880066 0.685547 0.239868 0.405469
0 0.319763 0.128906 0.336426 0.257812
0 0.38076 0.294482 0.347733 0.35791
1 0.880859 0.445703 0.238281 0.297656
1 0.879669 0.541406 0.240662 0.271875
0 0.396034 0.914062 0.30925 0.171875
0 0.833847 0.17002 0.332306 0.340039
1 0.879669 0.495313 0.240662 0.283594
0 0.253113 0.400391 0.363403 0.389844
0 0.878281 0.782031 0.243439 0.410937
0 0.188396 0.15918 0.350807 0.318359
1 0.877686 0.646484 0.244629 0.285156
0 0.877686 0.846289 0.244629 0.307422
0 0.438782 0.308398 0.387207 0.389453
0 0.633972 0.330127 0.431641 0.391309
0 0.131218 0.401172 0.262436 0.329688
1 0.918945 0.039209 0.162109 0.078418
1 0.88324 0.233203 0.233521 0.254297
0 0.297348 0.215234 0.289215 0.265625
0 0.198811 0.390723 0.349815 0.354492
1 0.0832634 0.944531 0.166527 0.110937
0 0.405556 0.933594 0.379074 0.132812
0 0.885223 0.967969 0.229553 0.0640625
1 0.447609 0.164844 0.399704 0.329688
0 0.348129 0.207227 0.293182 0.221094
1 0.880859 0.376953 0.238281 0.423438
0 0.458519 0.884375 0.319168 0.201562
0 0.240021 0.213623 0.0841064 0.0782227
0 0.888992 0.146582 0.222015 0.293164
0 0.254303 0.462598 0.386414 0.41543
1 0.877686 0.747266 0.244629 0.292969
1 0.876495 0.843555 0.247009 0.284766
0 0.243542 0.908594 0.350014 0.182812
0 0.509499 0.876562 0.291794 0.196875
0 0.336227 0.917969 0.274933 0.164062
0 0.484009 0.935938 0.402283 0.128125
1 0.548279 0.165625 0.388 0.33125
0 0.843567 0.14668 0.312866 0.293359
0 0.60025 0.269922 0.40387 0.379687
0 0.647858 0.767969 0.430847 0.407813
0 0.463776 0.910547 0.338013 0.178906
0 0.88562 0.938672 0.22876 0.122656
0 0.529633 0.544922 0.0563354 0.0585938
0 0.726807 0.138477 0.377686 0.276953
0 0.496307 0.270312 0.400696 0.376563
0 0.55423 0.320654 0.397522 0.398535
0 0.687134 0.383203 0.433228 0.385156
0 0.234863 0.860937 0.423706 0.278125
0 0.438087 0.844922 0.413986 0.310156
1 0.877289 0.876562 0.245422 0.246875
0 0.411804 0.886719 0.32373 0.226562
0 0.700623 0.910156 0.350708 0.179688
0 0.0641708 0.0875 0.128342 0.175
1 0.640717 0.152344 0.388 0.304688
0 0.884033 0.214648 0.231934 0.424609
1 0.252369 0.258984 0.322838 0.298438
0 0.356857 0.349023 0.347931 0.378516
0 0.735138 0.420312 0.440369 0.402344
0 0.582794 0.723437 0.441956 0.41875
0 0.734741 0.313477 0.396729 0.372266
0 0.397522 0.415527 0.381653 0.381445
0 0.801712 0.531348 0.396576 0.381055
0 0.486389 0.607813 0.437988 0.425
0 0.74704 0.778906 0.430847 0.392188
0 0.793777 0.819531 0.412445 0.360938
0 0.569305 0.876562 0.327698 0.19375
0 0.332855 0.927344 0.343567 0.145313
1 0.884033 0.269531 0.231934 0.416406
1 0.132408 0.337891 0.263229 0.310156
0 0.480934 0.728906 0.445724 0.404687
0 0.525269 0.769922 0.474487 0.410156
0 0.476471 0.821094 0.463379 0.354688
0 0.38076 0.874219 0.41597 0.251563
1 0.0470123 0.0697754 0.0940247 0.139551
0 0.502159 0.3625 0.409622 0.4125
0 0.602234 0.375391 0.414185 0.401563
0 0.641907 0.423535 0.436401 0.410742
0 0.376495 0.683594 0.416565 0.36875
0 0.819168 0.842383 0.361664 0.315234
1 0.878479 0.902344 0.243042 0.195312
0 0.629608 0.8875 0.368958 0.20625
1 0.897919 0.100391 0.204163 0.200781
0 0.778381 0.372656 0.442749 0.394531
0 0.152443 0.47666 0.304886 0.39043
0 0.658173 0.572656 0.357849 0.346875
0 0.695862 0.728125 0.420532 0.403125
0 0.283661 0.832812 0.443542 0.334375
0 0.389191 0.827344 0.434814 0.345313
0 0.285843 0.885156 0.422516 0.229687
0 0.550659 0.9375 0.373718 0.125
1 0.135681 0.217383 0.271362 0.303125
1 0.136078 0.273877 0.270569 0.291309
0 0.349319 0.464063 0.400299 0.414844
0 0.300125 0.517285 0.410614 0.407617
0 0.432434 0.559766 0.431641 0.403125
0 0.750214 0.682031 0.413391 0.3875
0 0.696655 0.8125 0.436401 0.375
0 0.198364 0.875781 0.396729 0.248437
0 0.695068 0.89375 0.345947 0.2125
0 0.755371 0.915625 0.342773 0.16875
0 0.885223 0.902734 0.229553 0.194531
0 0.084404 0.071875 0.168808 0.14375
0 0.110092 0.123438 0.220184 0.246875
0 0.260056 0.131934 0.336029 0.263867
1 0.190826 0.24375 0.282471 0.266406
0 0.705383 0.475 0.418945 0.392969
0 0.713318 0.531152 0.38562 0.35957
0 0.245575 0.631641 0.40863 0.392969
0 0.289612 0.787695 0.418945 0.377734
0 0.431641 0.780469 0.456238 0.385938
1 0.964569 0.0617188 0.0708618 0.123438
0 0.244385 0.16709 0.343567 0.329883
0 0.690308 0.23418 0.371338 0.321484
0 0.816986 0.303906 0.366028 0.372656
0 0.430847 0.466016 0.449097 0.413281
0 0.391273 0.519531 0.407639 0.388281
0 0.540245 0.553516 0.408035 0.395312
0 0.81897 0.578125 0.362061 0.376563
1 0.880859 0.588281 0.238281 0.41875
0 0.198563 0.830469 0.389984 0.339063
0 0.836823 0.816602 0.326355 0.366797
0 0.151848 0.900781 0.303696 0.198437
0 0.55423 0.414844 0.418152 0.417188
0 0.343567 0.574219 0.411804 0.392188
0 0.792191 0.629687 0.415619 0.4
0 0.656189 0.676562 0.393555 0.385938
0 0.236649 0.736328 0.415375 0.389844
0 0.334641 0.734766 0.414581 0.363281
0 0.809647 0.776367 0.380707 0.403516
0 0.588646 0.80957 0.447708 0.380859
0 0.149071 0.94375 0.298141 0.1125
0 0.278156 0.934375 0.321251 0.13125
1 0.231739 0.726172 0.143517 0.133594
0 0.0586662 0.0386719 0.117332 0.0773437
1 0.385223 0.147852 0.399109 0.295703
0 0.305481 0.144312 0.196777 0.182471
0 0.138954 0.647656 0.277908 0.345313
0 0.539948 0.66875 0.432434 0.382812
0 0.100471 0.856055 0.200943 0.287891
0 0.840591 0.894141 0.318817 0.211719
0 0.521202 0.906641 0.331863 0.186719
0 0.644287 0.907812 0.349121 0.184375
0 0.827698 0.467969 0.344604 0.403125
0 0.208481 0.524902 0.378082 0.395508
0 0.84317 0.529297 0.31366 0.371094
0 0.75061 0.584766 0.395142 0.378125
0 0.293232 0.686719 0.402184 0.370313
0 0.789612 0.732031 0.420776 0.398438
0 0.610962 0.940234 0.361816 0.119531
1 0.884628 0.179688 0.230743 0.312109
0 0.442352 0.202588 0.365784 0.297168
0 0.832458 0.185498 0.335083 0.254785
0 0.859436 0.201758 0.281128 0.287891
0 0.603821 0.465234 0.418945 0.403125
0 0.100769 0.629687 0.201538 0.317187
0 0.707764 0.628125 0.377686 0.390625
0 0.206299 0.680078 0.378479 0.392969
0 0.818573 0.677734 0.362854 0.392969
0 0.839203 0.728125 0.321594 0.404687
0 0.845154 0.873828 0.309692 0.252344
0 0.100372 0.907812 0.200745 0.184375
0 0.787109 0.89375 0.353882 0.2125
0 0.293777 0.925781 0.245575 0.148438
0 0.230946 0.941406 0.307762 0.117188
0 0.783737 0.180664 0.320953 0.233203
1 0.131218 0.401172 0.262436 0.329688
0 0.489662 0.506348 0.428268 0.40918
1 0.880066 0.685547 0.239868 0.405469
0 0.476074 0.858203 0.372925 0.283594
0 0.690308 0.166309 0.355469 0.323242
1 0.192215 0.194971 0.311432 0.28584
1 0.306671 0.277734 0.324524 0.332812
1 0.254353 0.335352 0.345055 0.358984
0 0.14064 0.551562 0.281281 0.34375
0 0.0994797 0.73125 0.198959 0.320312
1 0.878281 0.782031 0.243439 0.410937
0 0.159882 0.850781 0.319763 0.298438
0 0.817978 0.94375 0.364044 0.1125
0 0.292736 0.155273 0.267494 0.255469
0 0.741882 0.139258 0.307861 0.278516
1 0.310638 0.187305 0.210266 0.173438
0 0.733551 0.190039 0.297546 0.247266
1 0.345947 0.275977 0.288818 0.293359
0 0.758545 0.839453 0.414185 0.321094
0 0.749023 0.939062 0.384033 0.121875
1 0.888992 0.146582 0.222015 0.293164
0 0.369354 0.164551 0.28009 0.197461
1 0.38076 0.294482 0.347733 0.35791
0 0.8396 0.364453 0.320801 0.379687
0 0.84079 0.620703 0.31842 0.402344
0 0.585968 0.905469 0.353882 0.189063
1 0.885223 0.902734 0.229553 0.194531
0 0.78949 0.0322754 0.27771 0.0645508
0 0.770447 0.103906 0.326904 0.207813
1 0.200546 0.319092 0.315399 0.315723
0 0.735138 0.0308105 0.264221 0.0616211
0 0.134689 0.0803223 0.269379 0.160645
0 0.824402 0.10752 0.322144 0.215039
1 0.833847 0.17002 0.332306 0.340039
1 0.633972 0.330127 0.431641 0.391309
0 0.102058 0.530078 0.204117 0.317969
0 0.157104 0.786719 0.314209 0.379687
0 0.166031 0.936719 0.210663 0.126563
0 0.209671 0.935156 0.208679 0.129688
0 0.260452 0.932031 0.208679 0.135937
0 0.630798 0.827344 0.449097 0.345313
0 0.526459 0.857813 0.315796 0.278125
1 0.319763 0.128906 0.336426 0.257812
0 0.547485 0.223877 0.398315 0.385059
0 0.63913 0.195117 0.384827 0.366797
1 0.88562 0.938672 0.22876 0.122656
1 0.885223 0.967969 0.229553 0.0640625
1 0.152443 0.47666 0.304886 0.39043
1 0.386314 0.533594 0.120804 0.113281
0 0.0774117 0.0284668 0.154823 0.0569336
1 0.553436 0.270898 0.400696 0.387891
0 0.835831 0.26875 0.328339 0.377344
1 0.438782 0.308398 0.387207 0.389453
0 0.101364 0.428223 0.202728 0.313867
1 0.253113 0.400391 0.363403 0.389844
1 0.396034 0.914062 0.30925 0.171875
1 0.458519 0.884375 0.319168 0.201562
1 0.484009 0.935938 0.402283 0.128125
0 0.684357 0.0304443 0.261047 0.0608887
0 0.668488 0.112891 0.326111 0.225781
1 0.726807 0.138477 0.377686 0.276953
1 0.188396 0.15918 0.350807 0.318359
0 0.598267 0.602344 0.40625 0.423438
0 0.592316 0.857617 0.357849 0.272266
1 0.411804 0.886719 0.32373 0.226562
1 0.509499 0.876562 0.291794 0.196875
1 0.297348 0.215234 0.289215 0.265625
1 0.348129 0.207227 0.293182 0.221094
1 0.638733 0.259375 0.409424 0.367188
1 0.687134 0.383203 0.433228 0.385156
1 0.696655 0.775195 0.433228 0.396484
0 0.0879745 0.929688 0.175949 0.140625
1 0.550659 0.9375 0.373718 0.125
0 0.847137 0.0330566 0.305725 0.0661133
0 0.888992 0.0475586 0.222015 0.0951172
0 0.0464172 0.141992 0.0928345 0.283984
1 0.550659 0.517578 0.0872803 0.0890625
0 0.204514 0.13457 0.0583191 0.0589844
0 0.195141 0.133008 0.0516739 0.05
0 0.200695 0.126563 0.058815 0.0554687
1 0.202332 0.133594 0.0579224 0.0585938
1 0.387207 0.529688 0.124573 0.109375
1 0.939453 1 0.101562 0
1 0.950684 1 0.0986328 0
1 0.914062 1 0.101562 0
1 0.671265 1 0.106323 0
1 0.59549 1 0.108704 0
1 0.557007 1 0.10791 0
1 0.694275 1 0.106323 0
1 0.620483 1 0.10791 0
1 0.645874 1 0.108704 0
1 0.720062 1 0.103149 0
1 0.263428 1 0.100769 0
1 0.556213 0.917188 0.106323 0.090625
1 0.2668 0.994922 0.102356 0.0101562
0 0.828171 0.572656 0.305084 0.248437
1 0.915649 0.992969 0.104736 0.0140625
0 0.814087 0.634375 0.314209 0.282813
1 0.21706 0.730078 0.124474 0.125781
0 0.784729 0.573438 0.307861 0.271875
0 0.890381 0.929688 0.219238 0.140625
0 0.837021 0.644141 0.325958 0.336719
0 0.825989 0.732031 0.291992 0.26875
0 0.884033 0.319141 0.231934 0.403906
0 0.817062 0.555469 0.324127 0.35
0 0.0437393 0.960156 0.0874786 0.0796875
0 0.878876 0.335547 0.242249 0.252344
0 0.0615921 0.0615723 0.123184 0.123145
0 0.880463 0.282764 0.239075 0.250098
0 0.481232 0.309961 0.391174 0.382422
0 0.0803871 0.857031 0.160774 0.204688
0 0.319366 0.267236 0.332458 0.299121
0 0.666107 0.625 0.261047 0.26875
0 0.656982 0.66875 0.261841 0.240625
0 0.822021 0.68125 0.287231 0.279687
0 0.878677 0.38125 0.242645 0.246875
0 0.11396 0.45625 0.227921 0.176563
1 0.481628 1 0.104736 0
0 0.820358 0.177832 0.359283 0.355664
0 0.082222 0.233203 0.164444 0.165234
0 0.25713 0.261719 0.27285 0.261719
0 0.412201 0.296484 0.411804 0.372656
0 0.831543 0.496973 0.304688 0.254492
0 0.724823 0.630469 0.291199 0.271875
0 0.0536079 0.133105 0.107216 0.266211
0 0.0860901 0.155078 0.17218 0.127734
0 0.881454 0.678125 0.237091 0.246875
0 0.447906 0.223242 0.357849 0.303516
0 0.768066 0.216211 0.338013 0.269141
0 0.817459 0.229102 0.36142 0.271094
0 0.186016 0.263477 0.262733 0.253516
0 0.565735 0.295312 0.376099 0.35625
0 0.879272 0.435156 0.241455 0.254687
0 0.358444 0.471094 0.359039 0.375
0 0.506226 0.574219 0.360229 0.275
0 0.435608 0.63125 0.347534 0.290625
0 0.829285 0.703516 0.341431 0.402344
0 0.881256 0.218701 0.237488 0.213379
0 0.813416 0.313086 0.373169 0.383203
0 0.0859909 0.282813 0.171982 0.183594
0 0.119316 0.423047 0.238632 0.278906
0 0.795837 0.429004 0.272949 0.257617
0 0.10553 0.555078 0.21106 0.219531
0 0.077858 0.806445 0.155716 0.152734
0 0.0872803 0.138062 0.174561 0.180127
0 0.420135 0.149316 0.307861 0.178711
0 0.0851974 0.196436 0.170395 0.150098
0 0.259857 0.209766 0.283264 0.203906
0 0.541138 0.366016 0.36261 0.311719
0 0.333649 0.357812 0.308655 0.205469
0 0.882645 0.421484 0.234711 0.422656
0 0.741089 0.434766 0.279297 0.276563
0 0.103546 0.503906 0.207092 0.195312
0 0.882645 0.635156 0.234711 0.257812
0 0.433922 0.575781 0.32869 0.273438
0 0.504738 0.621094 0.352097 0.2625
0 0.0790977 0.77793 0.158195 0.172266
0 0.53598 0.875195 0.353088 0.249609
1 0.890381 0.929688 0.219238 0.140625
0 0.380066 0.21875 0.368164 0.276953
0 0.667297 0.206055 0.376099 0.297266
0 0.878876 0.480859 0.242249 0.245312
0 0.602234 0.443066 0.299927 0.298242
0 0.725616 0.535937 0.322937 0.296875
1 0.505432 1 0.109497 0
1 0.532013 1 0.110291 0
0 0.0878754 0.226514 0.175751 0.288379
0 0.593109 0.197656 0.389587 0.301953
0 0.677612 0.292383 0.38562 0.383984
0 0.88205 0.516406 0.235901 0.225
0 0.840195 0.541016 0.319611 0.319531
0 0.884628 0.582812 0.230743 0.2625
0 0.431541 0.562109 0.369949 0.355469
0 0.885818 0.649219 0.228363 0.404687
0 0.113564 0.7125 0.227127 0.254687
0 0.422119 0.674219 0.309448 0.28125
0 0.74823 0.673828 0.249146 0.242969
0 0.0882721 0.742188 0.176544 0.182812
0 0.245972 0.454785 0.336426 0.331055
0 0.247509 0.483594 0.324623 0.224219
0 0.880463 0.733594 0.239075 0.251563
0 0.816589 0.795117 0.366821 0.381641
0 0.889587 0.906641 0.220825 0.186719
1 0.890259 1 0.101562 0
0 0.482323 0.145898 0.388992 0.291797
0 0.822815 0.0990234 0.333252 0.198047
0 0.363602 0.154883 0.316986 0.159766
0 0.131516 0.209326 0.248749 0.185254
0 0.19038 0.228125 0.340492 0.259375
0 0.132805 0.242969 0.214828 0.202734
0 0.272503 0.303516 0.269081 0.185156
0 0.0632782 0.375391 0.126556 0.186719
0 0.739105 0.405078 0.372131 0.359375
0 0.68396 0.580078 0.334839 0.296094
0 0.625641 0.665234 0.34198 0.267969
0 0.745056 0.734766 0.258667 0.252344
0 0.831741 0.7875 0.297943 0.309375
0 0.249146 0.143457 0.241608 0.106055
0 0.32254 0.306641 0.299133 0.18125
0 0.608185 0.33457 0.307861 0.233203
0 0.5336 0.419141 0.378479 0.352344
0 0.412598 0.475684 0.347534 0.24082
0 0.690308 0.43584 0.29834 0.270508
0 0.88562 0.493066 0.22876 0.37168
0 0.497498 0.507422 0.390381 0.31875
0 0.242004 0.623438 0.336426 0.353125
0 0.124374 0.628516 0.248749 0.296094
0 0.398315 0.133789 0.441162 0.267578
0 0.0770645 0.319141 0.154129 0.284375
0 0.0678406 0.363867 0.135681 0.275391
0 0.0632782 0.322852 0.126556 0.180859
0 0.102654 0.3375 0.205307 0.230469
0 0.0612946 0.427734 0.122589 0.171094
0 0.396034 0.511719 0.323532 0.251563
0 0.38681 0.647656 0.391968 0.326562
0 0.345104 0.688672 0.389687 0.313281
0 0.48877 0.667188 0.34436 0.267188
0 0.882446 0.753906 0.235107 0.414062
0 0.884033 0.199609 0.231934 0.364844
1 0.884033 0.319141 0.231934 0.403906
0 0.751404 0.326562 0.38562 0.300781
0 0.402283 0.391406 0.399109 0.278125
0 0.287827 0.502344 0.374908 0.278125
0 0.38443 0.588281 0.365784 0.278125
0 0.879272 0.782812 0.241455 0.246875
0 0.504242 0.138281 0.330872 0.220313
0 0.417458 0.322266 0.410812 0.232031
0 0.783142 0.379297 0.377686 0.333594
0 0.245773 0.566016 0.330475 0.310937
0 0.33107 0.571094 0.383636 0.340625
0 0.886612 0.563379 0.226776 0.423242
0 0.573669 0.623438 0.368164 0.279687
0 0.0557899 0.720312 0.11158 0.164062
0 0.666107 0.741406 0.334045 0.282813
0 0.0542526 0.771875 0.108505 0.164062
1 0.889587 0.906641 0.220825 0.186719
0 0.0789986 0.178516 0.157997 0.277344
0 0.245773 0.124219 0.248352 0.184766
0 0.882446 0.184131 0.235107 0.243457
0 0.365982 0.545703 0.343964 0.285156
0 0.237442 0.695312 0.359833 0.357812
0 0.383339 0.717188 0.317184 0.2625
0 0.895935 0.0962891 0.20813 0.192578
0 0.706177 0.108594 0.349121 0.217187
0 0.291992 0.153125 0.285645 0.128516
0 0.652222 0.318555 0.306274 0.214453
0 0.706177 0.314453 0.345947 0.248437
0 0.0602036 0.413672 0.120407 0.26875
0 0.216217 0.355273 0.316589 0.275391
0 0.579224 0.378027 0.288818 0.27207
0 0.660156 0.3625 0.328491 0.294531
0 0.554626 0.463379 0.363403 0.345117
0 0.060997 0.474219 0.121994 0.159375
0 0.304688 0.620313 0.387207 0.28125
0 0.0587654 0.669531 0.117531 0.179688
0 0.0508804 0.817187 0.101761 0.25625
0 0.879272 0.829687 0.241455 0.246875
0 0.131516 0.163281 0.263031 0.145313
0 0.470421 0.460254 0.41597 0.382617
0 0.201935 0.551562 0.294769 0.292188
0 0.649048 0.496094 0.306274 0.308594
0 0.306076 0.737109 0.374908 0.283594
0 0.0467148 0.865625 0.0934296 0.25
0 0.0549469 0.810156 0.109894 0.14375
1 0.0437393 0.960156 0.0874786 0.0796875
0 0.323681 0.123047 0.3881 0.246094
0 0.588745 0.120898 0.379272 0.241797
0 0.562164 0.138086 0.34198 0.251172
0 0.836624 0.279248 0.326752 0.355566
0 0.0571289 0.465527 0.114258 0.262695
1 0.884628 0.582812 0.230743 0.2625
0 0.0528145 0.764453 0.105629 0.253906
0 0.746643 0.801562 0.265015 0.326562
0 0.540344 0.832812 0.330078 0.267188
0 0.0872803 0.896875 0.174561 0.19375
0 0.195786 0.160742 0.349121 0.173828
0 0.149963 0.292969 0.246368 0.221094
0 0.0625839 0.517187 0.125168 0.15625
0 0.594299 0.773438 0.311035 0.267188
0 0.179321 0.824805 0.270172 0.219141
0 0.887802 0.895312 0.224396 0.209375
0 0.639526 0.150195 0.342773 0.275391
0 0.263229 0.357617 0.357452 0.248828
0 0.0545006 0.517969 0.109001 0.25625
0 0.824524 0.492285 0.350952 0.337305
0 0.0516243 0.616406 0.103249 0.260938
0 0.0518227 0.665234 0.103645 0.261719
1 0.881454 0.678125 0.237091 0.246875
0 0.0520706 0.714844 0.104141 0.260938
0 0.208084 0.80957 0.31778 0.296484
0 0.66333 0.789062 0.347534 0.310937
0 0.886414 0.823438 0.227173 0.353125
1 0.077858 0.806445 0.155716 0.152734
0 0.307663 0.80918 0.259064 0.194141
0 0.59787 0.81875 0.315796 0.245312
0 0.784729 0.932813 0.363403 0.134375
0 0.910217 0.0400391 0.179565 0.0800781
0 0.168709 0.123633 0.337418 0.247266
1 0.0860901 0.155078 0.17218 0.127734
1 0.0851974 0.196436 0.170395 0.150098
0 0.460205 0.464844 0.374512 0.283594
0 0.0520706 0.56875 0.104141 0.25625
1 0.882645 0.635156 0.234711 0.257812
0 0.0673447 0.567187 0.134689 0.170312
0 0.380463 0.764453 0.281677 0.244531
0 0.882446 0.873438 0.235107 0.232812
0 0.0415573 0.89375 0.0831146 0.2125
0 0.370544 0.807031 0.289612 0.210938
0 0.368362 0.926562 0.362213 0.146875
1 1 0 0 0
0 0.79425 0.143262 0.312622 0.251367
1 0.880463 0.282764 0.239075 0.250098
1 0.082222 0.233203 0.164444 0.165234
0 0.836426 0.341602 0.327148 0.299609
1 0.882645 0.421484 0.234711 0.422656
0 0.832458 0.415234 0.335083 0.375
1 0.828171 0.572656 0.305084 0.248437
0 0.0625343 0.617188 0.125069 0.178125
0 0.252766 0.802344 0.280785 0.251563
0 0.315796 0.921094 0.368164 0.157813
0 0.4245 0.942187 0.355469 0.115625
1 0.74704 1 0.102356 0
0 0.213638 0.127344 0.378876 0.219141
0 0.706573 0.152344 0.34198 0.28125
1 0.88205 0.516406 0.235901 0.225
1 0.880463 0.733594 0.239075 0.251563
0 0.197174 0.721484 0.347137 0.342969
0 0.226978 0.761719 0.385521 0.304688
0 0.461395 0.719922 0.30072 0.242969
0 0.613342 0.723437 0.345947 0.270312
0 0.886612 0.897656 0.226776 0.204688
1 0.0803871 0.857031 0.160774 0.204688
0 0.212845 0.130566 0.226929 0.261133
0 0.0840569 0.0994141 0.168114 0.198828
0 0.845352 0.143945 0.309296 0.255078
1 0.878876 0.335547 0.242249 0.252344
1 0.11396 0.45625 0.227921 0.176563
1 0.814087 0.634375 0.314209 0.282813
1 0.0790977 0.77793 0.158195 0.172266
0 0.0546494 0.8625 0.109299 0.1625
0 0.379173 0.869531 0.301712 0.260938
0 0.603027 0.901563 0.331665 0.196875
1 0.879272 0.435156 0.241455 0.254687
0 0.522491 0.776563 0.291199 0.240625
0 0.830673 0.930078 0.338654 0.139844
0 0.067791 0.0389648 0.135582 0.0779297
0 0.165436 0.139258 0.27652 0.278516
1 0.319366 0.267236 0.332458 0.299121
0 0.82373 0.395703 0.352539 0.347656
1 0.878876 0.480859 0.242249 0.245312
0 0.140839 0.796094 0.280884 0.267188
0 0.259262 0.815625 0.247162 0.185937
1 0.53598 0.875195 0.353088 0.249609
0 0.480438 0.949219 0.349915 0.101562
0 0.730774 0.938672 0.366577 0.122656
1 0.895935 0.0962891 0.20813 0.192578
1 0.881256 0.218701 0.237488 0.213379
1 0.481232 0.309961 0.391174 0.382422
1 0.0859909 0.282813 0.171982 0.183594
1 0.878677 0.38125 0.242645 0.246875
0 0.222763 0.823633 0.242798 0.190234
1 0.923584 0.975 0.114258 0.05
1 0.259857 0.209766 0.283264 0.203906
1 0.412201 0.296484 0.411804 0.372656
1 0.879272 0.782812 0.241455 0.246875
0 0.533203 0.720312 0.315796 0.259375
1 0.825989 0.732031 0.291992 0.26875
1 0.886612 0.897656 0.226776 0.204688
0 0.32254 0.871484 0.278503 0.257031
0 0.222912 0.919531 0.376991 0.160938
0 0.112671 0.0863281 0.225342 0.172656
1 0.447906 0.223242 0.357849 0.303516
1 0.186016 0.263477 0.262733 0.253516
1 0.333649 0.357812 0.308655 0.205469
1 0.103546 0.503906 0.207092 0.195312
1 0.10553 0.555078 0.21106 0.219531
1 0.548279 0.520312 0.092041 0.0953125
0 0.202728 0.135156 0.0650635 0.0628906
1 0.388695 0.533594 0.128738 0.120312
0 0.201885 0.123633 0.0611954 0.0566406
1 0.202728 0.135156 0.0650635 0.0628906
1 0.211803 0.813867 0.13102 0.125391
0 0.215027 0.129199 0.0610962 0.0597656
1 0.231689 0.859375 0.119812 0.109375
0 0.208282 0.134766 0.0531616 0.0527344
1 1 0 0 0
1 0.547089 0.521875 0.0968018 0.0953125
0 0.205505 0.132227 0.0662537 0.065625
0 0.193604 0.133789 0.0535583 0.0550781
1 0.616516 0.584766 0.0777588 0.0796875
0 0.196976 0.123926 0.0670471 0.0673828
1 0.387901 0.533203 0.128738 0.119531
1 0.205505 0.132227 0.0662537 0.065625
1 0.908508 0.0394531 0.109497 0.0789063
1 0.281876 0.798437 0.0924377 0.0953125
0 0.272354 0.662891 0.0380859 0.05
0 0.545105 0.519141 0.0968018 0.09375
1 0.549866 0.511719 0.0825195 0.078125
0 0.202728 0.133691 0.06427 0.0626953
1 0.547485 0.520312 0.0968018 0.096875
0 0.208679 0.123633 0.0706177 0.0671875
0 0.202927 0.133203 0.0638733 0.0621094
1 0.547485 0.521094 0.0968018 0.0953125
0 0.21463 0.129395 0.0666504 0.0654297
0 0.196728 0.122852 0.0619888 0.0585938
0 0.207886 0.122852 0.0682373 0.0628906
1 0.390381 0.533594 0.132507 0.121875
1 0.201736 0.133496 0.0638733 0.0617188
1 0.545898 0.520312 0.0983887 0.0953125
0 0.205505 0.133398 0.0682373 0.0636719
0 0.196182 0.129492 0.0674438 0.0625
1 0.198315 0.132324 0.067543 0.0623047
0 0.218994 0.127539 0.0714111 0.0679687
1 0.283264 0.800781 0.0698242 0.0671875
1 0.276917 0.796094 0.0896606 0.0859375
1 0.391869 0.532812 0.13826 0.126563
0 0.19643 0.119141 0.069725 0.0632813
0 0.202728 0.13125 0.0595093 0.0570313
1 0.546692 0.521875 0.0936279 0.0953125
0 0.210266 0.134473 0.0583191 0.0576172
0 0.196381 0.122168 0.059906 0.0513672
1 0.200001 0.131445 0.0594101 0.0570313
0 0.204315 0.133008 0.0658569 0.0644531
1 0.545898 0.525 0.0952148 0.09375
0 0.196976 0.124805 0.0587158 0.0570313
0 0.213043 0.128711 0.0583191 0.0601562
1 0.201141 0.132227 0.0618896 0.0617188
1 0.280487 0.804883 0.0630798 0.0652344
1 0.546692 0.519922 0.0968018 0.0960938
0 0.204315 0.132129 0.06427 0.0630859
0 0.200348 0.124609 0.0626831 0.059375
1 0.199356 0.131152 0.0654602 0.0617188
0 0.207092 0.119531 0.0650635 0.0585938
0 0.213043 0.126367 0.06427 0.0636719
1 0.546295 0.522266 0.0936279 0.0914062
0 0.203125 0.13418 0.0626831 0.059375
0 0.21106 0.138672 0.0595093 0.0578125
1 0.813293 0.0900391 0.0507812 0.0539063
1 0.203125 0.13418 0.0626831 0.059375
0 0.282471 0.664844 0.0618896 0.065625
0 0.199951 0.125 0.0614929 0.05625
1 0.809326 0.094751 0.0412598 0.0515137
1 0.545105 0.522266 0.0936279 0.0921875
0 0.204117 0.133984 0.06427 0.0625
0 0.201538 0.123926 0.0575256 0.0515625
0 0.215622 0.128223 0.0587158 0.0607422
1 0.200546 0.134277 0.0630798 0.0607422
1 0.546692 0.522656 0.0952148 0.0921875
0 0.204117 0.133594 0.0658569 0.0664062
0 0.214233 0.128711 0.0658569 0.0675781
0 0.209076 0.141211 0.0658569 0.0699219
1 0.199356 0.13418 0.068634 0.0660156
1 0.546692 0.520312 0.0936279 0.0953125
0 0.204315 0.132617 0.0618896 0.0589844
0 0.213043 0.128711 0.0583191 0.059375
1 0.200348 0.132617 0.0622864 0.0609375
1 0.545898 0.521875 0.0983887 0.0953125
0 0.204315 0.133203 0.0634766 0.0617188
0 0.194199 0.13457 0.0567322 0.0589844
0 0.202133 0.136621 0.0416565 0.0476562
0 0.198761 0.126758 0.0638733 0.0578125
1 0.0173569 1 0.0347137 0
1 0.546692 0.520312 0.092041 0.09375
0 0.203522 0.133887 0.0634766 0.0619141
1 0.200745 0.133984 0.0658569 0.0632813
0 0.210663 0.12793 0.0618896 0.0597656
1 1 0.062207 0 0.123438
1 1 0.936719 0 0.123438
1 1 0.0504883 0 0.100977
1 1 0.323633 0 0.122266
1 1 0.965625 0 0.06875
1 1 0.697656 0 0.11875
1 1 0.297852 0 0.119531
1 1 0.910937 0 0.121875
1 1 0.345313 0 0.114063
1 1 0.672656 0 0.11875
1 1 0.372266 0 0.117188
1 1 0.976562 0 0.046875
1 1 0.10957 0 0.116211
1 1 0.222705 0 0.118652
1 1 0.798437 0 0.120312
1 1 0.884375 0 0.11875
1 1 0.258203 0 0.116797
1 0.544312 0.51875 0.0944214 0.09375
0 0.202728 0.134082 0.06427 0.0619141
1 0.545502 0.519922 0.0952148 0.0929687
0 0.203918 0.133496 0.06427 0.0623047
0 0.200745 0.124121 0.0587158 0.0541016
1 0.545898 0.521484 0.0983887 0.096875
0 0.203522 0.13418 0.0654602 0.0625
0 0.193802 0.132031 0.0591125 0.0578125
0 0.201538 0.133301 0.06427 0.0621094
1 0.545898 0.521094 0.0952148 0.0921875
0 0.202332 0.131836 0.0666504 0.0628906
1 0.546295 0.522656 0.0944214 0.0914062
1 0.547485 0.520312 0.0960083 0.09375
0 0.204712 0.133203 0.0638733 0.0617188
0 0.201736 0.124512 0.0618896 0.0564453
1 0.545898 0.519531 0.0968018 0.0953125
0 0.201538 0.133984 0.0630798 0.0601562
1 0.546295 0.520703 0.0944214 0.0929687
0 0.203125 0.133594 0.0638733 0.0601562
1 0.547089 0.520312 0.0952148 0.09375
0 0.203323 0.132812 0.0654602 0.0632813
1 0.199753 0.133203 0.0662537 0.0642578
1 0.545105 0.520312 0.0936279 0.0921875
0 0.202728 0.13418 0.0646667 0.0617188
1 0.203918 0.133984 0.0638733 0.0628906
1 0.211506 0.619531 0.111778 0.121875
1 0.223358 0.8625 0.101562 0.103125
1 0.546692 0.521875 0.0952148 0.096875
0 0.202927 0.132227 0.0614929 0.0597656
1 0.898193 0.0981445 0.0571289 0.0482422
0 0.825195 0.836719 0.0396729 0.0296875
1 0.821228 0.0923584 0.0587158 0.0523926
0 0.745056 0.4875 0.0444336 0.034375
0 0.818848 0.846875 0.0349121 0.0359375
1 0.8125 0.0956055 0.0476074 0.0490234
1 0.545898 0.520703 0.0952148 0.0953125
0 0.205505 0.13418 0.06427 0.0632813
1 0.545105 0.521094 0.092041 0.090625
0 0.202133 0.132227 0.0630798 0.0632813
0 0.822021 0.835156 0.0476074 0.0328125
0 0.818848 0.842969 0.0380859 0.040625
0 0.820435 0.835938 0.0380859 0.04375
1 0.200298 0.132031 0.0643692 0.0625
0 0.202728 0.132227 0.0634766 0.0597656
1 0.545502 0.521875 0.0968018 0.096875
1 0.545105 0.519922 0.092041 0.0921875
0 0.205505 0.133008 0.0658569 0.0640625
1 0.546692 0.519922 0.0904541 0.0882813
0 0.203968 0.134277 0.0657578 0.0626953
1 0.0145302 0.961719 0.0290604 0.0765625
1 0.546295 0.520703 0.0944214 0.0929687
0 0.203918 0.133984 0.06427 0.0621094
1 0.546692 0.522656 0.0952148 0.09375
0 0.204712 0.133496 0.0670471 0.0638672
1 0 0.978125 0 0.04375
0 0.203323 0.133496 0.0646667 0.0615234
1 0.546692 0.521094 0.0952148 0.09375
1 0.643494 0.538281 0.134094 0.132812
0 0.202927 0.133398 0.0662537 0.0632813
1 0.549072 0.520312 0.0936279 0.09375
1 0.544312 0.521875 0.0968018 0.096875
0 0.203918 0.134277 0.06427 0.0625
1 0.20015 0.137695 0.0682373 0.0636719
1 0.544312 0.523828 0.0952148 0.0945313
0 0.202927 0.13418 0.0674438 0.0667969
1 0.201538 0.134082 0.0666504 0.0660156
1 0 0.951563 0 0.096875
1 0.546692 0.522656 0.0944214 0.0929687
0 0.201538 0.133789 0.0638733 0.0632813
1 0.280289 0.798437 0.068634 0.0703125
1 0.231293 0.869531 0.0928345 0.0875
1 0.202728 0.134375 0.0654602 0.0648438
1 0.546692 0.521875 0.0975952 0.096875
0 0.202133 0.133984 0.0638733 0.0632813
0 0.203323 0.133594 0.0658569 0.0638672
1 0.545105 0.522266 0.0952148 0.0945313
1 0.201141 0.133789 0.0666504 0.0652344
1 0.545898 0.523438 0.0936279 0.09375
0 0.203522 0.135742 0.06427 0.0632813
0 0.203175 0.133398 0.0649643 0.0613281
1 0.547485 0.521484 0.0968018 0.0945313
0 0.191422 0.103223 0.0535583 0.0576172
1 0.633179 0.535156 0.119019 0.11875
1 0.545105 0.523438 0.0936279 0.0921875
0 0.205109 0.133984 0.0666504 0.0640625
0 0.204117 0.132617 0.0638733 0.0615234
1 0.545502 0.521484 0.0960083 0.09375
1 0.545898 0.522266 0.0968018 0.0953125
0 0.203918 0.135449 0.0626831 0.0617188
1 0.545898 0.522656 0.0944214 0.090625
0 0.203522 0.135352 0.0634766 0.0617188
1 0.895813 0.0999023 0.0618896 0.0587891
1 0.546692 0.523828 0.0936279 0.09375
0 0.205505 0.135547 0.0650635 0.0623047
1 0.545898 0.523438 0.0936279 0.0921875
0 0.203125 0.133789 0.0650635 0.0636719
1 0.545105 0.522656 0.0936279 0.0921875
0 0.204514 0.134766 0.0674438 0.0640625
1 0.547089 0.521875 0.0944214 0.09375
0 0.203522 0.134766 0.0670471 0.0640625
1 0.546692 0.522266 0.092041 0.0898438
0 0.204712 0.135547 0.0658569 0.0640625
1 0.546692 0.524219 0.0936279 0.0921875
0 0.201935 0.135547 0.0650635 0.0625
1 0.545898 0.521875 0.0936279 0.0921875
0 0.202728 0.134375 0.0618896 0.0601562
1 0.898193 0.0938477 0.0587158 0.0568359
0 0.204117 0.135156 0.0610962 0.0605469
1 0.546692 0.524609 0.0968018 0.0929687
0 0.739105 0.266406 0.0388794 0.0398437
1 0.546692 0.523438 0.0952148 0.0914062
0 0.203323 0.135547 0.0630798 0.0609375
0 0.203918 0.136133 0.0610962 0.0605469
1 0.547485 0.524219 0.0952148 0.09375
1 0.547485 0.521094 0.0936279 0.0929687
0 0.203522 0.135352 0.0634766 0.0609375
1 0.201588 0.135937 0.0641708 0.0609375
1 0.545898 0.522656 0.0952148 0.0921875
0 0.204117 0.135156 0.0646667 0.0628906
1 0.201141 0.135352 0.0658569 0.0636719
1 0.545898 0.522656 0.0952148 0.09375
0 0.201935 0.136719 0.0634766 0.0640625
1 0.735931 0.501562 0.0603027 0.0734375
1 0.547485 0.522266 0.0975952 0.0953125
0 0.204315 0.135156 0.0658569 0.0640625
1 0.547089 0.523438 0.0952148 0.0921875
0 0.202927 0.133887 0.0666504 0.0654297
1 0.547089 0.521094 0.0936279 0.09375
0 0.203125 0.133301 0.0662537 0.0642578
1 0.547485 0.524219 0.0960083 0.0921875
0 0.203918 0.135156 0.0634766 0.0613281
1 0.547485 0.524609 0.0936279 0.0945313
0 0.203125 0.133594 0.0650635 0.0628906
1 0.548279 0.522656 0.0952148 0.09375
0 0.203323 0.137891 0.0650635 0.0628906
1 0.545898 0.524219 0.0952148 0.09375
0 0.204315 0.133887 0.0618896 0.0611328
1 0.204315 0.133887 0.0618896 0.0611328
0 0.20253 0.133789 0.0622864 0.0621094
1 0.547882 0.523828 0.0944214 0.0929687
0 0.199554 0.677344 0.103546 0.101562
0 0.194 0.686719 0.0821228 0.0875
0 0.208332 0.694922 0.106224 0.108594
1 0.494324 0.854688 0.0983887 0.0984375
1 0.547485 0.523828 0.0936279 0.0929687
0 0.20372 0.13418 0.0630798 0.0613281
1 0.497498 0.851562 0.0999756 0.1
1 0.548279 0.523828 0.0968018 0.0929687
0 0.202927 0.134277 0.0622864 0.0611328
1 0.223755 0.730469 0.12973 0.134375
1 0.207836 0.620703 0.111977 0.129688
1 0.101562 0.8625 0.111084 0.1125
1 0.549469 0.524609 0.0944214 0.0914062
0 0.204315 0.133594 0.06427 0.0625
0 0.204712 0.134961 0.06427 0.0625
1 0.548279 0.524219 0.0936279 0.09375
1 0.514954 0.395312 0.104736 0.0992187
0 0.203522 0.135352 0.0622864 0.0621094
1 0.547485 0.525781 0.0952148 0.0929687
1 0.95108 0.388672 0.0978394 0.121875
0 0.204712 0.134277 0.0634766 0.0628906
1 0.548279 0.522656 0.0952148 0.09375
1 0.61731 0.580859 0.0825195 0.0820312
1 0.546692 0.522656 0.0936279 0.0945313
0 0.204117 0.135352 0.0595093 0.0597656
1 0.548279 0.524219 0.0952148 0.09375
0 0.204712 0.134766 0.0626831 0.0621094
1 0.622864 0.579687 0.0968018 0.0929687
1 0.548279 0.521875 0.0936279 0.0921875
0 0.203522 0.135547 0.0618896 0.0605469
1 0.954254 0.392969 0.0914917 0.115625
1 0.547485 0.522656 0.0944214 0.09375
0 0.204315 0.135547 0.0626831 0.0625
1 0.551453 0.524219 0.092041 0.09375
0 0.204117 0.135059 0.0634766 0.0638672
1 0.546692 0.522656 0.0936279 0.0921875
0 0.204712 0.135059 0.0626831 0.0630859
1 0.0955124 0.854688 0.132111 0.128125
1 0.546692 0.522266 0.0968018 0.0929687
0 0.203918 0.133789 0.0634766 0.0628906
1 0.549072 0.524219 0.0944214 0.090625
0 0.205505 0.135156 0.0658569 0.0636719
1 0.549072 0.523438 0.0960083 0.0953125
0 0.204315 0.13418 0.0650635 0.0636719
1 0.101786 0.85 0.119366 0.1125
1 0.42926 0.815625 0.0650635 0.06875
0 0.87677 0.4125 0.0428467 0.0390625
1 0.547089 0.523438 0.0944214 0.0921875
0 0.204712 0.136133 0.06427 0.0628906
1 0.549072 0.525 0.0952148 0.0945313
0 0.205109 0.135352 0.0646667 0.0625
0 0.205109 0.13457 0.0666504 0.0644531
1 0.549866 0.524219 0.0968018 0.09375
0 0.205902 0.134375 0.0682373 0.0652344
1 0.547485 0.525781 0.0944214 0.0921875
0 0.203125 0.132227 0.0634766 0.0626953
1 0.548279 0.525781 0.0968018 0.09375
0 0.203918 0.134375 0.0634766 0.0628906
1 0.548676 0.526563 0.0960083 0.0921875
0 0.202927 0.135742 0.0634766 0.0628906
1 0.548279 0.527344 0.0928345 0.0953125
1 0.548676 0.525781 0.0912476 0.090625
0 0.203918 0.135156 0.0634766 0.0621094
1 0.549072 0.526563 0.0928345 0.09375
0 0.203918 0.135352 0.0634766 0.0632813
1 0.549866 0.526563 0.0904541 0.090625
0 0.205109 0.134961 0.0650635 0.0632813
1 0.0958347 0.853906 0.136028 0.128125
1 0.547089 0.525391 0.092041 0.0921875
0 0.203522 0.135547 0.0634766 0.0617188
1 0.550659 0.525 0.092041 0.0914062
0 0.20372 0.132812 0.0638733 0.0617188
1 0.550659 0.526953 0.0904541 0.090625
0 0.205505 0.135156 0.0634766 0.0623047
1 0.549469 0.526172 0.0912476 0.090625
0 0.205902 0.137695 0.06427 0.0625
0 0.188843 0.0881836 0.0563354 0.05
0 0.2061 0.13623 0.0638733 0.0626953
1 0.549072 0.526172 0.0952148 0.0929687
0 0.189835 0.0908203 0.0603027 0.05625
0 0.204712 0.134277 0.0654602 0.0642578
1 0.549866 0.528125 0.092041 0.09375
1 0.549866 0.526563 0.0952148 0.09375
0 0.204712 0.134961 0.0626831 0.0609375
0 0.875183 0.413281 0.0412598 0.040625
1 0.548279 0.524219 0.0936279 0.0921875
0 0.204712 0.136133 0.0634766 0.0625
1 0.549072 0.526172 0.0928345 0.0921875
0 0.20491 0.133105 0.0650635 0.0634766
0 0.205109 0.133984 0.06427 0.0621094
1 0.551453 0.526953 0.0888672 0.0890625
0 0.202927 0.13418 0.0630798 0.0613281
1 0.547882 0.528906 0.0936279 0.0945313
1 0.548279 0.527344 0.0936279 0.0921875
0 0.20491 0.135156 0.0630798 0.0613281
0 0.202728 0.104687 0.0464172 0.0449219
0 0.202728 0.135156 0.0610962 0.0605469
1 0.550659 0.527344 0.0936279 0.0960938
0 0.203522 0.105469 0.0460205 0.0476562
0 0.203125 0.134961 0.0618896 0.0621094
1 0.548279 0.525 0.0936279 0.09375
0 0.215027 0.161328 0.0595093 0.0476562
0 0.203522 0.107715 0.0527649 0.0503906
1 0.549469 0.527344 0.0928345 0.09375
0 0.203918 0.135156 0.0626831 0.0617188
0 0.204117 0.10625 0.0495911 0.0480469
0 0.20372 0.133984 0.0646667 0.0625
1 0.550659 0.528125 0.092041 0.0921875
0 0.203125 0.13418 0.06427 0.0625
1 0.550659 0.528125 0.0904541 0.0921875
0 0.203918 0.134863 0.0626831 0.0619141
1 0.549072 0.528125 0.092041 0.0921875
0 0.598267 1 0.0848999 0
0 0.582397 1 0.0825195 0
0 0.193802 0.146289 0.0503845 0.0523437
1 0.546692 0.526563 0.0936279 0.0921875
0 0.201885 0.132812 0.0635757 0.0619141
1 0.548279 0.526563 0.0936279 0.09375
0 0.203175 0.133789 0.0641708 0.0634766
1 0.547485 0.526563 0.0936279 0.0921875
0 0.204514 0.13418 0.0638733 0.0628906
1 0.550659 0.526953 0.092041 0.0914062
0 0.202927 0.13418 0.0622864 0.0615234
1 0.550659 0.525781 0.0904541 0.090625
0 0.202332 0.133398 0.0638733 0.0625
1 0.548279 0.526563 0.0936279 0.09375
0 0.202679 0.133984 0.0643692 0.0632813
1 0.549072 0.526563 0.0928345 0.0921875
0 0.203125 0.13457 0.06427 0.0628906
1 0.549866 0.526563 0.0936279 0.09375
0 0.203918 0.13418 0.0626831 0.0621094
1 0.549469 0.526953 0.0928345 0.0929687
0 0.203522 0.13457 0.0626831 0.0613281
1 0.549866 0.526563 0.0936279 0.0921875
0 0.201885 0.133008 0.0611954 0.0613281
1 0.549866 0.528125 0.0936279 0.0898438
0 0.201538 0.133887 0.0622864 0.0615234
1 0.548676 0.529688 0.0936279 0.0945313
0 0.200943 0.134082 0.0622864 0.0623047
1 0.549866 0.528125 0.0952148 0.0953125
0 0.202332 0.134766 0.0618896 0.0613281
1 0.549866 0.526563 0.0936279 0.09375
0 0.201935 0.133398 0.0610962 0.0609375
0 0.201935 0.134375 0.0618896 0.0621094
1 0.549866 0.527734 0.0936279 0.09375
1 0.549072 0.528125 0.0936279 0.0921875
0 0.202282 0.133594 0.0627823 0.0621094
0 0.201736 0.13418 0.0622864 0.0609375
1 0.549469 0.527344 0.0928345 0.0921875
0 0.202332 0.133789 0.0630798 0.0621094
1 0.549866 0.528906 0.0936279 0.0953125
1 0.550659 0.527344 0.092041 0.090625
0 0.200943 0.133203 0.0626831 0.0621094
1 0.548676 0.526172 0.0928345 0.0914062
0 0.200397 0.133398 0.0617905 0.0611328
1 0.549072 0.528516 0.0936279 0.09375
0 0.203522 0.134863 0.0634766 0.0626953
0 0.203918 0.134961 0.0626831 0.0625
1 0.547485 0.528125 0.0952148 0.0929687
1 0.548279 0.528516 0.0936279 0.0929687
0 0.204117 0.134375 0.0622864 0.0619141
1 0.549072 0.527344 0.0936279 0.0914062
0 0.205109 0.135937 0.0626831 0.0621094
1 0.548279 0.526563 0.0944214 0.0921875
0 0.202728 0.133789 0.0610962 0.0611328
1 0.548279 0.526953 0.0936279 0.0921875
0 0.201935 0.135059 0.0603027 0.0599609
1 0.551453 0.528125 0.0952148 0.0921875
0 0.201935 0.13457 0.0618896 0.0617188
1 0.551453 0.528125 0.0944214 0.090625
0 0.201885 0.135156 0.0627823 0.0621094
1 0.549866 0.527734 0.0952148 0.0914062
0 0.203323 0.13457 0.0622864 0.0613281
1 0.549866 0.525 0.0936279 0.0921875
0 0.203522 0.134668 0.0626831 0.0611328
1 0.550659 0.525 0.0936279 0.0921875
0 0.201538 0.133398 0.0618896 0.0617188
1 0.549866 0.525781 0.0936279 0.0921875
0 0.202133 0.133691 0.0610962 0.0603516
1 0.548279 0.526563 0.0944214 0.09375
0 0.203522 0.133594 0.0626831 0.0613281
1 0.549072 0.528125 0.0936279 0.09375
0 0.202728 0.134375 0.0626831 0.0617188
1 0.549866 0.527344 0.092041 0.0921875
0 0.20253 0.13418 0.0626831 0.0617188
1 0.550262 0.526563 0.0928345 0.0921875
0 0.202728 0.133984 0.0622864 0.0613281
1 0.550659 0.526563 0.0912476 0.090625
0 0.203323 0.134961 0.0622864 0.0613281
1 0.549469 0.526563 0.0944214 0.0921875
0 0.203125 0.134766 0.0618896 0.0609375
1 0.549469 0.526563 0.0936279 0.0921875
0 0.201935 0.134766 0.0610962 0.0597656
1 0.549866 0.525781 0.0936279 0.090625
0 0.203522 0.134961 0.0610962 0.0609375
1 0.549866 0.526563 0.092041 0.090625
0 0.202332 0.134766 0.0622864 0.0609375
1 0.549072 0.526563 0.092041 0.090625
0 0.202332 0.134473 0.0622864 0.0613281
0 0.20253 0.134082 0.0618896 0.0611328
1 0.549072 0.527344 0.0936279 0.09375
0 0.202927 0.135156 0.0614929 0.0601562
1 0.549072 0.526563 0.0936279 0.0921875
1 0.552246 0.526953 0.0936279 0.0914062
0 0.202728 0.133984 0.0622864 0.0617188
1 0.549866 0.526563 0.0936279 0.090625
0 0.203125 0.13457 0.0626831 0.0617188
1 0.550262 0.527344 0.0960083 0.0921875
0 0.203522 0.135937 0.0618896 0.0613281
1 0.549866 0.527344 0.0944214 0.0921875
0 0.203125 0.134766 0.0626831 0.0609375
1 0.550659 0.528125 0.0936279 0.090625
0 0.201538 0.133984 0.0622864 0.0609375
1 0.551056 0.527344 0.0944214 0.090625
0 0.201488 0.134375 0.0611954 0.0601562
1 0.549866 0.528516 0.0952148 0.09375
0 0.201736 0.133984 0.0618896 0.0609375
1 0.549469 0.528125 0.0944214 0.09375
0 0.201736 0.133691 0.0618896 0.0611328
1 0.549072 0.526953 0.0936279 0.0898438
0 0.202133 0.135156 0.0622864 0.0613281
1 0.549469 0.527344 0.0944214 0.090625
0 0.201538 0.135352 0.0618896 0.0609375
1 0.549469 0.527344 0.0936279 0.0898438
0 0.201141 0.133789 0.0614929 0.0603516
1 0.549072 0.528125 0.0952148 0.09375
0 0.201736 0.135742 0.0618896 0.0609375
1 0.549072 0.527344 0.0944214 0.0921875
0 0.201141 0.134961 0.0610962 0.0597656
1 0.549072 0.527344 0.0944214 0.0914062
0 0.201935 0.134277 0.0614929 0.0605469
1 0.549072 0.527734 0.0936279 0.0914062
0 0.20134 0.134473 0.0622864 0.0611328
1 0.549072 0.527734 0.0944214 0.0914062
0 0.203125 0.134473 0.0618896 0.0607422
1 0.548279 0.527344 0.0936279 0.0921875
0 0.203918 0.135449 0.0618896 0.0611328
1 0.549072 0.528125 0.0944214 0.0921875
0 0.202927 0.134961 0.0618896 0.0609375
1 0.549072 0.527734 0.0952148 0.0929687
0 0.202332 0.134375 0.0618896 0.0613281
1 0.549866 0.528125 0.0944214 0.0929687
0 0.202133 0.135156 0.0618896 0.0609375
1 0.550262 0.527344 0.0944214 0.0921875
0 0.202332 0.135156 0.0618896 0.0613281
1 0.549072 0.528125 0.0952148 0.09375
0 0.202728 0.13457 0.0626831 0.0621094
1 0.549866 0.528906 0.0952148 0.0921875
0 0.202728 0.134961 0.0618896 0.0617188
1 0.550659 0.528125 0.0936279 0.090625
0 0.202728 0.134668 0.0626831 0.0619141
1 0.549866 0.528125 0.0944214 0.0929687
0 0.202728 0.13457 0.0618896 0.0613281
1 0.550659 0.527344 0.0944214 0.090625
0 0.201885 0.133789 0.0619888 0.0609375
1 0.549469 0.528125 0.0952148 0.09375
0 0.201736 0.134473 0.0622864 0.0613281
1 0.550659 0.528516 0.0952148 0.09375
0 0.202133 0.133301 0.0626831 0.0615234
1 0.550659 0.528125 0.0936279 0.0921875
0 0.201588 0.133008 0.0625839 0.0613281
1 0.549866 0.528906 0.0944214 0.0921875
0 0.201736 0.134082 0.0626831 0.0615234
1 0.551453 0.528125 0.0944214 0.090625
0 0.202332 0.133984 0.0622864 0.0613281
1 0.550262 0.528125 0.0944214 0.0914062
0 0.202133 0.133691 0.0622864 0.0611328
1 0.069725 0.641406 0.112076 0.120312
1 0.549469 0.528906 0.0944214 0.0929687
0 0.202133 0.134668 0.0626831 0.0615234
1 0.0676918 0.640625 0.115944 0.125
1 0.25708 0.95 0.115051 0.1
1 0.549469 0.528906 0.0944214 0.0921875
0 0.201736 0.13457 0.0622864 0.0613281
1 0.256485 0.95 0.111084 0.1
1 0.067543 0.641016 0.114853 0.124219
1 0.549469 0.528906 0.0944214 0.0929687
0 0.20134 0.134766 0.0626831 0.0617188
1 0.256683 0.950391 0.110291 0.0992187
1 0.0680389 0.641406 0.115448 0.125
1 0.549469 0.528906 0.0952148 0.09375
0 0.201538 0.134473 0.0622864 0.0611328
1 0.549072 0.528125 0.0952148 0.0921875
0 0.201191 0.134766 0.0625839 0.0613281
1 0.549469 0.528516 0.0944214 0.0921875
0 0.200943 0.13457 0.0622864 0.0613281
1 0.549072 0.528125 0.0952148 0.0921875
0 0.201141 0.13457 0.0626831 0.0613281
1 0.549072 0.528125 0.0952148 0.0921875
0 0.200943 0.13457 0.0622864 0.0613281
1 0.549072 0.528125 0.0952148 0.0921875
0 0.200695 0.134668 0.0619888 0.0611328
1 0.549072 0.528516 0.0952148 0.0929687
0 0.200546 0.13457 0.0622864 0.0613281
1 0.546295 0.520703 0.0944214 0.0929687
0 0.203918 0.133984 0.06427 0.0621094
0 0.202332 0.124414 0.0583191 0.0539063
0 0.210266 0.128906 0.0567322 0.0578125
