1 0.620483 0.958594 0.103149 0.0828125
0 0.403076 0.278906 0.806152 0.557813
0 0.377686 0.208203 0.755371 0.416406
1 0.403076 0.224219 0.806152 0.448438
0 0.377686 0.408984 0.755371 0.817969
0 0.783936 0.372266 0.0682373 0.0648438
1 0.352295 0.267188 0.70459 0.534375
1 0.404266 0.339844 0.808533 0.679688
1 0.349319 0.183008 0.698639 0.366016
1 0.403076 0.1625 0.806152 0.325
0 0.314606 0.386328 0.629211 0.772656
1 0.386612 0.0990234 0.773224 0.198047
0 0.346542 0.530469 0.693085 0.920313
0 0.399109 0.735937 0.798218 0.528125
0 0.349319 0.183008 0.698639 0.366016
1 0.321548 0.137109 0.643097 0.274219
0 0.403076 0.1625 0.806152 0.325
0 0.397125 0.807031 0.79425 0.385938
1 0.376297 0.123438 0.752594 0.246875
0 0.4729 0.223633 0.945801 0.447266
1 0.351105 0.444531 0.702209 0.889063
1 0.303894 0.205078 0.607788 0.410156
1 0.311829 0.340625 0.623657 0.68125
1 0.316193 0.100488 0.632385 0.200977
0 0.359436 0.88125 0.718872 0.2375
0 0.500671 0.827344 0.893433 0.345313
0 0.433128 0.871289 0.733353 0.257422
0 0.390381 0.224023 0.656189 0.448047
1 0.338409 0.656641 0.676819 0.686719
0 0.266602 0.466309 0.533203 0.776758
1 0.388 0.846094 0.776001 0.307813
1 0.359436 0.88125 0.718872 0.2375
1 0.300323 0.825586 0.600647 0.348828
0 0.310043 0.874414 0.620087 0.251172
1 0.397125 0.807031 0.79425 0.385938
0 0.401489 0.120898 0.802979 0.241797
1 0.895935 0.0785156 0.20813 0.157031
0 0.787308 0.380859 0.0726013 0.105469
1 0.86824 0.340234 0.234467 0.175781
1 0.390381 0.224023 0.656189 0.448047
1 0.291199 0.110547 0.582397 0.221094
0 0.191223 0.0197754 0.382446 0.0395508
0 0.367172 0.83125 0.734344 0.3375
0 0.338409 0.656641 0.676819 0.686719
1 0.217407 0.900781 0.434814 0.198437
0 0.383339 0.118555 0.609177 0.237109
0 0.309052 0.233594 0.618103 0.467187
1 0.857452 0.0518555 0.285095 0.103711
1 0.787903 0.372266 0.0761719 0.125
1 0.439575 0.860352 0.85376 0.279297
0 0.145203 0.0357422 0.290405 0.0714844
0 0.226135 0.875781 0.452271 0.226562
1 0.205505 0.0679687 0.411011 0.135937
0 0.164444 0.0583984 0.328888 0.116797
1 0.4729 0.223633 0.945801 0.447266
1 0.87471 0.358594 0.25058 0.170312
0 0.86824 0.340234 0.234467 0.175781
0 0.809448 0.0489258 0.381104 0.0978516
0 0.87471 0.358594 0.25058 0.170312
0 0.55661 0.36875 0.494324 0.3625
1 0.96814 0.0464844 0.0637207 0.0929687
0 0.151947 0.0948242 0.303894 0.189648
0 0.217407 0.900781 0.434814 0.198437
0 0.337219 0.0860352 0.49353 0.17207
0 0.249939 0.177393 0.499878 0.347559
0 0.525368 0.0474609 0.453659 0.0949219
0 0.872131 0.516406 0.255737 0.45625
0 0.75061 0.0293945 0.391968 0.0587891
0 0.96814 0.0464844 0.0637207 0.0929687
1 0.971313 0.13457 0.057373 0.228516
1 0.249939 0.177393 0.499878 0.347559
0 0.15889 0.788867 0.31778 0.319141
0 0.901489 0.88125 0.197021 0.203125
0 0.837021 0.549609 0.325958 0.544531
0 0.649841 0.0290039 0.391968 0.0580078
1 0.809448 0.0489258 0.381104 0.0978516
0 0.855667 0.11582 0.288666 0.231641
0 0.0926361 0.0931641 0.185272 0.186328
1 0.677216 0.929688 0.245178 0.140625
1 0.96933 0.0658691 0.0613403 0.131738
1 0.881256 0.123047 0.237488 0.219531
1 0.972107 0.17334 0.0557861 0.241602
1 0.872925 0.395703 0.25415 0.161719
1 0.15889 0.788867 0.31778 0.319141
1 0.399109 0.735937 0.798218 0.528125
0 0.949097 0.899609 0.101807 0.200781
0 0.857452 0.0518555 0.285095 0.103711
1 0.879669 0.910937 0.240662 0.178125
1 0.0431442 0.150488 0.0862885 0.300977
0 0.974091 0.263672 0.0518188 0.272656
1 0.837021 0.549609 0.325958 0.544531
1 0.0926361 0.0931641 0.185272 0.186328
1 0.971313 0.0945313 0.057373 0.189063
0 0.397522 0.478125 0.795044 0.9125
1 0.872131 0.516406 0.255737 0.45625
1 0.961792 0.5625 0.076416 0.445312
1 0.328491 0.0172852 0.560974 0.0345703
1 0.968536 0.617188 0.0629272 0.4375
0 0.964172 0.886328 0.0716553 0.227344
1 0.107117 0.841602 0.214233 0.316797
1 0.191223 0.0197754 0.382446 0.0395508
1 0.383339 0.118555 0.609177 0.237109
1 0.973694 0.216211 0.0526123 0.241016
0 0.300323 0.825586 0.600647 0.348828
0 0.895935 0.0785156 0.20813 0.157031
1 0.625244 0.925 0.139648 0.15
1 0.145203 0.0357422 0.290405 0.0714844
0 0.496704 0.436719 0.590332 0.6625
1 0.967346 0.83418 0.0653076 0.228516
1 0.405853 0.467578 0.745056 0.935156
0 0.632385 0.633594 0.387207 0.253125
0 0.973694 0.216211 0.0526123 0.241016
0 0.398315 0.325391 0.720459 0.650781
1 0.632385 0.633594 0.387207 0.253125
0 0.205505 0.0679687 0.411011 0.135937
0 0.40873 0.210938 0.625046 0.421875
0 0.210266 0.119141 0.420532 0.238281
0 0.59668 0.332617 0.417358 0.316016
0 0.679993 0.333398 0.369751 0.245703
0 0.572479 0.662891 0.338806 0.257031
0 0.0431442 0.150488 0.0862885 0.300977
0 0.447113 0.0548828 0.414978 0.109766
0 0.972107 0.17334 0.0557861 0.241602
0 0.787109 0.378906 0.0999756 0.09375
1 0.879868 0.175342 0.240265 0.240723
0 0.891174 0.279492 0.217651 0.401953
0 0.974091 0.318555 0.0518188 0.433984
0 0.677216 0.929688 0.245178 0.140625
1 0.0807343 0.217773 0.161469 0.435547
0 0.881454 0.22417 0.237091 0.278223
1 0.957031 0.521094 0.0859375 0.607813
1 0.179817 0.917188 0.359634 0.165625
0 0.165337 0.110449 0.330673 0.213867
1 0.310043 0.874414 0.620087 0.251172
1 0.337219 0.0860352 0.49353 0.17207
1 0.85614 0.279639 0.207886 0.281348
0 0.968536 0.617188 0.0629272 0.4375
0 0.107117 0.841602 0.214233 0.316797
0 0.502258 0.866406 0.636353 0.267188
1 0.974091 0.263672 0.0518188 0.272656
0 0.632385 0.91875 0.145996 0.1625
0 0.524078 0.456641 0.560974 0.471094
0 0.971313 0.13457 0.057373 0.228516
1 0.572479 0.662891 0.338806 0.257031
1 0.788696 0.380469 0.114258 0.0890625
1 0.110687 0.79082 0.221375 0.418359
0 0.328491 0.0172852 0.560974 0.0345703
0 0.85614 0.279639 0.207886 0.281348
1 0.974091 0.318555 0.0518188 0.433984
0 0.874115 0.434766 0.25177 0.446094
0 0.9729 0.355273 0.0541992 0.586328
0 0.967346 0.83418 0.0653076 0.228516
1 0.881454 0.22417 0.237091 0.278223
0 0.284058 0.803906 0.42926 0.326562
1 0.70578 0.923047 0.322937 0.153906
0 0.86261 0.934375 0.27478 0.13125
1 0.0899582 0.295117 0.179916 0.590234
0 0.805878 0.279883 0.388245 0.376953
1 0.261642 0.410156 0.523285 0.785937
1 0.949097 0.899609 0.101807 0.200781
1 0.674438 0.591797 0.353882 0.346094
0 0.961792 0.5625 0.076416 0.445312
0 0.57357 0.731641 0.403275 0.313281
0 0.179817 0.917188 0.359634 0.165625
0 0.113663 0.309375 0.227325 0.61875
0 0.291199 0.110547 0.582397 0.221094
0 0.83107 0.181787 0.33786 0.237988
0 0.117928 0.414844 0.235855 0.829687
1 0.398315 0.325391 0.720459 0.650781
1 0.601837 0.338672 0.44989 0.235156
1 0.544312 0.387402 0.49353 0.40332
1 0.874115 0.434766 0.25177 0.446094
0 0.949097 0.835156 0.101807 0.279687
0 0.937988 0.658984 0.124023 0.575781
1 0.86261 0.934375 0.27478 0.13125
0 0.108604 0.192188 0.217209 0.384375
1 0.874512 0.303467 0.250977 0.33916
1 0.524078 0.456641 0.560974 0.471094
0 0.967346 0.425684 0.0653076 0.631445
1 0.0910492 0.759375 0.182098 0.48125
0 0.87233 0.4 0.255341 0.630469
1 0.90863 0.482715 0.182739 0.68457
0 0.957031 0.521094 0.0859375 0.607813
1 0.941956 0.550879 0.116089 0.513867
0 0.151253 0.878125 0.302505 0.217187
1 0.164444 0.0583984 0.328888 0.116797
1 0.496704 0.436719 0.590332 0.6625
0 0.872925 0.395703 0.25415 0.161719
1 0.57357 0.731641 0.403275 0.313281
1 0.9729 0.355273 0.0541992 0.586328
1 0.0804863 0.694922 0.160973 0.582031
0 0.136772 0.894531 0.273544 0.210938
1 0.967346 0.425684 0.0653076 0.631445
1 0.964172 0.886328 0.0716553 0.227344
0 0.879669 0.910937 0.240662 0.178125
1 0.75061 0.0293945 0.391968 0.0587891
0 0.72522 0.0926758 0.409424 0.185352
1 0.40873 0.210938 0.625046 0.421875
1 0.901489 0.88125 0.197021 0.203125
1 0.525368 0.0474609 0.453659 0.0949219
0 0.0807343 0.217773 0.161469 0.435547
0 0.784729 0.102148 0.411011 0.204297
1 0.641907 0.286279 0.388794 0.232129
0 0.786835 0.423047 0.426331 0.228125
0 0.410217 0.111133 0.565735 0.222266
0 0.526459 0.0916992 0.299927 0.183398
0 0.820236 0.591406 0.314606 0.392188
0 0.832855 0.671875 0.33429 0.534375
1 0.284058 0.803906 0.42926 0.326562
1 0.210266 0.119141 0.420532 0.238281
0 0.437592 0.2875 0.621277 0.523438
1 0.136772 0.894531 0.273544 0.210938
0 0.740692 0.287061 0.42926 0.388379
1 0.709351 0.571484 0.269775 0.31875
0 0.0790482 0.739844 0.158096 0.520312
0 0.210663 0.796875 0.421326 0.26875
0 0.704987 0.20918 0.414978 0.297656
1 0.0788498 0.524219 0.1577 0.809375
0 0.19043 0.733594 0.380859 0.464063
1 0.649841 0.0290039 0.391968 0.0580078
0 0.971313 0.0945313 0.057373 0.189063
0 0.236847 0.594141 0.473694 0.458594
0 0.573273 0.0873047 0.30072 0.174609
1 0.437592 0.2875 0.621277 0.523438
0 0.70578 0.923047 0.322937 0.153906
1 0.108604 0.192188 0.217209 0.384375
0 0.96933 0.0658691 0.0613403 0.131738
0 0.641907 0.286279 0.388794 0.232129
0 0.70697 0.266846 0.441162 0.24209
1 0.87233 0.4 0.255341 0.630469
1 0.236847 0.594141 0.473694 0.458594
0 0.316193 0.100488 0.632385 0.200977
0 0.151154 0.776367 0.302307 0.234766
0 0.360825 0.0880859 0.721649 0.176172
1 0.837219 0.280469 0.325562 0.371875
0 0.941956 0.550879 0.116089 0.513867
1 0.112076 0.384961 0.224152 0.769922
0 0.90625 0.461719 0.1875 0.69375
0 0.674438 0.591797 0.353882 0.346094
1 0.833252 0.679688 0.333496 0.551562
1 0.679993 0.333398 0.369751 0.245703
0 0.0788498 0.524219 0.1577 0.809375
1 0.603027 0.614453 0.418945 0.466406
1 0.42926 0.871094 0.591919 0.257812
0 0.110687 0.79082 0.221375 0.418359
0 0.632385 0.0933594 0.415771 0.186719
0 0.0899582 0.295117 0.179916 0.590234
0 0.650635 0.262305 0.399902 0.337891
0 0.714111 0.469922 0.445923 0.327344
1 0.714111 0.469922 0.445923 0.327344
1 0.722839 0.628906 0.274536 0.351562
1 0.700226 0.276367 0.437195 0.292578
1 0.896729 0.330859 0.206543 0.529688
0 0.709351 0.571484 0.269775 0.31875
0 0.185669 0.614844 0.371338 0.445312
0 0.140045 0.836133 0.28009 0.315234
1 0.502258 0.866406 0.636353 0.267188
1 0.786835 0.423047 0.426331 0.228125
1 0.633575 0.873438 0.426086 0.253125
1 0.447113 0.0548828 0.414978 0.109766
1 0.0867844 0.422656 0.173569 0.845312
1 0.937988 0.658984 0.124023 0.575781
0 0.321548 0.137109 0.643097 0.274219
0 0.722839 0.628906 0.274536 0.351562
1 0.147484 0.688672 0.294968 0.530469
1 0.217407 0.751172 0.434814 0.438281
0 0.510887 0.715625 0.384232 0.259375
0 0.820435 0.27583 0.312622 0.278027
1 0.820435 0.27583 0.312622 0.278027
1 0.830078 0.552441 0.339844 0.40293
0 0.129929 0.759375 0.259857 0.404687
0 0.106323 0.801367 0.212646 0.353516
0 0.396828 0.848828 0.637741 0.302344
1 0.949097 0.835156 0.101807 0.279687
1 0.259659 0.551172 0.519318 0.613281
0 0.516541 0.501465 0.580811 0.314258
0 0.279297 0.566797 0.558594 0.661719
1 0.656586 0.718359 0.399109 0.328906
1 0.72998 0.549121 0.437988 0.570508
0 0.552246 0.114868 0.352295 0.178076
1 0.146988 0.528125 0.293976 0.932813
1 0.310638 0.533594 0.621277 0.890625
1 0.510887 0.715625 0.384232 0.259375
1 0.129929 0.759375 0.259857 0.404687
1 0.124771 0.780469 0.249542 0.229687
0 0.147484 0.688672 0.294968 0.530469
0 0.866776 0.69375 0.266449 0.595312
1 0.444336 0.428125 0.888672 0.85625
1 0.185669 0.614844 0.371338 0.445312
1 0.140045 0.836133 0.28009 0.315234
1 0.819366 0.944531 0.361267 0.110937
1 0.565735 0.55 0.590332 0.667188
0 0.359833 0.469141 0.672852 0.592969
0 0.25827 0.671094 0.516541 0.501562
1 0.731171 0.899219 0.338806 0.201562
1 0.564545 0.573438 0.395935 0.367188
1 0.498688 0.782617 0.42926 0.328516
0 0.879272 0.746094 0.241455 0.434375
1 0.432434 0.834375 0.57605 0.33125
0 0.731171 0.899219 0.338806 0.201562
1 0.624451 0.960938 0.0983887 0.078125
0 0.787109 0.368945 0.0698242 0.0707031
0 0.778381 0.362891 0.0777588 0.0734375
0 0.78949 0.377344 0.0618896 0.0664062
1 0.606201 0.9625 0.120605 0.075
0 0.122787 0.661719 0.0593109 0.0515625
0 0.768066 0.354688 0.0872803 0.0882813
1 0.602234 0.446875 0.0888672 0.0875
1 0.395142 0.653125 0.12616 0.114063
1 0.0528145 0.408203 0.105629 0.110937
0 0.671265 0.242383 0.0523682 0.0546875
0 0.703003 0.289844 0.280884 0.28125
0 0.5214 0.658594 0.398117 0.251563
0 0.574562 0.721875 0.450485 0.360938
0 0.762115 0.290967 0.218201 0.285254
1 0.183189 0.460547 0.366379 0.391406
0 0.371933 0.778906 0.416168 0.290625
0 0.596283 0.447656 0.074585 0.0789063
0 0.83226 0.242578 0.33548 0.480469
0 0.783142 0.244873 0.295166 0.198535
0 0.183189 0.460547 0.366379 0.391406
0 0.809128 0.298438 0.254303 0.283594
0 0.180115 0.365234 0.360229 0.299219
1 0.180115 0.365234 0.360229 0.299219
0 0.964966 0.886133 0.0700684 0.227734
0 0.795837 0.383496 0.0698242 0.0673828
0 0.475182 0.398047 0.430252 0.385156
0 0.806946 0.388281 0.0587158 0.0507812
0 0.164444 0.346094 0.328888 0.43125
0 0.674438 0.33125 0.228516 0.183594
0 0.328293 0.823242 0.409027 0.266016
0 0.892761 0.903125 0.214478 0.19375
0 0.115845 0.389453 0.0359039 0.0390625
0 0.698242 0.241602 0.352295 0.270703
0 0.285049 0.859375 0.412994 0.239063
0 0.078701 0.932813 0.157402 0.134375
1 0.809128 0.298438 0.254303 0.283594
0 0.644287 0.299023 0.317383 0.273047
0 0.361618 0.408691 0.412994 0.418555
1 0.475182 0.398047 0.430252 0.385156
0 0.329285 0.742969 0.412598 0.309375
0 0.968536 0.136816 0.0629272 0.273633
1 0.77124 0.274805 0.21582 0.244141
1 0.164444 0.346094 0.328888 0.43125
0 0.348724 0.861133 0.475281 0.265234
0 0.22197 0.917188 0.443939 0.165625
1 0.892761 0.903125 0.214478 0.19375
0 0.444733 0.730078 0.452271 0.302344
1 0.329285 0.742969 0.412598 0.309375
0 0.0567322 0.12002 0.113464 0.240039
0 0.38324 0.491406 0.317383 0.330469
1 0.703003 0.289844 0.280884 0.28125
0 0.962585 0.929688 0.0748291 0.140625
0 0.637543 0.34375 0.288025 0.202344
0 0.469627 0.474316 0.373123 0.310742
0 0.26799 0.914844 0.53598 0.170312
0 0.761642 0.257812 0.476715 0.515625
0 0.173965 0.514844 0.347931 0.246875
0 0.40377 0.478906 0.242996 0.289062
1 0.899902 0.888281 0.200195 0.223438
0 0.159882 0.915234 0.319763 0.169531
0 0.148476 0.148047 0.296951 0.296094
0 0.162758 0.266602 0.325516 0.343359
0 0.650238 0.764453 0.492737 0.327344
0 0.759338 0.332861 0.115845 0.320215
0 0.745056 0.314844 0.176147 0.198437
1 0.759338 0.332861 0.115845 0.320215
1 0.542625 0.679688 0.371536 0.282813
1 0.371933 0.778906 0.416168 0.290625
0 0.899902 0.888281 0.200195 0.223438
1 0.242004 0.757812 0.320557 0.41875
0 0.791199 0.20332 0.417603 0.398047
0 0.517731 0.515234 0.474487 0.485156
0 0.448204 0.678906 0.476273 0.275
0 0.778381 0.346484 0.179321 0.310156
0 0.262039 0.810742 0.312225 0.306641
0 0.842575 0.967969 0.31485 0.0640625
1 0.807861 0.277148 0.384277 0.455078
0 0.962982 0.260156 0.0740356 0.4875
1 0.469627 0.474316 0.373123 0.310742
0 0.68396 0.731641 0.457031 0.421094
1 0.778381 0.346484 0.179321 0.310156
0 0.242004 0.757812 0.320557 0.41875
1 0.180214 0.917578 0.360428 0.164844
1 0.503845 0.161133 0.0634766 0.0652344
0 0.123779 0.153418 0.247559 0.306836
0 0.196579 0.589844 0.393158 0.259375
1 0.328293 0.823242 0.409027 0.266016
1 0.26799 0.914844 0.53598 0.170312
0 0.310242 0.480859 0.444336 0.360156
0 0.25584 0.829883 0.275429 0.230859
1 0.783142 0.244873 0.295166 0.198535
0 0.610168 0.265625 0.425293 0.335156
1 0.175652 0.511328 0.351303 0.296094
1 0.674438 0.33125 0.228516 0.183594
1 0.40377 0.478906 0.242996 0.289062
0 0.210266 0.85 0.295959 0.203125
0 0.249542 0.894531 0.490356 0.210938
1 0.878876 0.980469 0.242249 0.0390625
1 0.761642 0.257812 0.476715 0.515625
0 0.620483 0.440527 0.368164 0.32832
0 0.176247 0.886328 0.352493 0.227344
1 0.962585 0.929688 0.0748291 0.140625
0 0.961792 0.366992 0.076416 0.483203
1 0.196777 0.830469 0.155518 0.276563
1 0.647858 0.889844 0.253906 0.220313
1 0.644287 0.299023 0.317383 0.273047
0 0.226482 0.804883 0.212746 0.349609
1 0.226482 0.804883 0.212746 0.349609
1 0.574562 0.721875 0.450485 0.360938
0 0.447113 0.0946289 0.407837 0.189258
1 0.698242 0.241602 0.352295 0.270703
0 0.466454 0.608984 0.45723 0.330469
0 0.666107 0.496484 0.273743 0.446094
0 0.343964 0.694531 0.44989 0.345313
0 0.94751 0.186328 0.10498 0.372656
1 0.842178 0.265234 0.315643 0.377344
1 0.745056 0.314844 0.176147 0.198437
0 0.553139 0.604297 0.434616 0.340625
0 0.792664 0.81582 0.377686 0.258984
0 0.836426 0.825781 0.327148 0.292188
1 0.964966 0.886133 0.0700684 0.227734
0 0.878876 0.980469 0.242249 0.0390625
1 0.0567322 0.12002 0.113464 0.240039
0 0.607788 0.539844 0.469727 0.509375
1 0.295563 0.891406 0.476868 0.217187
0 0.0845032 0.154785 0.169006 0.30957
1 0.361618 0.408691 0.412994 0.418555
1 0.38324 0.491406 0.317383 0.330469
0 0.707367 0.795117 0.354675 0.294141
0 0.878876 0.203516 0.242249 0.407031
0 0.402679 0.646094 0.497498 0.332812
0 0.825195 0.309961 0.266602 0.383984
0 0.240021 0.494531 0.426086 0.307813
1 0.517731 0.515234 0.474487 0.485156
1 0.262039 0.810742 0.312225 0.306641
0 0.146591 0.870508 0.293182 0.258984
0 0.15155 0.84707 0.303101 0.199609
1 0.791199 0.20332 0.417603 0.398047
1 0.162758 0.266602 0.325516 0.343359
0 0.367569 0.923047 0.531219 0.153906
0 0.345947 0.103125 0.418945 0.20625
1 0.845947 0.209766 0.308105 0.419531
0 0.864594 0.335107 0.270813 0.366504
0 0.149765 0.320752 0.29953 0.395996
0 0.335285 0.52959 0.397423 0.30957
0 0.816391 0.730078 0.367218 0.474219
1 0.159882 0.915234 0.319763 0.169531
0 0.102356 0.0824219 0.204712 0.164844
1 0.637543 0.34375 0.288025 0.202344
0 0.962189 0.519629 0.0756226 0.462305
0 0.628815 0.632031 0.326111 0.267188
0 0.396332 0.591406 0.472107 0.3625
1 0.196579 0.589844 0.393158 0.259375
0 0.917358 0.132422 0.165283 0.264844
0 0.676422 0.184766 0.389587 0.292969
0 0.864395 0.484277 0.27121 0.436133
0 0.19519 0.561719 0.352295 0.223438
1 0.343964 0.694531 0.44989 0.345313
0 0.461395 0.79375 0.473694 0.242188
1 0.0845032 0.154785 0.169006 0.30957
0 0.729706 0.190625 0.540588 0.38125
0 0.694672 0.553027 0.305481 0.486133
0 0.963776 0.857813 0.0724487 0.284375
0 0.549866 0.398438 0.46814 0.321875
1 0.962585 0.246875 0.0748291 0.429688
0 0.811707 0.305469 0.21106 0.214062
0 0.836624 0.447266 0.326752 0.525
0 0.72998 0.159766 0.44751 0.319531
0 0.136871 0.218018 0.273743 0.353809
1 0.397522 0.687109 0.466553 0.296094
0 0.196777 0.830469 0.155518 0.276563
1 0.444733 0.730078 0.452271 0.302344
1 0.078701 0.932813 0.157402 0.134375
1 0.842575 0.967969 0.31485 0.0640625
0 0.81044 0.428027 0.37912 0.401758
0 0.266552 0.566406 0.342873 0.215625
0 0.180313 0.692187 0.360626 0.4625
0 0.223755 0.625 0.437195 0.251563
0 0.293579 0.651172 0.490356 0.321094
1 0.503944 0.64375 0.348923 0.23125
0 0.84198 0.882031 0.31604 0.235938
0 0.462189 0.916406 0.489563 0.167187
0 0.815994 0.95 0.368011 0.1
0 0.403473 0.130371 0.367371 0.260742
1 0.610168 0.265625 0.425293 0.335156
1 0.694672 0.553027 0.305481 0.486133
0 0.731567 0.581641 0.234863 0.325781
1 0.217804 0.825 0.242004 0.253125
1 0.25584 0.829883 0.275429 0.230859
1 0.367569 0.923047 0.531219 0.153906
1 0.864197 0.380469 0.271606 0.382812
0 0.130127 0.875391 0.260254 0.249219
0 0.826904 0.8375 0.346191 0.20625
1 0.141037 0.894531 0.282074 0.210938
1 0.731567 0.581641 0.234863 0.325781
1 0.628815 0.632031 0.326111 0.267188
1 0.968536 0.136816 0.0629272 0.273633
1 0.94751 0.186328 0.10498 0.372656
0 0.545006 0.0989258 0.420731 0.197852
0 0.497894 0.13418 0.380859 0.268359
1 0.825195 0.309961 0.266602 0.383984
0 0.84198 0.332422 0.31604 0.498437
0 0.459808 0.329492 0.437195 0.353516
0 0.552246 0.316992 0.430054 0.262109
0 0.859833 0.621875 0.280334 0.34375
0 0.159981 0.573828 0.319962 0.238281
1 0.348724 0.861133 0.475281 0.265234
0 0.178429 0.0933594 0.356857 0.186719
0 0.164841 0.521777 0.329681 0.34082
1 0.181702 0.553125 0.363403 0.246875
0 0.243591 0.0895508 0.487183 0.179102
1 0.123779 0.153418 0.247559 0.306836
0 0.150261 0.38916 0.300522 0.426367
0 0.203323 0.328906 0.406647 0.207813
0 0.496307 0.75625 0.432434 0.26875
0 0.135284 0.660937 0.0829163 0.059375
1 0.152443 0.133496 0.304886 0.266992
0 0.271957 0.0966797 0.397125 0.193359
0 0.779968 0.323242 0.171387 0.156641
1 0.864395 0.484277 0.27121 0.436133
0 0.656982 0.231445 0.0634766 0.0628906
0 0.964172 0.187012 0.0716553 0.374023
1 0.779968 0.323242 0.171387 0.156641
1 0.549866 0.398438 0.46814 0.321875
1 0.553139 0.604297 0.434616 0.340625
0 0.964172 0.603125 0.0716553 0.45
0 0.566528 0.642187 0.301514 0.284375
0 0.964172 0.708984 0.0716553 0.480469
0 0.78949 0.765234 0.391968 0.363281
1 0.84198 0.882031 0.31604 0.235938
0 0.678802 0.13418 0.51178 0.268359
1 0.870544 0.298438 0.258911 0.354688
0 0.610168 0.19082 0.442749 0.257422
1 0.762115 0.313281 0.10553 0.177344
0 0.723633 0.333594 0.179321 0.175
0 0.246964 0.405469 0.478851 0.359375
1 0.240021 0.494531 0.426086 0.307813
0 0.217804 0.825 0.242004 0.253125
1 0.310242 0.480859 0.444336 0.360156
1 0.830078 0.77832 0.339844 0.418359
1 0.285049 0.859375 0.412994 0.239063
0 0.146591 0.0472656 0.293182 0.0945313
0 0.760132 0.572656 0.12854 0.264062
0 0.783936 0.5625 0.179321 0.240625
1 0.783936 0.5625 0.179321 0.240625
1 0.149765 0.320752 0.29953 0.395996
0 0.0934296 0.565625 0.186859 0.375
1 0.86261 0.586719 0.27478 0.360938
0 0.65976 0.626562 0.242004 0.301562
1 0.65976 0.626562 0.242004 0.301562
1 0.557007 0.635156 0.355469 0.284375
0 0.836426 0.63125 0.327148 0.5375
1 0.0934296 0.851562 0.186859 0.296875
1 0.210266 0.85 0.295959 0.203125
0 0.145004 0.116211 0.290009 0.232422
0 0.218201 0.0883789 0.353088 0.176758
1 0.181602 0.758203 0.363205 0.453906
0 0.962585 0.803516 0.0748291 0.392969
1 0.222565 0.892969 0.445129 0.214062
0 0.433327 0.883789 0.436203 0.232422
0 0.525269 0.938281 0.440369 0.123438
0 0.085495 0.0490234 0.17099 0.0980469
0 0.465858 0.101953 0.583786 0.203906
0 0.762115 0.313281 0.10553 0.177344
1 0.150261 0.38916 0.300522 0.426367
1 0.760132 0.572656 0.12854 0.264062
0 0.825989 0.603516 0.325317 0.436719
0 0.839401 0.789844 0.321198 0.420312
0 0.639526 0.79375 0.418945 0.240625
0 0.221375 0.0453613 0.347534 0.0907227
0 0.318523 0.0435059 0.333351 0.0870117
1 0.552246 0.316992 0.430054 0.262109
0 0.0934296 0.851562 0.186859 0.296875
1 0.146591 0.870508 0.293182 0.258984
1 0.15155 0.84707 0.303101 0.199609
0 0.409424 0.0436523 0.349915 0.0873047
0 0.730377 0.0916016 0.530823 0.183203
1 0.203323 0.328906 0.406647 0.207813
0 0.34079 0.31543 0.459412 0.301953
1 0.246964 0.405469 0.478851 0.359375
1 0.666107 0.496484 0.273743 0.446094
0 0.689117 0.509277 0.388 0.461133
1 0.344559 0.549219 0.34317 0.332812
0 0.68515 0.592969 0.292786 0.329688
1 0.650238 0.764453 0.492737 0.327344
1 0.9487 0.87832 0.1026 0.243359
1 0.963776 0.857813 0.0724487 0.284375
1 0.729706 0.190625 0.540588 0.38125
1 0.961792 0.366992 0.076416 0.483203
1 0.168015 0.5375 0.336029 0.290625
0 0.951477 0.775781 0.0970459 0.282813
1 0.68396 0.731641 0.457031 0.421094
0 0.767792 0.130957 0.464417 0.261914
1 0.676422 0.184766 0.389587 0.292969
0 0.153336 0.480566 0.306671 0.39668
1 0.0934296 0.565625 0.186859 0.375
1 0.466454 0.608984 0.45723 0.330469
0 0.219986 0.839844 0.194397 0.192188
0 0.457825 0.149512 0.372925 0.283398
1 0.623657 0.960547 0.092041 0.0789063
0 0.788498 0.373047 0.0543518 0.0570313
1 0.61969 0.999219 0.109497 0.0015625
1 0.485596 0.425 0.0587158 0.0640625
1 0.608582 0.95625 0.0507812 0.059375
0 0.777191 0.369727 0.0499878 0.0535156
1 0.621277 0.384375 0.0968018 0.0835937
1 0.502258 0.163477 0.0523682 0.05
1 0.603821 1 0.123779 0
0 0.783142 0.362109 0.0587158 0.05
1 0.651428 0.419531 0.0523682 0.059375
1 0.786316 0.372656 0.0539551 0.05625
1 0.597076 0.444141 0.074585 0.0820312
1 0.561371 0.196484 0.103149 0.102734
1 0.0657578 0.878125 0.0831146 0.08125
1 0.657776 0.419141 0.0666504 0.0679687
0 0.155518 0.77793 0.157104 0.209766
0 0.0666504 0.945312 0.133301 0.109375
1 0.155518 0.77793 0.157104 0.209766
1 0.193157 0.778906 0.157997 0.214062
0 0.129135 0.835156 0.219391 0.235938
0 0.193157 0.778906 0.157997 0.214062
0 0.710144 0.255029 0.38562 0.35791
1 0.164345 0.747656 0.195786 0.328125
0 0.103348 0.933594 0.206696 0.132812
0 0.954651 0.921094 0.0906982 0.157813
0 0.139847 0.955469 0.279694 0.0890625
0 0.0204563 0.0724609 0.0409126 0.144922
1 0.221771 0.782031 0.181702 0.2625
0 0.164345 0.747656 0.195786 0.328125
1 0.129135 0.835156 0.219391 0.235938
1 0.192612 0.745703 0.164642 0.311719
0 0.172379 0.810938 0.21701 0.196875
0 0.138954 0.76875 0.262039 0.340625
1 0.172379 0.810938 0.21701 0.196875
0 0.700623 0.355469 0.358643 0.323438
0 0.221771 0.782031 0.181702 0.2625
0 0.94751 0.890625 0.10498 0.21875
1 0.284851 0.495313 0.0801392 0.0828125
1 0.138954 0.76875 0.262039 0.340625
0 0.192612 0.745703 0.164642 0.311719
0 0.968933 0.0591309 0.0621338 0.118262
0 0.833649 0.158301 0.332703 0.316602
0 0.802979 0.238086 0.328491 0.389453
0 0.865982 0.198828 0.268036 0.392969
0 0.769257 0.314258 0.310242 0.340234
0 0.859238 0.360156 0.281525 0.314844
1 0.213837 0.819531 0.210266 0.232812
0 0.0574265 0.0433594 0.114853 0.0867188
0 0.110092 0.85918 0.220184 0.281641
0 0.891571 0.163184 0.216858 0.326367
1 0.139847 0.955469 0.279694 0.0890625
1 0.263428 0.785156 0.19281 0.290625
0 0.79187 0.172266 0.363403 0.344531
1 0.654602 0.293945 0.368164 0.364453
0 0.951477 0.854688 0.0970459 0.2375
0 0.654602 0.293945 0.368164 0.364453
1 0.0204563 0.0724609 0.0409126 0.144922
1 0.891571 0.163184 0.216858 0.326367
0 0.118126 0.121973 0.236252 0.243945
0 0.852097 0.246289 0.295807 0.398047
1 0.649048 0.354883 0.357056 0.369141
0 0.814285 0.3375 0.266205 0.270312
0 0.849121 0.433594 0.301758 0.392188
1 0.103348 0.933594 0.206696 0.132812
1 0.836227 0.153223 0.327545 0.306445
1 0.277908 0.752344 0.240021 0.346875
0 0.213837 0.819531 0.210266 0.232812
0 0.649048 0.354883 0.357056 0.369141
0 0.814011 0.137891 0.371979 0.275781
0 0.867371 0.261328 0.265259 0.421094
1 0.710144 0.255029 0.38562 0.35791
0 0.12616 0.711328 0.252319 0.353906
0 0.263428 0.785156 0.19281 0.290625
1 0.94751 0.890625 0.10498 0.21875
0 0.959412 0.80625 0.0811768 0.234375
0 0.147484 0.13418 0.294968 0.268359
0 0.701019 0.396875 0.40387 0.330469
0 0.277908 0.752344 0.240021 0.346875
1 0.954651 0.921094 0.0906982 0.157813
0 0.708557 0.510547 0.412598 0.333594
0 0.863403 0.534277 0.273193 0.38457
1 0.110092 0.85918 0.220184 0.281641
1 0.25827 0.837695 0.240417 0.287109
1 0.0666504 0.945312 0.133301 0.109375
1 0.760925 0.616406 0.136475 0.139062
1 0.968933 0.0591309 0.0621338 0.118262
0 0.762512 0.129492 0.379272 0.258984
0 0.832932 0.297852 0.305084 0.420703
1 0.349121 0.746875 0.335632 0.353125
0 0.122292 0.872656 0.244583 0.254687
0 0.770844 0.0442383 0.251526 0.0884766
0 0.701416 0.11582 0.376099 0.231641
0 0.131714 0.29082 0.263428 0.348828
1 0.700623 0.355469 0.358643 0.323438
0 0.111877 0.377246 0.223755 0.276758
0 0.775604 0.539844 0.334045 0.301562
0 0.87709 0.694922 0.245819 0.346094
0 0.961792 0.716797 0.076416 0.277344
1 0.328491 0.786719 0.263428 0.320312
0 0.85289 0.35625 0.29422 0.409375
0 0.120308 0.646875 0.240616 0.320312
0 0.713318 0.0424805 0.250732 0.0849609
0 0.026432 0.132324 0.0528641 0.264648
0 0.523285 0.105078 0.366577 0.210156
0 0.64151 0.109668 0.38324 0.219336
0 0.110092 0.181592 0.220184 0.272754
0 0.858246 0.48584 0.283508 0.381445
0 0.843445 0.514453 0.285645 0.33125
0 0.893555 0.642187 0.212891 0.323438
0 0.123383 0.902344 0.246765 0.195312
0 0.1091 0.100293 0.218201 0.200586
0 0.409821 0.107422 0.348328 0.214844
0 0.132904 0.194092 0.265808 0.337598
0 0.1334 0.386328 0.2668 0.346875
1 0.341137 0.697266 0.405556 0.367969
0 0.349121 0.746875 0.335632 0.353125
0 0.960999 0.761328 0.0780029 0.263281
0 0.658569 0.0410156 0.263428 0.0820312
0 0.114258 0.471094 0.228516 0.257031
0 0.117035 0.590625 0.23407 0.298438
1 0.146095 0.714844 0.292191 0.407813
1 0.951477 0.854688 0.0970459 0.2375
0 0.181751 0.107324 0.349815 0.214648
0 0.777985 0.417285 0.370544 0.36543
0 0.217606 0.951563 0.350311 0.096875
0 0.328491 0.786719 0.263428 0.320312
1 0.616913 0.946875 0.0618896 0.05
0 0.825989 0.0583496 0.314209 0.116699
0 0.710144 0.161035 0.401489 0.32207
0 0.234268 0.325342 0.260254 0.371191
0 0.603027 0.0390625 0.263428 0.078125
0 0.308456 0.103516 0.345551 0.207031
0 0.241806 0.384375 0.282074 0.398438
0 0.115746 0.529688 0.231491 0.271875
1 0.335236 0.841797 0.305481 0.316406
0 0.893158 0.465527 0.213684 0.364258
0 0.907837 0.558594 0.184326 0.357812
0 0.0957108 0.916406 0.191422 0.167187
0 0.889587 0.335938 0.220825 0.39375
0 0.717682 0.930469 0.353088 0.139062
0 0.918152 0.964063 0.163696 0.071875
0 0.0934296 0.0357422 0.186859 0.0714844
1 0.769257 0.314258 0.310242 0.340234
0 0.182545 0.326758 0.27047 0.373828
1 0.859238 0.360156 0.281525 0.314844
0 0.795242 0.474902 0.364594 0.379883
1 0.245178 0.709375 0.361816 0.4375
1 0.457031 0.739062 0.363403 0.353125
1 0.394348 0.783594 0.358643 0.329688
1 0.959412 0.80625 0.0811768 0.234375
0 0.0733948 0.929688 0.14679 0.140625
0 0.779572 0.932031 0.337219 0.135937
0 0.833649 0.936719 0.332703 0.126563
0 0.967346 0.630078 0.0653076 0.297656
0 0.341137 0.697266 0.405556 0.367969
1 0.123383 0.902344 0.246765 0.195312
0 0.549072 0.0373535 0.266602 0.074707
0 0.892761 0.0592285 0.214478 0.118457
1 0.892761 0.0592285 0.214478 0.118457
0 0.667297 0.192969 0.371338 0.348047
1 0.850708 0.390527 0.298584 0.379883
0 0.25827 0.837695 0.240417 0.287109
1 0.026432 0.132324 0.0528641 0.264648
0 0.438385 0.133203 0.354675 0.266406
1 0.79187 0.172266 0.363403 0.344531
1 0.667297 0.192969 0.371338 0.348047
0 0.855072 0.574219 0.289856 0.35625
1 0.448402 0.684766 0.391769 0.338281
1 0.122292 0.872656 0.244583 0.254687
1 0.847137 0.185107 0.305725 0.369629
0 0.903076 0.283643 0.193848 0.378809
1 0.649445 0.454297 0.391174 0.367969
0 0.865784 0.947656 0.268433 0.104687
1 0.766479 0.139648 0.423706 0.279297
1 0.656982 0.543359 0.38562 0.34375
0 0.245178 0.709375 0.361816 0.4375
0 0.263031 0.939062 0.347534 0.121875
1 0.529633 0.885938 0.0999756 0.096875
0 0.117233 0.0358643 0.228912 0.0717285
0 0.243542 0.136133 0.371437 0.272266
1 0.710144 0.161035 0.401489 0.32207
0 0.180462 0.237109 0.272255 0.378906
1 0.889587 0.335938 0.220825 0.39375
1 0.446815 0.52959 0.379074 0.373633
0 0.807739 0.586719 0.368164 0.317187
1 0.87709 0.694922 0.245819 0.346094
0 0.337814 0.136914 0.372528 0.273828
1 0.802979 0.238086 0.328491 0.389453
1 0.961792 0.716797 0.076416 0.277344
1 0.0957108 0.916406 0.191422 0.167187
1 0.770844 0.0442383 0.251526 0.0884766
0 0.549072 0.133105 0.361816 0.266211
1 0.866577 0.205664 0.266846 0.390234
0 0.911804 0.230469 0.176392 0.374219
0 0.292984 0.323438 0.288422 0.38125
1 0.814285 0.3375 0.266205 0.270312
0 0.649445 0.454297 0.391174 0.367969
1 0.708557 0.510547 0.412598 0.333594
1 0.341633 0.635156 0.405357 0.339063
1 0.217606 0.951563 0.350311 0.096875
0 0.499878 0.0364746 0.261047 0.0729492
1 0.713318 0.0424805 0.250732 0.0849609
0 0.233673 0.242383 0.25946 0.383984
1 0.90387 0.420703 0.192261 0.369531
0 0.30077 0.380078 0.323631 0.404687
1 0.393555 0.585156 0.374512 0.358594
1 0.120308 0.646875 0.240616 0.320312
1 0.966553 0.156055 0.0668945 0.312109
1 0.854477 0.3125 0.291046 0.436719
0 0.966553 0.335742 0.0668945 0.391016
1 0.701019 0.396875 0.40387 0.330469
1 0.396828 0.838281 0.353683 0.323438
1 0.825989 0.0583496 0.314209 0.116699
1 0.234268 0.325342 0.260254 0.371191
1 0.836823 0.569531 0.326355 0.3625
1 0.893555 0.642187 0.212891 0.323438
0 0.16861 0.705469 0.337219 0.432813
0 0.633972 0.934375 0.291992 0.13125
1 0.486389 0.421094 0.0841064 0.0828125
0 0.159782 0.0364502 0.244583 0.0729004
1 0.658569 0.0410156 0.263428 0.0820312
0 0.966553 0.156055 0.0668945 0.312109
1 0.832932 0.297852 0.305084 0.420703
0 0.698242 0.573047 0.393555 0.292969
0 0.876495 0.786719 0.247009 0.321875
1 0.960999 0.761328 0.0780029 0.263281
1 0.918152 0.964063 0.163696 0.071875
1 0.147484 0.13418 0.294968 0.268359
0 0.967346 0.555469 0.0653076 0.359375
1 0.818649 0.540625 0.320953 0.297656
0 0.885223 0.864844 0.229553 0.270312
1 0.0574265 0.0433594 0.114853 0.0867188
0 0.4487 0.0360352 0.25946 0.0720703
0 0.0426483 0.148828 0.0852966 0.272656
1 0.131714 0.29082 0.263428 0.348828
1 0.241806 0.384375 0.282074 0.398438
0 0.656982 0.543359 0.38562 0.34375
1 0.967346 0.630078 0.0653076 0.297656
0 0.394348 0.783594 0.358643 0.329688
1 0.175304 0.863672 0.32859 0.272656
0 0.572083 0.934375 0.358643 0.13125
1 0.183636 0.281689 0.274635 0.38584
1 0.1334 0.386328 0.2668 0.346875
1 0.698242 0.573047 0.393555 0.292969
0 0.3214 0.941406 0.346642 0.117188
0 0.471313 0.928906 0.357056 0.142188
0 0.397423 0.0358887 0.263626 0.0717773
1 0.603027 0.0390625 0.263428 0.078125
1 0.701416 0.11582 0.376099 0.231641
1 0.903076 0.283643 0.193848 0.378809
0 0.96814 0.282227 0.0637207 0.366016
1 0.907837 0.558594 0.184326 0.357812
0 0.827896 0.611719 0.344208 0.373437
0 0.528542 0.923437 0.358444 0.153125
1 0.676819 0.933594 0.307861 0.132812
0 0.801193 0.384375 0.0733948 0.0828125
0 0.608185 0.137109 0.381653 0.274219
1 0.852097 0.246289 0.295807 0.398047
1 0.894348 0.5125 0.211304 0.361719
0 0.335236 0.841797 0.305481 0.316406
1 0.0934296 0.0357422 0.186859 0.0714844
0 0.208233 0.0357666 0.239723 0.0715332
0 0.349915 0.0348389 0.253906 0.0696777
1 0.966949 0.385156 0.0661011 0.388281
0 0.96814 0.429297 0.0637207 0.374219
1 0.880463 0.832031 0.239075 0.298438
1 0.885223 0.864844 0.229553 0.270312
0 0.373123 0.936328 0.342377 0.127344
1 0.833649 0.936719 0.332703 0.126563
1 0.409821 0.107422 0.348328 0.214844
1 0.132904 0.194092 0.265808 0.337598
0 0.287827 0.24043 0.277313 0.391016
0 0.457031 0.739062 0.363403 0.353125
0 0.088768 0.905859 0.177536 0.188281
0 0.256733 0.0349609 0.243492 0.0699219
0 0.30191 0.0345215 0.249146 0.069043
1 0.549072 0.0373535 0.266602 0.074707
1 0.64151 0.109668 0.38324 0.219336
0 0.614929 0.226953 0.350708 0.373437
1 0.111877 0.377246 0.223755 0.276758
1 0.86618 0.530859 0.267639 0.377344
1 0.117035 0.590625 0.23407 0.298438
0 0.102753 0.828906 0.205505 0.326562
1 0.511086 0.776367 0.323532 0.337891
0 0.175304 0.863672 0.32859 0.272656
1 0.779572 0.932031 0.337219 0.135937
1 0.117233 0.0358643 0.228912 0.0717285
0 0.441559 0.225439 0.304688 0.399121
1 0.292984 0.323438 0.288422 0.38125
1 0.189686 0.381641 0.282372 0.391406
1 0.114258 0.471094 0.228516 0.257031
1 0.967346 0.555469 0.0653076 0.359375
1 0.354279 0.530371 0.366577 0.379883
0 0.393555 0.585156 0.374512 0.358594
1 0.865784 0.947656 0.268433 0.104687
0 0.764099 0.371484 0.0396729 0.0476562
1 0.181751 0.107324 0.349815 0.214648
1 0.523285 0.105078 0.366577 0.210156
1 0.494324 0.132031 0.357056 0.264062
1 0.62326 0.960547 0.101562 0.0789063
0 0.785522 0.370703 0.0634766 0.0648438
0 0.788696 0.380469 0.0618896 0.0578125
0 0.484009 0.211377 0.111084 0.0991211
0 0.80278 0.389844 0.0670471 0.0585938
0 0.778381 0.362305 0.0698242 0.0597656
1 0.484802 0.423047 0.074585 0.0796875
0 0.74585 0.678516 0.0515747 0.0539063
0 0.115746 0.932813 0.0587158 0.0625
1 0.639526 0.963281 0.0658569 0.0734375
0 0.654205 0.223047 0.0547485 0.0492188
0 0.255146 0.803906 0.276817 0.195312
0 0.20253 0.805469 0.28009 0.179688
0 0.795837 0.838281 0.345947 0.320312
0 0.711731 0.628125 0.0420532 0.053125
0 0.875702 0.43291 0.248596 0.282617
0 0.315796 0.820508 0.285645 0.237109
0 0.22673 0.863281 0.333649 0.267188
0 0.837692 0.476562 0.254303 0.213281
0 0.733551 0.573438 0.343567 0.242188
1 0.795837 0.838281 0.345947 0.320312
0 0.0600052 0.954687 0.12001 0.090625
0 0.872925 0.482812 0.25415 0.345313
0 0.870743 0.483594 0.258514 0.264062
0 0.653809 0.563281 0.280884 0.196875
1 0.315796 0.820508 0.285645 0.237109
1 0.374512 0.832031 0.297546 0.278125
0 0.737518 0.474316 0.338806 0.237305
0 0.111282 0.348047 0.222565 0.239844
1 0.273544 0.867188 0.332062 0.265625
1 0.658569 0.420312 0.0682373 0.0703125
0 0.116043 0.304688 0.232086 0.252344
0 0.68396 0.467578 0.34436 0.246094
0 0.676025 0.510938 0.295166 0.228125
0 0.194595 0.765234 0.241608 0.202344
0 0.133301 0.113281 0.266602 0.226562
0 0.112869 0.400879 0.225739 0.249805
0 0.854675 0.428223 0.290649 0.256055
0 0.738708 0.518359 0.341187 0.238281
0 0.836304 0.544531 0.279297 0.242188
0 0.249542 0.766797 0.244781 0.232031
0 0.374512 0.832031 0.297546 0.278125
0 0.164047 0.944531 0.328094 0.110937
0 0.858643 0.241748 0.282715 0.260254
0 0.115845 0.252734 0.231689 0.248437
0 0.846146 0.849219 0.307709 0.301562
0 0.124176 0.458203 0.248352 0.273438
0 0.79187 0.483594 0.290405 0.239063
0 0.594299 0.560938 0.282471 0.185937
0 0.877487 0.7125 0.245026 0.4125
0 0.11763 0.944531 0.23526 0.110937
0 0.667297 0.241406 0.0476074 0.0484375
0 0.857849 0.560156 0.284302 0.297656
0 0.730774 0.642969 0.366577 0.307813
0 0.801193 0.767187 0.336823 0.254687
0 0.822021 0.227686 0.317383 0.253223
0 0.879272 0.558203 0.241455 0.405469
0 0.624451 0.514063 0.288818 0.239063
0 0.794846 0.539453 0.314606 0.271094
0 0.157402 0.811719 0.271164 0.192188
0 0.0962067 0.909375 0.192413 0.18125
0 0.133301 0.520312 0.266602 0.2625
0 0.124573 0.196924 0.249146 0.249121
0 0.798218 0.600781 0.3396 0.314063
0 0.151749 0.662891 0.303497 0.341406
0 0.837418 0.171191 0.325165 0.342383
0 0.898315 0.269141 0.203369 0.296094
0 0.706177 0.124023 0.326904 0.241016
0 0.883438 0.254102 0.233124 0.390234
0 0.134689 0.575391 0.269379 0.258594
0 0.151947 0.871484 0.303894 0.257031
0 0.221573 0.936719 0.347931 0.126563
0 0.35527 0.482031 0.360626 0.284375
0 0.528442 0.525 0.303101 0.267188
0 0.85051 0.630469 0.298981 0.367188
1 0.255146 0.803906 0.276817 0.195312
0 0.887604 0.851953 0.224792 0.296094
0 0.863998 0.426172 0.272003 0.364062
0 0.83226 0.664844 0.33548 0.354688
0 0.157303 0.773438 0.224152 0.207813
1 0.846146 0.849219 0.307709 0.301562
0 0.150757 0.903125 0.301514 0.19375
0 0.859039 0.948438 0.281921 0.103125
0 0.92807 0.0369385 0.14386 0.073877
0 0.90506 0.319922 0.18988 0.317969
0 0.498688 0.304688 0.333252 0.220313
0 0.630005 0.470215 0.34436 0.270508
0 0.419739 0.521484 0.314209 0.261719
0 0.154823 0.723437 0.309647 0.289062
0 0.842773 0.771484 0.314453 0.275781
0 0.826782 0.943359 0.341187 0.113281
0 0.445526 0.309766 0.354675 0.24375
0 0.796432 0.431934 0.311432 0.262695
0 0.295563 0.474316 0.364197 0.27793
0 0.904663 0.575 0.190674 0.309375
0 0.668091 0.630078 0.355469 0.272656
0 0.177288 0.735937 0.202431 0.215625
0 0.113861 0.88418 0.227722 0.231641
0 0.757751 0.944531 0.3396 0.110937
0 0.769653 0.116602 0.288818 0.217187
0 0.828568 0.173438 0.285248 0.213281
1 0.445526 0.309766 0.354675 0.24375
0 0.336426 0.360547 0.368958 0.252344
0 0.399109 0.355859 0.32135 0.227344
0 0.869354 0.378906 0.261292 0.296875
0 0.735535 0.423535 0.331665 0.251367
0 0.914185 0.522754 0.171631 0.298242
0 0.407738 0.473047 0.314407 0.257812
0 0.463379 0.468359 0.312622 0.246094
0 0.595886 0.617969 0.345947 0.246875
0 0.323383 0.868164 0.329979 0.263672
1 0.238483 0.901172 0.347435 0.197656
0 0.0623856 0.0782227 0.124771 0.156445
0 0.821152 0.125391 0.357697 0.250781
0 0.848129 0.140625 0.303741 0.28125
1 0.498688 0.304688 0.333252 0.220313
0 0.546692 0.301367 0.322144 0.200391
0 0.518227 0.468848 0.326706 0.25918
0 0.367371 0.51875 0.328491 0.25
0 0.203075 0.698438 0.327003 0.301562
0 0.273693 0.936328 0.346046 0.127344
0 0.695862 0.942969 0.338013 0.114063
1 0.628021 0.976562 0.0880737 0.046875
0 0.758545 0.119141 0.372925 0.238281
0 0.131912 0.155469 0.263824 0.254687
0 0.868362 0.186719 0.263275 0.255469
0 0.390381 0.308203 0.347534 0.257031
1 0.390381 0.308203 0.347534 0.257031
0 0.455841 0.358008 0.334839 0.226172
0 0.240616 0.508594 0.293182 0.23125
0 0.81488 0.727734 0.334839 0.266406
1 0.164047 0.944531 0.328094 0.110937
0 0.33955 0.41709 0.370644 0.26582
0 0.19519 0.50625 0.327698 0.25625
0 0.291595 0.514844 0.285645 0.235938
0 0.414185 0.575 0.314209 0.24375
0 0.468933 0.578125 0.312622 0.244531
0 0.130821 0.799219 0.206497 0.232812
0 0.238483 0.901172 0.347435 0.197656
1 0.221573 0.936719 0.347931 0.126563
0 0.647461 0.935938 0.333252 0.128125
0 0.859833 0.287695 0.280334 0.313672
0 0.880661 0.349023 0.238678 0.387891
1 0.336426 0.360547 0.368958 0.252344
0 0.549469 0.614062 0.315796 0.214062
0 0.828293 0.783594 0.343414 0.320312
0 0.88562 0.799219 0.22876 0.375
0 0.32254 0.773828 0.303894 0.286719
0 0.422913 0.947656 0.330872 0.104687
0 0.472504 0.954687 0.332458 0.090625
0 0.0561371 0.0400391 0.112274 0.0800781
1 0.156509 0.257031 0.313019 0.277344
0 0.509003 0.354883 0.329285 0.215234
1 0.161469 0.510547 0.322937 0.260156
0 0.895935 0.668359 0.20813 0.307031
0 0.127747 0.83457 0.255493 0.227734
1 0.428467 0.828906 0.31897 0.29375
0 0.326111 0.940625 0.341187 0.11875
0 0.796631 0.387109 0.333252 0.289844
1 0.295563 0.474316 0.364197 0.27793
0 0.891174 0.722656 0.217651 0.304688
0 0.845947 0.705859 0.308105 0.347656
0 0.428467 0.828906 0.31897 0.29375
0 0.530029 0.960156 0.338013 0.0796875
0 0.649445 0.129688 0.36261 0.259375
0 0.767273 0.164258 0.303101 0.215234
1 0.159485 0.196289 0.31897 0.270312
0 0.597473 0.302734 0.31897 0.189063
0 0.915771 0.466309 0.168457 0.300195
0 0.453461 0.405469 0.305481 0.220313
0 0.510986 0.402734 0.318176 0.21875
0 0.672058 0.417871 0.347534 0.245508
0 0.219986 0.628906 0.325714 0.288281
0 0.4487 0.617188 0.316589 0.221875
0 0.687531 0.838867 0.345154 0.316016
0 0.877289 0.960938 0.245422 0.078125
0 0.837891 0.120117 0.293579 0.230859
1 0.157898 0.312305 0.315796 0.281641
1 0.329285 0.308203 0.372131 0.277344
0 0.253956 0.675781 0.302208 0.267188
0 0.261494 0.723437 0.296654 0.246875
0 0.840195 0.866406 0.319611 0.267188
0 0.901489 0.108008 0.197021 0.216016
0 0.766479 0.223877 0.34436 0.28584
0 0.156509 0.257031 0.313019 0.277344
0 0.329285 0.308203 0.372131 0.277344
1 0.546692 0.301367 0.322144 0.200391
0 0.722839 0.370313 0.32373 0.245312
0 0.279644 0.422754 0.394447 0.288867
0 0.399803 0.405469 0.314407 0.229687
1 0.240616 0.508594 0.293182 0.23125
0 0.196381 0.546875 0.318176 0.220313
0 0.0941238 0.819531 0.188248 0.245312
1 0.687531 0.838867 0.345154 0.316016
0 0.588348 0.944531 0.36261 0.110937
0 0.0309696 0.0497559 0.0619392 0.0995117
0 0.690308 0.119824 0.401489 0.239648
0 0.834839 0.277002 0.330322 0.318652
1 0.279644 0.422754 0.394447 0.288867
0 0.235062 0.470703 0.339203 0.283594
0 0.404266 0.619922 0.322937 0.245312
0 0.112473 0.775 0.224945 0.2625
1 0.20253 0.805469 0.28009 0.179688
1 0.887604 0.851953 0.224792 0.296094
0 0.907837 0.922656 0.184326 0.154687
1 0.436798 0.267188 0.375305 0.275
0 0.157898 0.312305 0.315796 0.281641
0 0.863998 0.327539 0.272003 0.301172
1 0.111282 0.348047 0.222565 0.239844
1 0.158493 0.466504 0.316986 0.298242
0 0.385521 0.775 0.323929 0.309375
1 0.840195 0.866406 0.319611 0.267188
1 0.273693 0.936328 0.346046 0.127344
0 0.888794 0.175781 0.222412 0.304688
0 0.54203 0.265625 0.35527 0.270312
1 0.116043 0.304688 0.232086 0.252344
1 0.92807 0.0369385 0.14386 0.073877
0 0.436798 0.267188 0.375305 0.275
1 0.399109 0.355859 0.32135 0.227344
1 0.455841 0.358008 0.334839 0.226172
0 0.740295 0.864062 0.284058 0.264062
1 0.740295 0.864062 0.284058 0.264062
1 0.0600052 0.954687 0.12001 0.090625
0 0.859436 0.199219 0.281128 0.344922
1 0.115845 0.252734 0.231689 0.248437
1 0.276123 0.36875 0.396729 0.280469
1 0.509003 0.354883 0.329285 0.215234
1 0.112869 0.400879 0.225739 0.249805
0 0.614532 0.412109 0.354675 0.239063
0 0.442352 0.664453 0.346741 0.242969
1 0.627625 0.834375 0.342773 0.298438
1 0.859039 0.948438 0.281921 0.103125
1 0.133301 0.113281 0.266602 0.226562
1 0.649445 0.129688 0.36261 0.259375
1 0.706177 0.124023 0.326904 0.241016
0 0.655792 0.260742 0.291199 0.256641
1 0.158096 0.36543 0.316193 0.283984
0 0.276123 0.36875 0.396729 0.280469
0 0.652618 0.357617 0.310242 0.208984
1 0.235062 0.470703 0.339203 0.283594
0 0.355865 0.564844 0.315002 0.207813
0 0.326557 0.721484 0.361717 0.269531
1 0.11763 0.944531 0.23526 0.110937
0 0.88562 0.953125 0.22876 0.09375
0 0.872726 0.136914 0.254547 0.273047
1 0.883438 0.254102 0.233124 0.390234
0 0.701813 0.308984 0.284851 0.214844
0 0.0679398 0.410547 0.13588 0.18125
1 0.33955 0.41709 0.370644 0.26582
1 0.879272 0.558203 0.241455 0.405469
1 0.194595 0.765234 0.241608 0.202344
1 0.647461 0.935938 0.333252 0.128125
1 0.90506 0.319922 0.18988 0.317969
1 0.54203 0.265625 0.35527 0.270312
0 0.600647 0.352734 0.334839 0.199219
1 0.35527 0.482031 0.360626 0.284375
1 0.904663 0.575 0.190674 0.309375
0 0.236252 0.545703 0.298737 0.192969
0 0.102356 0.857031 0.204712 0.254687
0 0.627625 0.834375 0.342773 0.298438
1 0.826782 0.943359 0.341187 0.113281
1 0.898315 0.269141 0.203369 0.296094
1 0.837692 0.476562 0.254303 0.213281
1 0.160675 0.555859 0.32135 0.236719
0 0.915375 0.894531 0.16925 0.210938
0 0.498688 0.21582 0.0777588 0.0738281
0 0.889191 0.144727 0.221619 0.289453
0 0.777191 0.330859 0.334045 0.2875
0 0.158096 0.36543 0.316193 0.283984
0 0.3517 0.667969 0.353485 0.25625
1 0.801193 0.767187 0.336823 0.254687
0 0.631592 0.85918 0.271362 0.256641
0 0.680786 0.863281 0.244385 0.254687
1 0.757751 0.944531 0.3396 0.110937
1 0.837418 0.171191 0.325165 0.342383
0 0.0668488 0.364062 0.133698 0.184375
1 0.914185 0.522754 0.171631 0.298242
1 0.291595 0.514844 0.285645 0.235938
1 0.875702 0.660156 0.248596 0.392188
1 0.249542 0.766797 0.244781 0.232031
1 0.435608 0.776563 0.338013 0.3125
0 0.651825 0.214014 0.351501 0.27666
0 0.718872 0.263477 0.307861 0.265234
0 0.776398 0.272656 0.354675 0.305469
0 0.158195 0.421094 0.316391 0.299219
1 0.875702 0.43291 0.248596 0.282617
0 0.0761223 0.466016 0.152245 0.190625
1 0.870743 0.483594 0.258514 0.264062
1 0.733551 0.573438 0.343567 0.242188
1 0.895935 0.668359 0.20813 0.307031
1 0.151749 0.662891 0.303497 0.341406
1 0.154823 0.723437 0.309647 0.289062
1 0.157402 0.811719 0.271164 0.192188
1 0.326111 0.940625 0.341187 0.11875
1 0.422913 0.947656 0.330872 0.104687
1 0.695862 0.942969 0.338013 0.114063
1 0.690308 0.119824 0.401489 0.239648
1 0.758545 0.119141 0.372925 0.238281
1 0.858643 0.241748 0.282715 0.260254
1 0.737518 0.474316 0.338806 0.237305
1 0.626831 0.960156 0.0888672 0.0796875
0 0.786911 0.369336 0.0575256 0.0558594
0 0.776794 0.36875 0.0539551 0.0539063
0 0.0297546 0.330078 0.0483017 0.0390625
0 0.793457 0.373242 0.0539551 0.0566406
0 0.0260725 0.326758 0.0365238 0.0347656
1 0.481628 1 0.0983887 0
1 0.786911 0.369336 0.0575256 0.0558594
1 0.417358 1 0.0983887 0
0 0.116341 0.39375 0.0349121 0.0328125
0 0.164246 0.657812 0.0579224 0.053125
1 0.505432 1 0.0983887 0
1 0.608185 0.957812 0.0491943 0.0671875
1 0.442749 1 0.0968018 0
1 0.392365 1 0.0991821 0
1 0.582397 1 0.0968018 0
1 0.518921 1 0.0983887 0
1 0.887085 1 0.0968018 0
0 0.033226 0.310156 0.0654602 0.065625
1 0.594299 1 0.0975952 0
1 0.34079 1 0.0975952 0
1 0.556213 1 0.0975952 0
1 0.365784 1 0.0975952 0
1 0.483215 0.426562 0.0682373 0.06875
0 0.762115 0.372852 0.0388794 0.0488281
1 0.810913 1 0.0968018 0
0 0.655396 0.136621 0.360229 0.273242
1 0.925171 1 0.0983887 0
0 0.651031 0.232471 0.32135 0.257715
0 0.644287 0.28833 0.3396 0.263184
0 0.697845 0.351758 0.337219 0.285547
0 0.350113 0.521484 0.333649 0.258594
0 0.696655 0.283984 0.299927 0.270312
0 0.725616 0.180811 0.338806 0.286035
0 0.88205 0.436621 0.235901 0.412695
0 0.0926361 0.567187 0.185272 0.275
0 0.0930328 0.623438 0.186066 0.24375
1 0.315598 1 0.0975952 0
0 0.891174 0.128027 0.217651 0.256055
0 0.885223 0.222998 0.229553 0.374316
0 0.881851 0.333203 0.236298 0.421094
0 0.078949 0.669531 0.157898 0.170312
0 0.822144 0.716797 0.355713 0.278906
1 0.862488 1 0.0983887 0
0 0.712128 0.233398 0.319763 0.295703
0 0.637939 0.346484 0.36499 0.283594
0 0.0442352 0.958594 0.0884705 0.0828125
0 0.710541 0.625781 0.0372925 0.040625
0 0.0875778 0.514063 0.175156 0.238281
0 0.291 0.524219 0.352692 0.259375
0 0.0923386 0.0894531 0.184677 0.178906
0 0.885223 0.515527 0.229553 0.40332
0 0.281677 0.571875 0.351501 0.232031
0 0.697449 0.48916 0.363403 0.27793
0 0.593506 0.233594 0.363403 0.278906
0 0.815399 0.666406 0.369202 0.307813
0 0.193604 0.667188 0.243591 0.214062
0 0.930054 0.0521484 0.139893 0.104297
0 0.876694 0.236133 0.246613 0.255078
0 0.586365 0.285742 0.371338 0.289453
0 0.0925369 0.418359 0.185074 0.24375
0 0.0923386 0.461719 0.184677 0.244531
0 0.343369 0.478223 0.354279 0.279492
0 0.841583 0.805469 0.316833 0.264062
0 0.100769 0.363672 0.201538 0.257812
0 0.575256 0.13125 0.395142 0.2625
1 0.885223 0.281836 0.229553 0.416016
0 0.775604 0.345117 0.330872 0.298828
0 0.707764 0.392188 0.369751 0.303125
0 0.701416 0.440234 0.361816 0.283594
0 0.693481 0.5375 0.371338 0.2875
0 0.236847 0.664844 0.269379 0.225
0 0.876099 0.291602 0.247803 0.276172
1 0.88205 0.436621 0.235901 0.412695
1 0.350113 0.521484 0.333649 0.258594
0 0.891174 0.78418 0.217651 0.350391
1 0.83551 1 0.0999756 0
0 0.703003 0.145703 0.399902 0.291406
0 0.877686 0.189063 0.244629 0.252734
0 0.838684 0.534375 0.314209 0.276563
0 0.14669 0.677344 0.242996 0.207813
0 0.422119 0.626562 0.0777588 0.05
0 0.87352 0.438672 0.25296 0.261719
1 0.910889 1 0.0952148 0
0 0.591919 0.176758 0.380859 0.300391
0 0.875305 0.340625 0.24939 0.265625
0 0.873718 0.390625 0.252563 0.267969
0 0.45108 0.527344 0.348328 0.282813
0 0.165436 0.618359 0.315796 0.271094
0 0.691101 0.935547 0.350708 0.128906
0 0.0542526 0.0361328 0.108505 0.0722656
0 0.835831 0.264062 0.328339 0.357812
0 0.873718 0.485156 0.252563 0.25625
1 0.885223 0.515527 0.229553 0.40332
0 0.876099 0.532031 0.247803 0.259375
0 0.841858 0.48584 0.290405 0.270508
0 0.249592 0.61875 0.340294 0.2625
0 0.903473 0.928125 0.193054 0.14375
0 0.792068 0.300391 0.355072 0.308594
0 0.0962067 0.309375 0.192413 0.25625
1 0.193604 0.667188 0.243591 0.214062
0 0.0798912 0.798633 0.159782 0.168359
0 0.0324078 0.101367 0.0648155 0.202734
0 0.891174 0.861914 0.217651 0.276172
1 0.937866 1 0.0952148 0
1 0.502258 0.633594 0.139648 0.129688
0 0.835831 0.197021 0.328339 0.290332
0 0.806351 0.231055 0.36142 0.369141
0 0.582794 0.335352 0.38324 0.298047
0 0.795837 0.473828 0.282471 0.260156
0 0.231293 0.58125 0.36499 0.26875
0 0.449196 0.580078 0.337814 0.277344
0 0.338211 0.636719 0.367767 0.285937
0 0.138855 0.964453 0.27771 0.0710938
0 0.633179 0.939062 0.355469 0.121875
0 0.738708 0.945312 0.347534 0.109375
0 0.639526 0.4875 0.376099 0.292188
0 0.394447 0.576563 0.32988 0.250781
0 0.989166 0 0.0216675 0
1 0.624451 0.954687 0.0777588 0.071875
1 1 0 0 0
1 0.337814 0.570312 0.336823 0.229687
0 0.889786 0.701172 0.220428 0.391406
1 0.236847 0.664844 0.269379 0.225
0 0.113464 0.390625 0.0285645 0.028125
0 0.0315399 0.0413086 0.0630798 0.0826172
0 0.828293 0.290625 0.343414 0.367188
0 0.440269 0.479297 0.362015 0.275
0 0.0558395 0.553906 0.111679 0.164062
0 0.852097 0.850781 0.295807 0.264062
0 0.0938263 0.261133 0.187653 0.249609
0 0.819763 0.588281 0.360474 0.373437
0 0.292984 0.672656 0.336029 0.254687
0 0.0779572 0.738672 0.155914 0.200781
0 0.0825195 0.848437 0.165039 0.25
0 0.0828171 0.935938 0.165634 0.128125
0 0.814804 0.344727 0.370392 0.370703
1 0.291 0.524219 0.352692 0.259375
0 0.885223 0.603906 0.229553 0.401563
1 0.078949 0.669531 0.157898 0.170312
1 0.276917 1 0.0960083 0
0 0.820236 0.0476074 0.23526 0.0952148
0 0.880066 0.1875 0.239868 0.375
0 0.804565 0.167969 0.352295 0.304688
1 0.644287 0.28833 0.3396 0.263184
0 0.815598 0.441797 0.368805 0.38125
1 0.343369 0.478223 0.354279 0.279492
1 0.45108 0.527344 0.348328 0.282813
0 0.739899 0.596875 0.378479 0.315625
1 0.0930328 0.623438 0.186066 0.24375
0 0.830475 0.641406 0.33905 0.310937
1 0.822144 0.716797 0.355713 0.278906
1 0.0442352 0.958594 0.0884705 0.0828125
0 0.580811 0.947656 0.355469 0.104687
1 0.930054 0.0521484 0.139893 0.104297
0 0.0921402 0.110937 0.18428 0.221875
0 0.848129 0.330078 0.303741 0.363281
0 0.819046 0.432813 0.297943 0.278906
0 0.0551453 0.60625 0.110291 0.184375
1 0.14669 0.677344 0.242996 0.207813
0 0.832062 0.692187 0.335876 0.285937
0 0.832458 0.949609 0.335083 0.100781
0 0.855072 0.0793457 0.289856 0.158691
1 0.891174 0.128027 0.217651 0.256055
0 0.0541534 0.0693848 0.108307 0.13877
0 0.438782 0.641016 0.352295 0.292969
1 0.637939 0.346484 0.36499 0.283594
0 0.878677 0.580469 0.242645 0.265625
0 0.1758 0.958594 0.344261 0.0828125
1 0.772034 1 0.0952148 0
0 0.539452 0.220313 0.371536 0.307813
0 0.338211 0.425879 0.371735 0.27793
1 0.697449 0.48916 0.363403 0.27793
1 0.693481 0.5375 0.371338 0.2875
1 0.0926361 0.567187 0.185272 0.275
1 0.289612 0.625781 0.361816 0.267969
0 0.230499 0.755469 0.307068 0.217187
0 0.276917 0.953125 0.34436 0.09375
0 0.859238 0.955469 0.281525 0.0890625
0 0.814804 0.151465 0.370392 0.30293
0 0.383934 0.693359 0.365189 0.300781
0 0.179916 0.694141 0.247559 0.186719
0 0.520508 0.948438 0.349121 0.103125
1 0.0923386 0.0894531 0.184677 0.178906
0 0.530029 0.138672 0.382446 0.277344
0 0.0975952 0.156055 0.19519 0.262891
0 0.0997772 0.208789 0.199554 0.262109
1 0.593506 0.233594 0.363403 0.278906
1 0.651031 0.232471 0.32135 0.257715
0 0.846344 0.366602 0.307312 0.307422
0 0.1576 0.378906 0.315201 0.2875
0 0.154922 0.425879 0.309845 0.27793
0 0.762909 0.431641 0.32135 0.289844
0 0.0548477 0.507031 0.109695 0.189063
0 0.158295 0.526953 0.316589 0.274219
1 0.165436 0.618359 0.315796 0.271094
1 0.891174 0.78418 0.217651 0.350391
0 0.181355 0.815625 0.317284 0.217187
0 0.374512 0.951953 0.346741 0.0960938
1 0.163651 1 0.096405 0
1 0.586365 0.285742 0.371338 0.289453
1 0.449196 0.580078 0.337814 0.277344
0 0.77124 0.0435547 0.222168 0.0871094
0 0.237045 0.172266 0.358246 0.313672
0 0.153732 0.329688 0.307465 0.297656
0 0.155319 0.474219 0.310638 0.267969
1 0.394447 0.576563 0.32988 0.250781
0 0.0542526 0.666016 0.108505 0.163281
0 0.151352 0.872656 0.302704 0.254687
0 0.585571 0.428809 0.382446 0.295508
0 0.855865 0.46875 0.288269 0.317969
1 0.440269 0.479297 0.362015 0.275
1 0.655396 0.136621 0.360229 0.273242
1 0.697845 0.351758 0.337219 0.285547
1 0.841858 0.48584 0.290405 0.270508
0 0.0357056 0.807813 0.0714111 0.234375
0 0.125069 0.699219 0.233078 0.176563
1 0.841583 0.805469 0.316833 0.264062
0 0.0925369 0.899609 0.185074 0.200781
0 0.889587 0.914453 0.220825 0.171094
0 0.88681 0.960938 0.226379 0.078125
0 0.148575 0.131445 0.29715 0.262891
0 0.236252 0.271289 0.36142 0.304297
1 0.696655 0.283984 0.299927 0.270312
0 0.23288 0.477734 0.356262 0.278125
1 0.0875778 0.514063 0.175156 0.238281
1 0.815399 0.666406 0.369202 0.307813
0 0.888 0.717188 0.223999 0.279687
1 0.292984 0.672656 0.336029 0.254687
0 0.035656 0.864062 0.071312 0.24375
0 0.651825 0.893359 0.334045 0.213281
1 0.575256 0.13125 0.395142 0.2625
0 0.185322 0.222461 0.352989 0.314453
0 0.286785 0.223047 0.365883 0.31875
0 0.438385 0.421973 0.356262 0.260742
1 0.64032 0.439063 0.377686 0.284375
0 0.822739 0.530566 0.354523 0.376367
0 0.0556412 0.454297 0.111282 0.172656
1 0.838684 0.534375 0.314209 0.276563
1 0.885223 0.603906 0.229553 0.401563
0 0.335236 0.729688 0.351501 0.2875
0 0.280487 0.760938 0.311829 0.235938
0 0.135086 0.808594 0.270172 0.192188
1 0.903473 0.928125 0.193054 0.14375
0 0.154526 0.172656 0.309052 0.298438
0 0.153732 0.27207 0.307465 0.296484
0 0.64032 0.582422 0.361816 0.297656
0 0.483215 0.686719 0.355469 0.295312
0 0.0550461 0.709766 0.110092 0.142969
0 0.0352592 0.895312 0.0705185 0.209375
0 0.53479 0.812305 0.309448 0.275391
0 0.286835 0.134766 0.354675 0.269531
1 0.876694 0.236133 0.246613 0.255078
0 0.336426 0.171289 0.370544 0.308984
0 0.229111 0.333008 0.370941 0.310547
0 0.86618 0.404004 0.267639 0.34668
0 0.055294 0.405566 0.110588 0.182617
0 0.235062 0.424316 0.360626 0.285742
1 0.231293 0.58125 0.36499 0.26875
0 0.690704 0.629687 0.370544 0.298438
1 0.179916 0.694141 0.247559 0.186719
0 0.433624 0.734375 0.357849 0.296875
0 0.841187 0.782812 0.317627 0.28125
0 0.585175 0.8125 0.306274 0.285937
0 0.645874 0.858594 0.342773 0.282813
0 0.474487 0.125781 0.397522 0.251563
0 0.881851 0.628906 0.236298 0.273438
1 0.389191 0.640625 0.357849 0.289062
0 0.488373 0.770312 0.317383 0.295312
1 0.891174 0.861914 0.217651 0.276172
0 0.876495 0.967969 0.247009 0.0640625
0 0.542725 0.0387695 0.274536 0.0775391
0 0.597473 0.038916 0.266602 0.077832
1 0.591919 0.176758 0.380859 0.300391
1 0.725616 0.180811 0.338806 0.286035
1 0.835831 0.264062 0.328339 0.357812
1 0.876099 0.291602 0.247803 0.276172
0 0.055542 0.349023 0.111084 0.178516
1 0.819763 0.588281 0.360474 0.373437
1 0.739899 0.596875 0.378479 0.315625
0 0.0356064 0.760156 0.0712128 0.229687
0 0.332062 0.771875 0.32135 0.273438
0 0.38562 0.774219 0.326111 0.285937
0 0.641907 0.817383 0.320557 0.302734
0 0.544708 0.863867 0.326111 0.266016
0 0.74823 0.89375 0.320557 0.2125
1 0.877686 0.189063 0.244629 0.252734
1 0.806351 0.231055 0.36142 0.369141
1 0.0923386 0.461719 0.184677 0.244531
1 0.0558395 0.553906 0.111679 0.164062
1 0.336426 0.685547 0.363403 0.286719
0 0.741486 0.680859 0.365784 0.294531
0 0.480042 0.814844 0.299927 0.267188
0 0.841187 0.834375 0.317627 0.2875
0 0.235062 0.870313 0.336029 0.24375
0 0.882446 0.158887 0.235107 0.317773
0 0.032011 0.151758 0.0640221 0.219141
1 0.712128 0.233398 0.319763 0.295703
0 0.334095 0.274609 0.37838 0.303906
1 0.873718 0.390625 0.252563 0.267969
1 0.626434 0.959375 0.092041 0.08125
0 0.786316 0.373828 0.0634766 0.0632813
1 0.61731 0.964063 0.0793457 0.071875
0 0.773621 0.366602 0.0491943 0.0511719
1 0.462585 0.371094 0.0618896 0.0734375
0 0.799011 0.367188 0.0571289 0.0546875
1 0.785522 0.374219 0.0650635 0.0625
1 0.282867 0.435937 0.0341187 0.0375
1 0.642303 0.966406 0.0626831 0.0671875
1 0.481628 0.430469 0.074585 0.0765625
1 0.636749 0.616797 0.046814 0.0445312
1 0.293579 0.506641 0.0507812 0.0585938
0 0.0259981 0.332227 0.0414333 0.0402344
1 0.660156 0.421484 0.0698242 0.06875
1 1 0 0 0
1 0.59668 0.447656 0.0769653 0.0765625
1 0.608185 1 0.0722046 0
1 0.624451 0.959375 0.0960083 0.08125
0 0.788696 0.372266 0.0650635 0.065625
0 0.779175 0.372656 0.0587158 0.0570313
0 0.780762 0.364258 0.0650635 0.0628906
1 0.147583 0.751562 0.113861 0.13125
0 0.761719 0.373828 0.0412598 0.0507812
0 0.624451 0.959766 0.0983887 0.0804688
1 0.623657 0.958984 0.0983887 0.0820312
0 0.785324 0.372461 0.0638733 0.0636719
0 0.779175 0.366211 0.0650635 0.0613281
0 0.799011 0.367969 0.0618896 0.0632813
1 0.484009 0.428516 0.0690308 0.075
0 0.787903 0.371875 0.0603027 0.0601562
1 0.625244 0.960156 0.0952148 0.0796875
0 0.798218 0.367969 0.0603027 0.059375
0 0.778381 0.366406 0.055542 0.0585938
1 0.487183 0.427344 0.0714111 0.084375
0 0.791077 0.358984 0.0571289 0.0492188
1 0.624451 0.960156 0.0968018 0.0796875
0 0.787903 0.371094 0.0618896 0.0601562
0 0.777985 0.364453 0.0626831 0.0609375
0 0.799805 0.364453 0.0666504 0.06875
1 0.787109 0.371094 0.0618896 0.0617188
0 0.785522 0.371484 0.0571289 0.0570313
1 0.624451 0.960547 0.092041 0.0789063
0 0.778381 0.367188 0.0491943 0.0515625
0 0.785324 0.360156 0.051178 0.0414063
0 0.796829 0.366406 0.0535583 0.053125
0 0.787903 0.373828 0.0603027 0.0585938
1 0.625641 0.961328 0.092041 0.0773437
0 0.797424 0.368164 0.0523682 0.0558594
1 0.624451 0.959375 0.0968018 0.08125
0 0.787109 0.371875 0.0618896 0.0617188
0 0.777588 0.364258 0.0571289 0.0597656
0 0.783142 0.358984 0.0587158 0.0484375
0 0.72998 0.303125 0.0491943 0.0515625
1 0.624451 0.960938 0.0936279 0.078125
0 0.786316 0.373828 0.0618896 0.0585938
0 0.485596 0.210352 0.0888672 0.0773437
1 0.0605011 0.875 0.0791473 0.06875
0 0.494324 0.215625 0.0698242 0.0695312
0 0.506622 0.214453 0.0595093 0.0578125
1 0.625244 0.961719 0.0888672 0.0765625
0 0.786316 0.372852 0.0618896 0.0589844
0 0.795044 0.376172 0.0571289 0.0570313
0 0.779572 0.368945 0.0531616 0.0566406
1 0.624451 0.960938 0.0936279 0.078125
0 0.785324 0.371875 0.0670471 0.0664062
0 0.783142 0.361328 0.0666504 0.0640625
0 0.49353 0.216602 0.0968018 0.100391
1 0.626038 0.960547 0.0936279 0.0789063
0 0.785324 0.372266 0.0606995 0.059375
0 0.778778 0.366016 0.0547485 0.059375
0 0.795044 0.375781 0.0587158 0.0601562
1 0.623657 0.960938 0.0983887 0.078125
0 0.787308 0.373047 0.059906 0.059375
0 0.778381 0.368359 0.0539551 0.05625
0 0.795044 0.364844 0.0618896 0.0609375
1 0.0137119 1 0.0274239 0
0 0.783936 0.361719 0.0539551 0.046875
0 0.786316 0.378906 0.0412598 0.0460938
1 0.624451 0.961719 0.092041 0.0765625
0 0.786911 0.373242 0.0606995 0.0605469
1 0.311432 0.616797 0.143616 0.139844
1 1 0.0382813 0 0.0765625
1 0.623657 0.960938 0.0936279 0.078125
0 0.787109 0.373633 0.0618896 0.0628906
1 0.625244 0.960938 0.092041 0.078125
0 0.788498 0.370313 0.0606995 0.0601562
1 0.623657 0.960156 0.0952148 0.0796875
0 0.787903 0.372266 0.0603027 0.0609375
0 0.787308 0.372852 0.059906 0.0605469
1 0.622864 0.960156 0.0936279 0.0796875
0 0.779968 0.372852 0.0539551 0.0472656
0 0 0.9875 0 0.025
0 0.0205803 1 0.0411606 0
1 0.625244 0.9625 0.0936279 0.075
0 0.787903 0.371875 0.0634766 0.0625
1 0.453857 0.169922 0.0428467 0.0453125
1 0.626038 0.959375 0.0952148 0.08125
0 0.787903 0.372266 0.0634766 0.0625
1 0.623657 0.960156 0.0968018 0.0796875
0 0.785324 0.372266 0.0638733 0.0617188
0 0.772827 0.3625 0.0587158 0.0617188
1 0.624451 0.960547 0.0936279 0.0789063
0 0.786316 0.372461 0.0682373 0.0660156
1 0.454651 0.171289 0.0428467 0.0425781
1 0.0289116 0.409375 0.0578232 0.0992187
1 0.978455 0.767969 0.0430908 0.101562
0 0 0.983594 0 0.0328125
1 0.624451 0.960938 0.0936279 0.078125
0 0.786911 0.370508 0.0670471 0.0660156
1 0.0267048 1 0.0534096 0
0 0.777588 0.364844 0.0682373 0.0664062
1 0.624847 0.960938 0.0912476 0.078125
0 0.786316 0.371484 0.0634766 0.0609375
1 0.623657 0.959766 0.0936279 0.0804688
0 0.786316 0.371484 0.0634766 0.0609375
1 0.457031 0.172656 0.0444336 0.0421875
1 0.495117 0.168945 0.0444336 0.0441406
0 0.493134 1 0.0507812 0
0 0.480042 1 0.0523682 0
0 0.098587 1 0.051178 0
0 0.111481 1 0.0503845 0
0 0.138161 1 0.0501862 0
0 0.506226 1 0.0515747 0
0 0.124474 1 0.0501862 0
0 0.0856934 1 0.0527649 0
0 0.0727005 1 0.0539551 0
0 0.151154 1 0.0499878 0
0 0.0132904 1 0.0265808 0
0 0.163849 1 0.0515747 0
0 0.519714 1 0.0531616 0
0 0.0603027 1 0.0551453 0
0 0.466156 1 0.055542 0
0 0.786911 0.371875 0.0638733 0.0632813
1 0.626038 0.959375 0.0928345 0.08125
0 1 0.800781 0 0.071875
0 1 0.969531 0 0.0609375
0 1 0.976562 0 0.046875
1 0.622864 0.960938 0.0936279 0.078125
0 0.787109 0.371094 0.0618896 0.0609375
0 0.778381 0.36582 0.055542 0.0613281
0 0.652222 0.222266 0.0507812 0.0484375
0 0.784729 0.370898 0.0618896 0.0597656
1 0.623657 0.959375 0.0960083 0.08125
1 0.625244 0.960156 0.0928345 0.0796875
0 0.787903 0.370508 0.0634766 0.0613281
0 0.478058 1 0.0571289 0
0 0.490753 1 0.0571289 0
0 0.464966 1 0.0587158 0
0 0.503845 1 0.0571289 0
0 0.0586166 1 0.0739899 0
0 0.0353584 1 0.0707169 0
1 0.626038 0.960156 0.0936279 0.0796875
0 0.787109 0.369531 0.0650635 0.0617188
1 0.624451 0.959766 0.092041 0.0804688
0 0.786316 0.371484 0.0634766 0.0601562
1 0.624451 0.960938 0.0952148 0.078125
0 0.786316 0.371094 0.0682373 0.0648438
1 0.624847 0.960156 0.0944214 0.0796875
0 0.784134 0.370313 0.0662537 0.0640625
0 0.785721 0.371289 0.0662537 0.0636719
1 0.627625 0.960547 0.0936279 0.0789063
1 0.622864 0.960938 0.0952148 0.078125
0 0.787109 0.371484 0.0603027 0.0601562
0 0.785324 0.371484 0.0638733 0.0632813
1 0.62326 0.961719 0.0944214 0.0765625
1 0 0.954687 0 0.090625
1 0.624451 0.960938 0.092041 0.078125
0 0.785522 0.371484 0.0618896 0.0609375
1 0.792068 0.372656 0.0630798 0.0625
1 0.956238 0.0404785 0.0875244 0.080957
1 0.622864 0.960156 0.0952148 0.0796875
0 0.785522 0.37207 0.0634766 0.0628906
0 0.786316 0.370508 0.0618896 0.0613281
1 0.622864 0.960156 0.0944214 0.0796875
1 0.624451 0.960938 0.092041 0.078125
0 0.784729 0.369141 0.0618896 0.0632813
1 0.624054 0.960938 0.0975952 0.078125
0 0.787109 0.372266 0.0650635 0.0632813
1 0.623657 0.960938 0.092041 0.078125
0 0.787109 0.369531 0.0682373 0.0664062
1 0.624847 0.960156 0.0928345 0.0796875
0 0.787109 0.370703 0.0634766 0.0617188
0 0.796631 0.376172 0.0571289 0.0578125
1 0.624451 0.959375 0.0952148 0.08125
0 0.785522 0.370703 0.0634766 0.0632813
0 0.785522 0.379785 0.0460205 0.0498047
0 0.0329409 1 0.0636501 0
1 0.623657 0.961719 0.0928345 0.0765625
0 0.785721 0.370313 0.0630798 0.0609375
0 0.496704 0.16709 0.0460205 0.0443359
1 0.457031 0.171094 0.0412598 0.0410156
1 0.624847 0.961328 0.0944214 0.0773437
0 0.785522 0.370313 0.0634766 0.0632813
1 0.625244 0.960938 0.092041 0.078125
0 0.785522 0.371484 0.0618896 0.059375
0 0.777588 0.36875 0.0539551 0.0554687
1 0.624451 0.960547 0.0952148 0.0789063
0 0.785522 0.371094 0.0618896 0.059375
1 0.625641 0.960938 0.0928345 0.078125
0 0.784729 0.370898 0.0618896 0.0613281
1 0.623657 0.960938 0.0936279 0.078125
0 0.785522 0.371875 0.0618896 0.0617188
1 0.624054 0.960938 0.0936279 0.078125
0 0.783142 0.369336 0.0634766 0.0621094
1 0.622864 0.961719 0.092041 0.0765625
0 0.785522 0.369141 0.0618896 0.0617188
0 0.53241 0.926562 0.0396729 0.0375
1 0.623657 0.960156 0.0952148 0.0796875
0 0.787109 0.371094 0.0571289 0.059375
0 0.810913 0.394141 0.0603027 0.0484375
1 0.624451 0.960938 0.0952148 0.078125
0 0.786316 0.371484 0.0634766 0.0617188
0 0.8125 0.39375 0.0603027 0.0484375
1 0.624451 0.961328 0.0936279 0.0773437
0 0.787109 0.371875 0.0603027 0.0601562
1 0.625244 0.960156 0.0952148 0.0796875
0 0.785324 0.36875 0.0606995 0.0601562
1 0.501068 0.168457 0.0476074 0.0474609
1 0.456238 0.172266 0.0436401 0.0441406
1 0.624451 0.959766 0.0968018 0.0804688
0 0.785522 0.369922 0.0603027 0.0609375
1 0.62326 0.960156 0.0960083 0.0796875
0 0.784729 0.371875 0.0618896 0.0617188
0 0.785721 0.370313 0.0630798 0.0617188
1 0.624847 0.960156 0.0952148 0.0796875
1 0.624847 0.960547 0.0952148 0.0789063
0 0.785721 0.370703 0.059906 0.0609375
1 0.623657 0.961719 0.0936279 0.0765625
0 0.786316 0.371289 0.0618896 0.0605469
1 0.625244 0.960938 0.0952148 0.078125
0 0.786316 0.371484 0.0618896 0.0617188
1 0.625244 0.963281 0.092041 0.0734375
0 0.787308 0.370508 0.0630798 0.0628906
1 0.624451 0.960156 0.0952148 0.0796875
0 0.786316 0.371875 0.0650635 0.0625
1 0.624847 0.960938 0.0944214 0.078125
0 0.788895 0.371094 0.0630798 0.0609375
0 1 0.0134766 0 0.0269531
1 0.624847 0.9625 0.0944214 0.075
0 0.786911 0.372266 0.0606995 0.0625
1 0.623657 0.9625 0.0936279 0.075
0 0.787903 0.370898 0.0618896 0.0621094
1 0.624451 0.961719 0.0936279 0.0765625
0 0.787308 0.372656 0.0630798 0.0617188
0 0.455444 0.171191 0.0396729 0.0376953
1 0.624451 0.963281 0.0936279 0.0734375
0 0.787109 0.368945 0.0618896 0.0621094
1 0.624054 0.960938 0.0944214 0.078125
0 0.787903 0.371484 0.0618896 0.0617188
1 0.624451 0.9625 0.0952148 0.075
0 0.787109 0.373437 0.0650635 0.0625
1 0.624054 0.960938 0.0944214 0.078125
0 0.787308 0.369141 0.0630798 0.0601562
1 0.623657 0.960938 0.0936279 0.078125
0 0.787109 0.370313 0.0603027 0.059375
1 0.623657 0.961719 0.0952148 0.0765625
0 0.788498 0.37207 0.0638733 0.0621094
0 0.785522 0.369141 0.0603027 0.059375
1 0.623657 0.960156 0.0936279 0.0796875
1 0.62326 0.959375 0.0960083 0.08125
0 0.787109 0.370508 0.0634766 0.0621094
1 0.625641 0.960938 0.0960083 0.078125
0 0.786316 0.371094 0.0618896 0.0617188
0 0.801392 0.654297 0.0333252 0.0320312
1 0.625244 0.9625 0.0952148 0.075
0 0.786316 0.370898 0.0618896 0.0621094
0 0.162262 1 0.0634766 0
0 0.150162 1 0.0634766 0
0 0.13707 1 0.06427 0
0 0.123383 1 0.06427 0
0 0.174164 1 0.0630798 0
0 0.110291 1 0.0650635 0
0 0.09762 1 0.0662041 0
0 0.186909 1 0.0625839 0
0 0.0850735 1 0.0678902 0
0 0.0718079 1 0.0698242 0
1 0.623657 0.961719 0.0936279 0.0765625
0 0.787308 0.370703 0.0630798 0.0617188
1 0.625244 0.962109 0.0936279 0.0757812
0 0.786316 0.370117 0.0618896 0.0605469
1 0.624451 0.963281 0.0952148 0.0734375
0 0.786316 0.369727 0.0603027 0.0589844
0 0.787903 0.378516 0.0444336 0.0476562
1 0.624451 0.960938 0.0936279 0.078125
0 0.786316 0.370313 0.0618896 0.0625
1 0.626038 0.960938 0.0944214 0.078125
0 0.785522 0.369336 0.0634766 0.0621094
1 0.627625 0.9625 0.0928345 0.075
0 0.785522 0.371094 0.0634766 0.0617188
1 0.625244 0.960938 0.0952148 0.078125
0 0.784729 0.371289 0.0634766 0.0628906
1 0.625244 0.960938 0.0936279 0.078125
0 0.783936 0.369141 0.0618896 0.059375
1 0.626038 0.962109 0.0952148 0.0757812
0 0.784729 0.370703 0.0634766 0.0632813
0 0.784729 0.370313 0.0618896 0.0609375
1 0.627625 0.964063 0.092041 0.071875
1 0.624847 0.963281 0.0944214 0.0734375
0 0.785324 0.369531 0.0638733 0.0617188
0 0.797424 0.65625 0.0396729 0.0375
1 0.626831 0.963281 0.0928345 0.0734375
0 0.787109 0.369922 0.0650635 0.0625
1 0.626434 0.9625 0.0960083 0.075
0 0.784729 0.36875 0.0618896 0.0625
0 0.572876 0.129004 0.0404663 0.0353516
1 0.623657 0.961719 0.0936279 0.0765625
0 0.784729 0.373047 0.0618896 0.0617188
1 0.623657 0.962109 0.0944214 0.0757812
0 0.787109 0.371094 0.0618896 0.0609375
1 0.625244 0.961719 0.0960083 0.0765625
0 0.784729 0.367578 0.0603027 0.0609375
1 0.626038 0.962891 0.0936279 0.0742188
0 0.787109 0.370313 0.0618896 0.0609375
1 0.623657 0.961719 0.0944214 0.0765625
0 0.786316 0.368945 0.0618896 0.0605469
1 0.624451 0.962891 0.0936279 0.0742188
0 0.785522 0.370313 0.0634766 0.0625
1 0.623657 0.9625 0.0936279 0.075
0 0.785522 0.369922 0.0618896 0.0625
1 0.624451 0.960938 0.0952148 0.078125
0 0.785522 0.371094 0.0634766 0.0617188
1 0.622864 0.961719 0.0952148 0.0765625
0 0.785522 0.369336 0.0650635 0.0636719
1 0.626038 0.9625 0.0936279 0.075
0 0.783936 0.36875 0.0634766 0.0625
1 0.626831 0.9625 0.0936279 0.075
0 0.784729 0.37168 0.0618896 0.0613281
1 0.625244 0.961719 0.0968018 0.0765625
0 0.787109 0.370117 0.0618896 0.0605469
1 0.624451 0.960938 0.0983887 0.078125
0 0.784729 0.371094 0.0634766 0.0625
1 0.624451 0.961719 0.0960083 0.0765625
0 0.780762 0.369141 0.0666504 0.0664062
1 0.625244 0.960938 0.0968018 0.078125
0 0.781555 0.369922 0.0650635 0.0648438
1 0.624451 0.961719 0.0952148 0.0765625
0 0.784729 0.370703 0.0634766 0.0625
1 0.624847 0.960938 0.0968018 0.078125
0 0.783737 0.370313 0.0638733 0.0640625
1 0.624451 0.961719 0.0952148 0.0765625
0 0.783142 0.368945 0.0634766 0.0628906
1 0.62207 0.961719 0.0936279 0.0765625
0 0.785522 0.369531 0.0650635 0.0625
1 0.622864 0.961719 0.0936279 0.0765625
0 0.783936 0.370313 0.0650635 0.0632813
0 0.821228 0.391016 0.0587158 0.0523437
1 0.624054 0.961328 0.0944214 0.0773437
0 0.785324 0.369531 0.0638733 0.0625
1 0.627228 0.961328 0.0928345 0.0773437
0 0.784134 0.371484 0.0630798 0.0609375
1 0.626434 0.960938 0.0928345 0.078125
0 0.782349 0.370117 0.0634766 0.0628906
1 0.627228 0.961328 0.0936279 0.0773437
0 0.78215 0.370313 0.0638733 0.0640625
1 0.626038 0.961719 0.0936279 0.0765625
0 0.784134 0.371289 0.0630798 0.0613281
1 0.625641 0.9625 0.0960083 0.075
0 0.783936 0.369922 0.0618896 0.0617188
1 0.624451 0.963281 0.0952148 0.0734375
0 0.783142 0.369141 0.0634766 0.0640625
1 0.156311 1 0.108704 0
1 0.180958 1 0.109398 0
1 0.623657 0.960938 0.0936279 0.078125
0 0.782349 0.369141 0.0634766 0.0632813
1 0.624451 0.961719 0.0952148 0.0765625
0 0.781555 0.370313 0.0650635 0.0648438
1 0.624054 0.9625 0.0944214 0.075
0 0.782349 0.370703 0.0650635 0.0640625
1 0.624451 0.9625 0.0936279 0.075
0 0.782547 0.370508 0.0662537 0.0652344
1 0.622864 0.962109 0.0936279 0.0757812
0 0.784729 0.371094 0.0634766 0.0625
1 0.622467 0.962109 0.0936279 0.0757812
0 0.782349 0.370703 0.0618896 0.0617188
1 0.624451 0.964063 0.0936279 0.071875
0 0.783936 0.371289 0.0634766 0.0613281
1 0.62207 0.963672 0.0936279 0.0726563
0 0.783737 0.371094 0.0606995 0.0609375
1 0.625244 0.960938 0.0944214 0.078125
0 0.784729 0.370313 0.0603027 0.0609375
1 0.626831 0.961719 0.0936279 0.0765625
0 0.782349 0.371484 0.0618896 0.0601562
1 0.626831 0.961719 0.0936279 0.0765625
0 0.783737 0.371094 0.0606995 0.0601562
1 0.626831 0.962109 0.0952148 0.0757812
0 0.783737 0.369922 0.0606995 0.0609375
1 0.623657 0.961719 0.0952148 0.0765625
0 0.785721 0.370703 0.059906 0.0601562
1 0.624451 0.9625 0.0952148 0.075
0 0.783936 0.369531 0.0603027 0.059375
1 0.624847 0.961719 0.0944214 0.0765625
0 0.78215 0.370898 0.0606995 0.0605469
1 0.62207 0.9625 0.0952148 0.075
0 0.783936 0.370703 0.0603027 0.059375
1 0.625641 0.961719 0.0952148 0.0765625
0 0.784134 0.369922 0.059906 0.0585938
1 0.625641 0.961328 0.0960083 0.0773437
0 0.78215 0.370703 0.0606995 0.0601562
1 0.624451 0.9625 0.0952148 0.075
0 0.782349 0.370703 0.0618896 0.0609375
1 0.622864 0.9625 0.0952148 0.075
0 0.783737 0.370703 0.0606995 0.0601562
1 0.62207 0.961719 0.0936279 0.0765625
0 0.782349 0.368945 0.0618896 0.0621094
1 0.625244 0.960938 0.0968018 0.078125
0 0.782349 0.369141 0.0618896 0.0617188
0 0.806152 0.655469 0.0380859 0.0421875
1 0.624054 0.961328 0.0960083 0.0773437
0 0.782349 0.369922 0.0603027 0.0601562
1 0.622864 0.961328 0.0952148 0.0773437
0 0.781555 0.36875 0.0618896 0.0625
1 0.622864 0.9625 0.0944214 0.075
0 0.779968 0.36875 0.0618896 0.0617188
1 0.62326 0.963281 0.0928345 0.0734375
0 0.781555 0.369922 0.0618896 0.0601562
1 0.623657 0.9625 0.0936279 0.075
0 0.78215 0.369922 0.0606995 0.0609375
1 0.622467 0.960547 0.0936279 0.0789063
0 0.782349 0.370508 0.0618896 0.0597656
1 0.622864 0.961719 0.0944214 0.0765625
0 0.782349 0.369141 0.0618896 0.0609375
1 0.624451 0.961719 0.0936279 0.0765625
0 0.78215 0.367969 0.0606995 0.0609375
1 0.624451 0.960547 0.0936279 0.0789063
0 0.781555 0.36875 0.0618896 0.0617188
1 0.622864 0.960938 0.0936279 0.078125
0 0.779968 0.36875 0.0634766 0.0625
1 0.622864 0.960938 0.0936279 0.078125
0 0.780762 0.369531 0.0634766 0.0625
1 0.621674 0.960938 0.0936279 0.078125
0 0.780365 0.368555 0.0626831 0.0621094
1 0.624847 0.960938 0.0936279 0.078125
0 0.782547 0.370313 0.0630798 0.0609375
1 0.623657 0.960938 0.0952148 0.078125
0 0.782547 0.369922 0.0630798 0.0625
1 0.62207 0.960938 0.0936279 0.078125
0 0.783142 0.369336 0.0634766 0.0636719
1 0.62088 0.960547 0.0944214 0.0789063
0 0.781555 0.370703 0.0650635 0.0632813
1 0.622864 0.961328 0.0936279 0.0773437
0 0.784729 0.370703 0.0634766 0.0617188
1 0.62207 0.960938 0.0952148 0.078125
0 0.78215 0.369141 0.0638733 0.0632813
1 0.62207 0.960938 0.0944214 0.078125
0 0.781555 0.370117 0.0634766 0.0621094
1 0.622864 0.960938 0.0952148 0.078125
0 0.782349 0.369922 0.0634766 0.0617188
1 0.623657 0.960938 0.0952148 0.078125
0 0.781555 0.368945 0.0634766 0.0621094
1 0.62207 0.960938 0.0952148 0.078125
0 0.78096 0.36875 0.0630798 0.0625
1 0.623657 0.960156 0.0952148 0.0796875
0 0.782349 0.369531 0.0634766 0.0625
1 0.622864 0.960938 0.0936279 0.078125
0 0.784134 0.369531 0.0630798 0.0609375
1 0.622864 0.960547 0.0952148 0.0789063
0 0.783142 0.369922 0.0634766 0.0625
1 0.62207 0.960547 0.0952148 0.0789063
0 0.782547 0.370508 0.0630798 0.0613281
1 0.62207 0.960156 0.0936279 0.0796875
0 0.782547 0.370313 0.0630798 0.0609375
1 0.62207 0.960938 0.0936279 0.078125
0 0.782349 0.370117 0.0634766 0.0621094
1 0.621277 0.961328 0.0936279 0.0773437
0 0.782547 0.36875 0.0630798 0.0617188
1 0.621674 0.961328 0.0944214 0.0773437
0 0.78096 0.368359 0.0630798 0.0617188
1 0.62207 0.960156 0.0952148 0.0796875
0 0.780762 0.367969 0.0634766 0.0625
1 0.62207 0.960547 0.0936279 0.0789063
0 0.781555 0.368359 0.0634766 0.0625
1 0.624054 0.960547 0.0944214 0.0789063
0 0.780762 0.368359 0.0634766 0.0625
1 0.622864 0.960156 0.0952148 0.0796875
0 0.781555 0.367578 0.0634766 0.0625
1 0.621674 0.961719 0.0936279 0.0765625
0 0.780762 0.367188 0.0634766 0.0625
1 0.62207 0.961719 0.0936279 0.0765625
0 0.780365 0.367773 0.0626831 0.0628906
1 0.622864 0.960938 0.0952148 0.078125
0 0.779968 0.366992 0.0634766 0.0628906
1 0.620483 0.961719 0.0928345 0.0765625
0 0.782349 0.367969 0.0618896 0.0617188
1 0.62207 0.960938 0.0944214 0.078125
0 0.780762 0.367383 0.0634766 0.0628906
1 0.621674 0.961328 0.0944214 0.0773437
0 0.779968 0.368164 0.0634766 0.0628906
1 0.622467 0.960938 0.0944214 0.078125
0 0.780762 0.366797 0.0634766 0.0625
1 0.622864 0.960938 0.0936279 0.078125
0 0.780762 0.367383 0.0634766 0.0621094
1 0.62207 0.961328 0.0944214 0.0773437
0 0.779968 0.367578 0.0634766 0.0632813
1 0.62326 0.961719 0.0944214 0.0765625
0 0.779968 0.366406 0.0634766 0.0625
1 0.62207 0.961719 0.0936279 0.0765625
0 0.780762 0.366992 0.0634766 0.0628906
1 0.622864 0.961719 0.0936279 0.0765625
0 0.783142 0.368164 0.0618896 0.0621094
1 0.622864 0.961719 0.0936279 0.0765625
0 0.782547 0.367969 0.0630798 0.0625
1 0.622864 0.960938 0.0936279 0.078125
0 0.78096 0.367969 0.0630798 0.0625
1 0.622864 0.960938 0.0936279 0.078125
0 0.782349 0.36875 0.0618896 0.0617188
1 0.62207 0.960938 0.0936279 0.078125
0 0.782547 0.36875 0.0630798 0.0617188
1 0.622864 0.960938 0.0936279 0.078125
0 0.781555 0.36875 0.0634766 0.0617188
1 0.622467 0.960938 0.0944214 0.078125
0 0.781555 0.368359 0.0634766 0.0617188
1 0.62207 0.960938 0.0936279 0.078125
0 0.781555 0.368359 0.0634766 0.0617188
1 0.622467 0.960938 0.0944214 0.078125
0 0.781555 0.36875 0.0634766 0.0617188
1 0.622467 0.960938 0.0944214 0.078125
0 0.781555 0.36875 0.0634766 0.0617188
1 0.624451 0.959766 0.092041 0.0804688
0 0.786316 0.371484 0.0634766 0.0601562
0 0.798416 0.373242 0.0583191 0.0527344
0 0.790085 0.364648 0.0543518 0.0527344
