1 0.213837 0.427344 0.105133 0.0945313
0 0.377686 0.439063 0.755371 0.878125
1 0.403473 0.224805 0.806946 0.355078
1 0.403076 0.200977 0.806152 0.401953
0 0.403076 0.225 0.806152 0.45
1 0.337219 0.183594 0.674438 0.367188
0 0.37709 0.366406 0.754181 0.607031
1 0.351898 0.202734 0.703796 0.405469
1 0.403076 0.377734 0.806152 0.755469
1 0.350708 0.401172 0.701416 0.802344
0 0.302704 0.367773 0.605408 0.735547
0 0.434814 0.342578 0.869629 0.685156
0 0.299332 0.389844 0.598663 0.773438
1 0.37709 0.366406 0.754181 0.607031
0 0.370148 0.228125 0.730774 0.45625
1 0.336227 0.399219 0.672455 0.394531
1 0.300919 0.24043 0.601837 0.480078
0 0.403473 0.224805 0.806946 0.355078
0 0.929932 0.511719 0.0634766 0.065625
0 0.336227 0.399219 0.672455 0.394531
0 0.331665 0.279102 0.59668 0.534766
1 0.302902 0.20625 0.605804 0.4125
0 0.482521 0.463281 0.771042 0.6625
1 0.458618 0.252344 0.847412 0.504687
0 0.29834 0.375 0.572083 0.315625
0 0.431641 0.286719 0.863281 0.478125
0 0.509796 0.45 0.87677 0.878125
0 0.199951 0.402344 0.399902 0.804688
0 0.302902 0.228711 0.605804 0.457422
1 0.299332 0.389844 0.598663 0.773438
1 0.452667 0.415234 0.694275 0.510156
1 0.29834 0.375 0.572083 0.315625
0 0.452667 0.415234 0.694275 0.510156
1 0.509796 0.45 0.87677 0.878125
1 0.370148 0.228125 0.730774 0.45625
0 0.361618 0.596094 0.723236 0.74375
0 0.66571 0.557813 0.433228 0.2875
0 0.659363 0.633203 0.411011 0.402344
0 0.159088 0.686328 0.318176 0.367969
1 0.311035 0.15 0.461792 0.296875
0 0.55542 0.570215 0.628418 0.445508
1 0.849319 0.0535156 0.301361 0.107031
1 0.895538 0.0833984 0.208923 0.166797
0 0.804688 0.262109 0.390625 0.272656
1 0.55542 0.570215 0.628418 0.445508
1 0.434814 0.524609 0.793457 0.610156
0 0.145004 0.0407715 0.290009 0.081543
0 0.23645 0.0200684 0.420532 0.0401367
1 0.257477 0.402734 0.514954 0.303125
0 0.187057 0.0230957 0.374115 0.0461914
0 0.148376 0.616797 0.296753 0.383594
0 0.339005 0.0181641 0.440765 0.0363281
0 0.490456 0.556348 0.691696 0.65918
0 0.170296 0.125586 0.241013 0.251172
1 0.839798 0.270508 0.320404 0.287109
0 0.218201 0.778125 0.436401 0.309375
0 0.379669 0.559375 0.759338 0.88125
1 0.659363 0.633203 0.411011 0.402344
0 0.82869 0.723437 0.342621 0.373437
1 0.968536 0.0472656 0.0629272 0.0945313
0 0.155121 0.159766 0.310242 0.319531
0 0.247906 0.0933594 0.289711 0.186719
0 0.710938 0.587891 0.388794 0.346094
0 0.30806 0.0988281 0.416168 0.197656
0 0.369156 0.0206543 0.287628 0.0413086
0 0.219788 0.748828 0.439575 0.488281
0 0.452271 0.023877 0.380859 0.0477539
0 0.437889 0.354102 0.633377 0.365234
0 0.835434 0.685938 0.329132 0.271875
0 0.805878 0.0322021 0.388245 0.0644043
0 0.315399 0.786719 0.445129 0.348437
1 0.187057 0.0230957 0.374115 0.0461914
1 0.955841 0.631641 0.0883179 0.735156
1 0.145004 0.0407715 0.290009 0.081543
0 0.739105 0.0276367 0.40863 0.0552734
0 0.763306 0.149414 0.409424 0.252344
1 0.437889 0.354102 0.633377 0.365234
1 0.155121 0.159766 0.310242 0.319531
1 0.224945 0.150879 0.21582 0.298633
1 0.118423 0.0779297 0.236847 0.155859
1 0.66571 0.557813 0.433228 0.2875
0 0.954651 0.852344 0.0906982 0.278125
1 0.121696 0.870313 0.243393 0.259375
0 0.49472 0.0291504 0.501465 0.0583008
0 0.421326 0.619141 0.703003 0.597656
1 0.0716095 0.124121 0.143219 0.248242
1 0.343567 0.754297 0.486389 0.430469
0 0.257477 0.402734 0.514954 0.303125
1 0.850311 0.686328 0.299377 0.289844
1 0.111481 0.815234 0.222961 0.369531
0 0.156807 0.910937 0.313614 0.178125
1 0.23645 0.0200684 0.420532 0.0401367
0 0.634666 0.150781 0.554031 0.263281
0 0.162956 0.29375 0.325912 0.542188
0 0.163055 0.748828 0.326111 0.227344
0 0.962189 0.880469 0.0756226 0.23125
0 0.968536 0.0472656 0.0629272 0.0945313
0 0.153236 0.561035 0.306473 0.768555
1 0.710938 0.587891 0.388794 0.346094
0 0.608582 0.0306152 0.51416 0.0612305
0 0.849319 0.0535156 0.301361 0.107031
1 0.810913 0.546094 0.280884 0.285937
1 0.813416 0.0440918 0.373169 0.0881836
0 0.31282 0.726562 0.543915 0.45625
0 0.118423 0.0779297 0.236847 0.155859
0 0.678406 0.0293457 0.336426 0.0586914
0 0.337219 0.183594 0.674438 0.367188
0 0.836823 0.347656 0.326355 0.415625
1 0.964172 0.324805 0.0716553 0.597266
1 0.834244 0.713281 0.331512 0.39375
1 0.0832138 0.191602 0.166428 0.383203
1 0.0814781 0.244922 0.162956 0.489844
1 0.661743 0.191846 0.484009 0.303809
0 0.376892 0.80957 0.440369 0.280859
0 0.121696 0.870313 0.243393 0.259375
1 0.754974 0.285352 0.454651 0.376953
0 0.0716095 0.124121 0.143219 0.248242
0 0.311035 0.15 0.461792 0.296875
0 0.81044 0.170605 0.37912 0.261914
1 0.96814 0.0666016 0.0637207 0.133203
1 0.717285 0.217969 0.469727 0.435937
1 0.48877 0.316016 0.910889 0.632031
0 0.710938 0.662891 0.376099 0.432031
1 0.0888672 0.780469 0.177734 0.439063
1 0.870148 0.905078 0.259705 0.189844
0 0.812698 0.0870117 0.370941 0.174023
0 0.72522 0.202002 0.485596 0.375684
1 0.176048 0.921094 0.352097 0.157813
1 0.170296 0.125586 0.241013 0.251172
1 0.083065 0.702734 0.16613 0.533594
1 0.118423 0.176563 0.236847 0.353125
0 0.327301 0.0874512 0.315796 0.174902
1 0.953461 0.573438 0.0930786 0.45
1 0.277313 0.729297 0.540344 0.505469
1 0.163055 0.748828 0.326111 0.227344
0 0.687531 0.148828 0.40387 0.284375
1 0.963379 0.324414 0.0732422 0.429297
0 0.961792 0.319922 0.076416 0.525781
1 0.376892 0.80957 0.440369 0.280859
0 0.291794 0.797656 0.342377 0.25
1 0.156807 0.910937 0.313614 0.178125
0 0.118423 0.176563 0.236847 0.353125
1 0.162956 0.29375 0.325912 0.542188
0 0.754974 0.285352 0.454651 0.376953
0 0.865387 0.903125 0.269226 0.178125
1 0.361618 0.596094 0.723236 0.74375
0 0.145699 0.845898 0.291397 0.308203
0 0.176048 0.921094 0.352097 0.157813
1 0.96814 0.171973 0.0637207 0.313867
0 0.966553 0.24707 0.0668945 0.412109
1 0.966553 0.24707 0.0668945 0.412109
0 0.959412 0.492969 0.0811768 0.529688
0 0.801392 0.580469 0.299927 0.310937
1 0.960205 0.861719 0.0795898 0.257812
1 0.339005 0.0181641 0.440765 0.0363281
1 0.112274 0.177344 0.224548 0.339453
1 0.836823 0.347656 0.326355 0.415625
1 0.955444 0.729297 0.0891113 0.513281
0 0.0832138 0.191602 0.166428 0.383203
0 0.130722 0.178516 0.261444 0.339063
1 0.379669 0.559375 0.759338 0.88125
0 0.836823 0.6125 0.326355 0.435937
0 0.284851 0.696094 0.569702 0.607813
1 0.816986 0.653906 0.366028 0.4375
1 0.260254 0.929297 0.502258 0.141406
1 0.968933 0.109863 0.0621338 0.219336
1 0.145699 0.845898 0.291397 0.308203
1 0.739105 0.0276367 0.40863 0.0552734
1 0.302902 0.228711 0.605804 0.457422
1 0.183189 0.820312 0.366379 0.359375
1 0.199951 0.402344 0.399902 0.804688
0 0.802307 0.65625 0.395386 0.459375
1 0.755371 0.690234 0.363403 0.489844
1 0.959412 0.492969 0.0811768 0.529688
1 0.461098 0.622266 0.7155 0.755469
1 0.464966 0.7375 0.380859 0.36875
0 0.779175 0.764063 0.361816 0.346875
1 0.0820236 0.558984 0.164047 0.697656
0 0.150955 0.423828 0.30191 0.374219
0 0.153336 0.536719 0.306671 0.526563
1 0.88443 0.70625 0.23114 0.365625
1 0.159088 0.686328 0.318176 0.367969
1 0.218201 0.778125 0.436401 0.309375
0 0.183189 0.820312 0.366379 0.359375
0 0.860229 0.970312 0.279541 0.059375
0 0.811234 0.124219 0.377533 0.207813
0 0.0814781 0.244922 0.162956 0.489844
1 0.687134 0.151953 0.580811 0.289062
1 0.775604 0.187109 0.432434 0.298438
0 0.960205 0.600391 0.0795898 0.564844
0 0.083065 0.702734 0.16613 0.533594
0 0.111481 0.815234 0.222961 0.369531
0 0.0881729 0.188281 0.176346 0.376563
0 0.127945 0.457031 0.25589 0.904688
1 0.820755 0.417285 0.35849 0.541992
1 0.150955 0.423828 0.30191 0.374219
1 0.842972 0.548828 0.314056 0.448438
1 0.153336 0.536719 0.306671 0.526563
0 0.171288 0.883594 0.342575 0.232812
1 0.369156 0.0206543 0.287628 0.0413086
1 0.678406 0.0293457 0.336426 0.0586914
1 0.779175 0.764063 0.361816 0.346875
0 0.856857 0.319531 0.286285 0.525
1 0.0802879 0.413281 0.160576 0.823438
1 0.187653 0.89375 0.375305 0.203125
1 0.0881729 0.188281 0.176346 0.376563
1 0.888992 0.161816 0.222015 0.307617
0 0.941559 0.371094 0.116882 0.675
0 0.209076 0.487891 0.418152 0.501562
0 0.464966 0.7375 0.380859 0.36875
0 0.384827 0.072998 0.284851 0.145996
0 0.48877 0.316016 0.910889 0.632031
0 0.164742 0.535937 0.329483 0.409375
0 0.888992 0.161816 0.222015 0.307617
0 0.854477 0.454785 0.291046 0.591992
1 0.247906 0.0933594 0.289711 0.186719
0 0.895538 0.0833984 0.208923 0.166797
0 0.96814 0.171973 0.0637207 0.313867
1 0.209076 0.487891 0.418152 0.501562
1 0.963776 0.889063 0.0724487 0.221875
0 0.436005 0.0958984 0.353088 0.191797
0 0.837097 0.523047 0.311035 0.332812
0 0.138458 0.764063 0.276917 0.471875
1 0.834045 0.0950195 0.331909 0.190039
0 0.351898 0.202734 0.703796 0.405469
1 0.922913 0.697656 0.154175 0.395312
0 0.230896 0.651563 0.461792 0.590625
0 0.0888672 0.780469 0.177734 0.439063
0 0.685547 0.0864258 0.358643 0.172852
1 0.164742 0.535937 0.329483 0.409375
0 0.273296 0.873438 0.364296 0.14375
1 0.61969 0.0324219 0.439575 0.0648438
0 0.838608 0.244971 0.322784 0.359277
1 0.421326 0.619141 0.703003 0.597656
0 0.0820236 0.558984 0.164047 0.697656
0 0.955444 0.729297 0.0891113 0.513281
1 0.328938 0.870313 0.319664 0.14375
1 0.860229 0.970312 0.279541 0.059375
0 0.879669 0.227539 0.240662 0.380859
1 0.395935 0.272266 0.628418 0.514844
0 0.860825 0.841406 0.278351 0.30625
0 0.500671 0.382715 0.579224 0.295508
0 0.251526 0.563672 0.503052 0.753906
0 0.115845 0.73125 0.231689 0.503125
0 0.791672 0.817969 0.365387 0.257812
1 0.32869 0.807031 0.345551 0.248437
0 0.743469 0.540234 0.366577 0.307031
1 0.315994 0.90625 0.432037 0.159375
1 0.338806 0.941406 0.460205 0.117188
0 0.224945 0.150879 0.21582 0.298633
0 0.456238 0.700781 0.461792 0.473437
1 0.791672 0.817969 0.365387 0.257812
1 0.860825 0.841406 0.278351 0.30625
0 0.953064 0.602734 0.0938721 0.728906
1 0.148376 0.616797 0.296753 0.383594
1 0.0990829 0.721484 0.198166 0.402344
1 0.852295 0.728906 0.29541 0.528125
0 0.539551 0.1375 0.44989 0.227344
1 0.941559 0.371094 0.116882 0.675
1 0.153236 0.561035 0.306473 0.768555
0 0.0990829 0.721484 0.198166 0.402344
1 0.115845 0.73125 0.231689 0.503125
1 0.702606 0.824219 0.316589 0.2625
0 0.29953 0.207227 0.59906 0.354297
0 0.922913 0.697656 0.154175 0.395312
1 0.691101 0.686328 0.407837 0.538281
1 0.49472 0.0291504 0.501465 0.0583008
0 0.88443 0.70625 0.23114 0.365625
0 0.112968 0.650781 0.225937 0.473437
0 0.105629 0.348437 0.211258 0.695312
1 0.499977 0.703516 0.453659 0.466406
0 0.260254 0.929297 0.502258 0.141406
1 0.129929 0.174512 0.259857 0.339258
1 0.859039 0.291406 0.281921 0.459375
1 0.112968 0.650781 0.225937 0.473437
1 0.705383 0.751562 0.363403 0.429688
0 0.219788 0.870313 0.422119 0.259375
0 0.439575 0.148535 0.398315 0.279492
1 0.743469 0.540234 0.366577 0.307031
0 0.96814 0.0666016 0.0637207 0.133203
1 0.138458 0.764063 0.276917 0.471875
1 0.598663 0.947266 0.427673 0.105469
0 0.68634 0.120703 0.374512 0.175781
1 0.879669 0.227539 0.240662 0.380859
1 0.86142 0.379785 0.277161 0.651367
0 0.45108 0.318359 0.540344 0.253906
0 0.611656 0.708984 0.481033 0.496094
1 0.452171 0.814062 0.382645 0.260938
1 0.452271 0.023877 0.380859 0.0477539
0 0.934021 0.613672 0.131958 0.489844
1 0.219788 0.870313 0.422119 0.259375
0 0.485695 0.0776855 0.463181 0.155371
0 0.0802879 0.413281 0.160576 0.823438
0 0.217209 0.904688 0.42807 0.190625
1 0.836227 0.149121 0.327545 0.266992
0 0.968933 0.109863 0.0621338 0.219336
0 0.112274 0.177344 0.224548 0.339453
0 0.452171 0.814062 0.382645 0.260938
0 0.702606 0.824219 0.316589 0.2625
0 0.705383 0.751562 0.363403 0.429688
1 0.21463 0.43125 0.0975952 0.0976562
0 0.929932 0.510156 0.0634766 0.059375
1 0.200298 0.395312 0.136574 0.16875
0 0.422119 0.141797 0.083313 0.0851562
0 0.926758 0.501562 0.0666504 0.059375
0 0.89978 0.526563 0.0476074 0.0453125
0 0.420929 0.129199 0.0626831 0.0607422
0 0.41111 0.149902 0.0950165 0.0974609
0 0.893433 0.533203 0.0507812 0.0476562
0 0.89502 0.530859 0.0412598 0.040625
0 0.477661 0.306689 0.474487 0.34834
0 0.525269 0.284326 0.411804 0.300098
0 0.404266 0.14502 0.072998 0.0845703
0 0.388794 0.363281 0.526855 0.335156
0 0.661346 0.5625 0.373718 0.365625
0 0.580017 0.291016 0.363403 0.275781
0 0.709351 0.478027 0.391968 0.279883
0 0.629211 0.357031 0.455444 0.307813
0 0.68277 0.402734 0.445129 0.396094
0 0.609375 0.56875 0.352295 0.304688
0 0.661743 0.503125 0.395142 0.36875
0 0.355072 0.333008 0.42926 0.351172
0 0.205158 0.399219 0.153831 0.117969
0 0.785522 0.823438 0.34436 0.3
0 0.168213 0.916406 0.336426 0.167187
0 0.255295 0.329297 0.223358 0.271094
1 0.372925 0.360938 0.503052 0.347656
0 0.339005 0.4 0.367767 0.107813
0 0.74704 0.787695 0.319763 0.333984
0 0.276718 0.334766 0.314606 0.334375
0 0.531219 0.33418 0.457825 0.283984
0 0.604614 0.650781 0.404663 0.289062
0 0.717285 0.525781 0.3396 0.2625
0 0.167221 0.80625 0.334442 0.328125
0 0.221573 0.358984 0.155121 0.200781
0 0.166031 0.744922 0.332062 0.328906
0 0.740692 0.213477 0.467346 0.426953
1 0.477661 0.306689 0.474487 0.34834
0 0.917358 0.9125 0.165283 0.175
1 0.168213 0.916406 0.336426 0.167187
0 0.172974 0.399121 0.249939 0.117383
0 0.823929 0.841992 0.352142 0.250391
0 0.352295 0.24917 0.486389 0.300879
0 0.807068 0.237695 0.385864 0.475391
0 0.969727 0.130176 0.0605469 0.260352
0 0.105133 0.932031 0.210266 0.135937
0 0.482521 0.199561 0.428268 0.355566
0 0.178825 0.438379 0.357651 0.179492
1 0.609375 0.56875 0.352295 0.304688
0 0.634766 0.6875 0.404663 0.340625
1 0.661346 0.5625 0.373718 0.365625
1 0.917358 0.9125 0.165283 0.175
0 0.964172 0.884766 0.0716553 0.230469
1 0.525269 0.284326 0.411804 0.300098
1 0.276718 0.334766 0.314606 0.334375
0 0.139946 0.485938 0.279892 0.338281
0 0.727203 0.770703 0.437195 0.344531
1 0.709351 0.478027 0.391968 0.279883
0 0.182098 0.666797 0.364197 0.377344
0 0.253162 0.391016 0.260155 0.154687
0 0.210068 0.783594 0.420135 0.3375
0 0.0747337 0.124023 0.149467 0.248047
1 0.64389 0.436328 0.440369 0.375
1 0.661743 0.503125 0.395142 0.36875
0 0.270966 0.256592 0.42926 0.290723
0 0.506226 0.975781 0.512573 0.0484375
0 0.700623 0.164844 0.458618 0.329688
0 0.292191 0.196484 0.475677 0.392969
1 0.220234 0.363672 0.169701 0.185156
0 0.955444 0.941797 0.0891113 0.116406
1 0.740692 0.213477 0.467346 0.426953
0 0.145599 0.358789 0.291199 0.183203
1 0.629211 0.357031 0.455444 0.307813
1 0.182098 0.666797 0.364197 0.377344
1 0.625641 0.303076 0.4245 0.284473
0 0.205902 0.716797 0.411804 0.349219
0 0.84079 0.833203 0.31842 0.333594
1 0.270966 0.256592 0.42926 0.290723
0 0.153931 0.534277 0.307861 0.351758
0 0.18924 0.914062 0.378479 0.171875
1 0.18924 0.914062 0.378479 0.171875
1 0.205158 0.399219 0.153831 0.117969
0 0.137665 0.841406 0.27533 0.317187
1 0.785522 0.823438 0.34436 0.3
1 0.352295 0.24917 0.486389 0.300879
0 0.211655 0.380566 0.132507 0.148242
0 0.528046 0.15918 0.407043 0.290234
0 0.606995 0.184375 0.407837 0.36875
0 0.783859 0.17002 0.432281 0.340039
1 0.200001 0.351953 0.110191 0.19375
1 0.254303 0.355273 0.260254 0.269141
1 0.952667 0.903906 0.0946655 0.192188
1 0.74704 0.787695 0.319763 0.333984
0 0.469032 0.133203 0.461594 0.266406
0 0.395935 0.281836 0.366577 0.291016
0 0.160973 0.59375 0.321945 0.396875
0 0.129929 0.779883 0.259857 0.324609
0 0.227921 0.195654 0.431244 0.334473
0 0.614136 0.463672 0.449097 0.416406
0 0.866776 0.739453 0.266449 0.386719
0 0.870346 0.876953 0.259308 0.246094
0 0.202728 0.251367 0.388 0.279297
0 0.200001 0.351953 0.110191 0.19375
0 0.538757 0.952344 0.360229 0.0953125
0 0.544212 0.198047 0.419144 0.396094
1 0.279743 0.280127 0.27285 0.260059
1 0.781281 0.255469 0.437439 0.436719
1 0.166031 0.744922 0.332062 0.328906
0 0.735931 0.855859 0.386414 0.288281
0 0.409027 0.975391 0.566528 0.0492188
0 0.190033 0.191797 0.380066 0.286719
1 0.84079 0.833203 0.31842 0.333594
0 0.952667 0.903906 0.0946655 0.192188
0 0.85289 0.974219 0.29422 0.0515625
0 0.154327 0.174902 0.308655 0.349805
0 0.401093 0.143945 0.507019 0.287891
0 0.962982 0.260742 0.0740356 0.479297
0 0.802185 0.489844 0.217407 0.189063
1 0.717285 0.525781 0.3396 0.2625
0 0.834045 0.591406 0.331909 0.446875
1 0.632782 0.639063 0.349915 0.334375
0 0.141136 0.894141 0.282272 0.211719
1 0.445526 0.231445 0.457031 0.394141
0 0.133499 0.159961 0.266998 0.319922
1 0.230152 0.277344 0.326805 0.271875
0 0.816589 0.317187 0.366821 0.40625
0 0.318375 0.290283 0.255096 0.249121
0 0.227325 0.444141 0.434021 0.153906
1 0.531219 0.33418 0.457825 0.283984
0 0.758942 0.444531 0.326111 0.392969
0 0.32259 0.402246 0.367271 0.208008
1 0.0747337 0.124023 0.149467 0.248047
0 0.279743 0.280127 0.27285 0.260059
0 0.964966 0.70625 0.0700684 0.470313
0 0.659363 0.0719727 0.504639 0.143945
0 0.863403 0.144727 0.273193 0.289453
0 0.848923 0.659766 0.302155 0.489844
1 0.870346 0.876953 0.259308 0.246094
1 0.646667 0.217969 0.474487 0.435937
1 0.870148 0.98125 0.259705 0.0375
0 0.703003 0.714063 0.466553 0.403125
0 0.0944214 0.157715 0.188843 0.31543
0 0.84079 0.279687 0.31842 0.496875
1 0.802185 0.489844 0.217407 0.189063
0 0.914185 0.685156 0.171631 0.348437
1 0.700623 0.164844 0.458618 0.329688
0 0.12735 0.863672 0.2547 0.272656
0 0.173767 0.874219 0.347534 0.251563
0 0.937592 0.189258 0.124817 0.378516
1 0.253162 0.391016 0.260155 0.154687
1 0.158493 0.245117 0.308655 0.274609
0 0.849716 0.452734 0.300568 0.446094
0 0.365784 0.404687 0.349915 0.245312
1 0.141136 0.894141 0.282272 0.211719
1 0.955444 0.941797 0.0891113 0.116406
0 0.895935 0.483984 0.20813 0.197656
1 0.129929 0.779883 0.259857 0.324609
0 0.911804 0.208203 0.176392 0.416406
0 0.108505 0.113379 0.21701 0.226758
1 0.525269 0.200586 0.395935 0.383203
1 0.395935 0.281836 0.366577 0.291016
0 0.961792 0.371484 0.076416 0.432031
0 0.870148 0.98125 0.259705 0.0375
0 0.728912 0.120215 0.542175 0.24043
1 0.353088 0.197266 0.485596 0.394531
1 0.841782 0.211328 0.316437 0.422656
0 0.861618 0.397656 0.276764 0.367188
0 0.187851 0.487402 0.375702 0.268945
1 0.506226 0.975781 0.512573 0.0484375
0 0.142525 0.395703 0.285049 0.294531
1 0.8125 0.479688 0.114258 0.159375
0 0.969727 0.592188 0.0605469 0.470313
0 0.668884 0.791406 0.417358 0.309375
1 0.969727 0.130176 0.0605469 0.260352
1 0.0944214 0.157715 0.188843 0.31543
1 0.318375 0.290283 0.255096 0.249121
0 0.242599 0.436328 0.318573 0.178125
0 0.657776 0.949219 0.428467 0.101562
1 0.783859 0.17002 0.432281 0.340039
0 0.74823 0.295117 0.474487 0.441016
1 0.339005 0.4 0.367767 0.107813
0 0.518921 0.401563 0.412598 0.257031
0 0.965759 0.502734 0.0684814 0.275781
1 0.866776 0.739453 0.266449 0.386719
1 0.634766 0.6875 0.404663 0.340625
1 0.167221 0.80625 0.334442 0.328125
1 0.964172 0.884766 0.0716553 0.230469
1 0.105133 0.932031 0.210266 0.135937
1 0.584778 0.228516 0.417358 0.408594
0 0.446716 0.402246 0.361023 0.248633
1 0.735931 0.855859 0.386414 0.288281
1 0.85289 0.974219 0.29422 0.0515625
1 0.401093 0.143945 0.507019 0.287891
1 0.816589 0.317187 0.366821 0.40625
1 0.172974 0.399121 0.249939 0.117383
1 0.205902 0.716797 0.411804 0.349219
1 0.727203 0.770703 0.437195 0.344531
1 0.151352 0.336328 0.302704 0.235156
1 0.178825 0.438379 0.357651 0.179492
0 0.949097 0.5875 0.101807 0.345313
1 0.914185 0.685156 0.171631 0.348437
0 0.146294 0.676953 0.292587 0.403906
0 0.649445 0.242969 0.465759 0.461719
0 0.877289 0.302002 0.245422 0.362402
0 0.129929 0.570996 0.259857 0.400195
0 0.684753 0.636719 0.384033 0.414062
0 0.621277 0.739844 0.476074 0.339063
0 0.47052 0.950391 0.253113 0.0992187
1 0.409027 0.975391 0.566528 0.0492188
0 0.542725 0.0817383 0.484009 0.163477
1 0.963379 0.242188 0.0732422 0.439063
0 0.243393 0.296484 0.352692 0.3125
0 0.967743 0.478125 0.0645142 0.389062
0 0.124176 0.471973 0.248352 0.393555
0 0.956238 0.535937 0.0875244 0.2625
1 0.469032 0.133203 0.461594 0.266406
0 0.68634 0.300342 0.439575 0.32041
1 0.846344 0.385059 0.307312 0.52207
0 0.566528 0.419531 0.434814 0.30625
0 0.832932 0.475781 0.162262 0.15
0 0.187653 0.835352 0.375305 0.329297
1 0.0604019 0.964063 0.120804 0.071875
1 0.937592 0.189258 0.124817 0.378516
0 0.0926361 0.415625 0.185272 0.378125
0 0.955048 0.489844 0.0899048 0.178125
0 0.827698 0.730469 0.344604 0.45
1 0.0961075 0.466406 0.192215 0.375781
0 0.863602 0.483594 0.272797 0.313281
1 0.703003 0.714063 0.466553 0.403125
0 0.961792 0.816016 0.076416 0.367969
1 0.503448 0.950781 0.232483 0.0984375
0 0.788895 0.887109 0.405853 0.225781
1 0.227921 0.195654 0.431244 0.334473
1 0.84079 0.279687 0.31842 0.496875
0 0.154922 0.302393 0.309845 0.281934
1 0.160973 0.59375 0.321945 0.396875
1 0.684753 0.636719 0.384033 0.414062
1 0.848923 0.659766 0.302155 0.489844
0 0.252121 0.752734 0.4487 0.314844
0 0.414284 0.939844 0.269577 0.120312
1 0.154327 0.174902 0.308655 0.349805
0 0.575256 0.255664 0.399902 0.368359
0 0.814087 0.402441 0.25708 0.401367
1 0.758942 0.444531 0.326111 0.392969
0 0.829163 0.491016 0.184082 0.360938
0 0.149864 0.245361 0.299728 0.324902
0 0.139252 0.346094 0.278503 0.365625
0 0.13945 0.351953 0.2789 0.267188
1 0.129333 0.829492 0.258667 0.334766
0 0.49601 0.0988281 0.490158 0.197656
0 0.736328 0.376465 0.341187 0.351758
0 0.781555 0.484375 0.347534 0.157813
1 0.783936 0.696875 0.396729 0.464063
1 0.210068 0.783594 0.420135 0.3375
1 0.173767 0.874219 0.347534 0.251563
0 0.192413 0.290234 0.384827 0.435156
0 0.21582 0.376172 0.363403 0.391406
1 0.895935 0.483984 0.20813 0.197656
1 0.139946 0.485938 0.279892 0.338281
1 0.823929 0.841992 0.352142 0.250391
0 0.0861893 0.915625 0.172379 0.16875
1 0.0900574 0.371875 0.180115 0.379687
0 0.0970001 0.82207 0.194 0.346484
1 0.0938263 0.844727 0.187653 0.310547
1 0.911804 0.208203 0.176392 0.416406
0 0.0896606 0.326562 0.179321 0.386719
1 0.668884 0.791406 0.417358 0.309375
0 0.312622 0.978906 0.548279 0.0421875
1 0.863403 0.144727 0.273193 0.289453
1 0.832932 0.475781 0.162262 0.15
1 0.153931 0.534277 0.307861 0.351758
0 0.181503 0.535156 0.363007 0.284375
0 0.207092 0.953906 0.414185 0.0921875
0 0.746246 0.936719 0.445129 0.126563
1 0.139252 0.346094 0.278503 0.365625
1 0.814087 0.402441 0.25708 0.401367
1 0.731964 0.485938 0.329285 0.15625
0 0.519714 0.950781 0.271362 0.0984375
1 0.190033 0.191797 0.380066 0.286719
0 0.8125 0.479688 0.114258 0.159375
0 0.122787 0.770312 0.245575 0.365625
1 0.414284 0.939844 0.269577 0.120312
0 0.96814 0.187305 0.0637207 0.374609
0 0.125565 0.377734 0.251129 0.400781
1 0.861023 0.433203 0.277954 0.380469
1 0.205109 0.422656 0.0884705 0.0890625
1 0.68634 0.300342 0.439575 0.32041
0 0.096405 0.516406 0.19281 0.359375
0 0.783936 0.696875 0.396729 0.464063
1 0.122787 0.770312 0.245575 0.365625
0 0.787033 0.948828 0.425934 0.102344
1 0.133499 0.159961 0.266998 0.319922
1 0.21582 0.376172 0.363403 0.391406
1 0.758545 0.347656 0.349121 0.328906
1 0.125565 0.377734 0.251129 0.400781
1 0.834045 0.591406 0.331909 0.446875
1 0.827698 0.730469 0.344604 0.45
1 0.12735 0.863672 0.2547 0.272656
0 0.370544 0.903906 0.302307 0.192188
1 0.165535 0.360742 0.205704 0.176953
1 0.214283 0.429297 0.0943222 0.0914062
0 0.928345 0.510156 0.0539551 0.05625
1 0.207092 0.422656 0.0690308 0.071875
0 0.92041 0.509375 0.0507812 0.0523437
0 0.934692 0.50625 0.0523682 0.053125
1 0.926758 0.509766 0.0539551 0.0523437
1 0.222168 0.433203 0.074585 0.0789063
1 0.615723 0.100586 0.145996 0.126172
1 0.209473 0.116992 0.124176 0.111914
1 0.0639725 0.954687 0.108505 0.090625
1 0.516937 0.938281 0.106323 0.121875
0 0.902161 0.525 0.0269775 0.0359375
0 0.925964 0.500781 0.0603027 0.0515625
1 0.228516 0.903125 0.109497 0.120312
1 0.228119 0.580469 0.0801392 0.0671875
1 0.202927 0.432813 0.0690308 0.0742188
0 0.607788 0.65625 0.34436 0.323438
0 0.608582 0.608594 0.322144 0.30625
1 0.603027 0.701953 0.34436 0.347656
0 0.66571 0.709375 0.361816 0.303125
0 0.708557 0.563672 0.29834 0.310156
1 0.572876 0.0990234 0.233276 0.134961
0 0.654602 0.760156 0.363403 0.320312
0 0.691895 0.651563 0.31897 0.275
1 0.608582 0.608594 0.322144 0.30625
0 0.620483 0.549219 0.31897 0.33125
0 0.113861 0.932031 0.227722 0.135937
0 0.752991 0.52959 0.326904 0.351758
1 0.654602 0.760156 0.363403 0.320312
0 0.062336 0.940625 0.124672 0.11875
0 0.682373 0.505078 0.358643 0.357031
1 0.66571 0.709375 0.361816 0.303125
0 0.719269 0.469922 0.381653 0.364844
1 0.984009 0.8625 0.0319824 0.06875
0 0.0298786 0.0791504 0.0597572 0.158301
1 0.193207 0.426562 0.0456238 0.0625
0 0.835831 0.609375 0.328339 0.457812
0 0.77124 0.435937 0.371338 0.417969
0 0.792664 0.49834 0.31897 0.393945
1 0.620483 0.549219 0.31897 0.33125
0 0.148773 0.943359 0.297546 0.113281
1 0.837814 0.129395 0.324371 0.258789
1 0.884033 0.150098 0.231934 0.300195
1 0.691895 0.651563 0.31897 0.275
0 0.0621376 0.0499512 0.124275 0.0999023
0 0.845947 0.792188 0.308105 0.35625
0 0.884033 0.150098 0.231934 0.300195
0 0.812698 0.783594 0.351898 0.33125
1 0.113861 0.932031 0.227722 0.135937
0 0.948303 0.917969 0.103394 0.164062
0 0.921997 0.5125 0.0666504 0.065625
0 0.837814 0.129395 0.324371 0.258789
0 0.839798 0.388965 0.320404 0.40332
0 0.700623 0.788867 0.376099 0.337891
0 0.881058 0.840625 0.237885 0.31875
1 0.862808 0.809375 0.274384 0.360938
0 0.853088 0.480859 0.293823 0.355469
0 0.842972 0.5625 0.314056 0.435937
0 0.777588 0.580859 0.309448 0.333594
0 0.116341 0.595312 0.232681 0.310937
1 0.703003 0.606641 0.287231 0.278906
0 0.118027 0.650391 0.236053 0.327344
0 0.811707 0.552734 0.306274 0.391406
0 0.870743 0.580469 0.258514 0.409375
0 0.965363 0.0661133 0.0692749 0.132227
0 0.119217 0.449121 0.238434 0.312695
0 0.841782 0.723437 0.316437 0.43125
0 0.228466 0.308252 0.324623 0.340527
1 0.682373 0.505078 0.358643 0.357031
1 0.0298786 0.0791504 0.0597572 0.158301
0 0.751404 0.760547 0.407837 0.310156
0 0.155319 0.155762 0.310638 0.311523
0 0.116043 0.745313 0.232086 0.3125
1 0.212597 0.603125 0.130226 0.123438
1 0.611359 0.796875 0.324524 0.367188
1 0.700623 0.788867 0.376099 0.337891
0 0.959412 0.888672 0.0811768 0.222656
1 0.875305 0.841797 0.24939 0.316406
0 0.884827 0.869531 0.230347 0.260938
0 0.0972977 0.912109 0.194595 0.175781
0 0.774811 0.0496094 0.281677 0.0992187
0 0.146492 0.249609 0.289413 0.289062
0 0.171982 0.298438 0.309052 0.325781
1 0.8396 0.571875 0.320801 0.465625
1 0.148773 0.943359 0.297546 0.113281
0 0.716095 0.0460449 0.262634 0.0920898
0 0.888 0.685938 0.223999 0.346875
1 0.817062 0.827344 0.336823 0.345313
0 0.856064 0.192969 0.287872 0.373437
1 0.719269 0.469922 0.381653 0.364844
0 0.890778 0.51416 0.218445 0.360742
0 0.402679 0.162207 0.42926 0.324414
1 0.853088 0.480859 0.293823 0.355469
0 0.131912 0.119531 0.263824 0.239063
0 0.402283 0.109766 0.360229 0.219531
0 0.87709 0.256201 0.245819 0.392285
0 0.844238 0.261719 0.261841 0.279687
1 0.552246 0.648828 0.301514 0.347656
1 0.70697 0.832031 0.366577 0.335938
0 0.761322 0.127441 0.388 0.254883
0 0.598663 0.142773 0.386414 0.285547
0 0.530426 0.925 0.320557 0.15
0 0.579224 0.923437 0.328491 0.153125
0 0.663727 0.0450195 0.256287 0.0900391
0 0.487083 0.102539 0.390579 0.205078
0 0.155022 0.198828 0.310043 0.397656
0 0.363602 0.17666 0.380463 0.35332
0 0.227921 0.228516 0.274139 0.341406
0 0.870148 0.354297 0.259705 0.407031
1 0.870743 0.580469 0.258514 0.409375
0 0.552246 0.648828 0.301514 0.347656
0 0.87352 0.782812 0.25296 0.392188
0 0.294422 0.126953 0.381554 0.253906
0 0.261444 0.26167 0.304688 0.31416
1 0.890778 0.51416 0.218445 0.360742
0 0.480042 0.932813 0.325317 0.134375
1 0.965363 0.0661133 0.0692749 0.132227
0 0.764099 0.314844 0.368164 0.349219
1 0.752991 0.52959 0.326904 0.351758
0 0.964966 0.864844 0.0700684 0.235938
0 0.239227 0.14248 0.396729 0.284961
0 0.585571 0.104687 0.349121 0.209375
0 0.274338 0.173438 0.351105 0.346875
0 0.294968 0.227148 0.290009 0.355859
0 0.880859 0.290234 0.238281 0.346094
0 0.817062 0.827344 0.336823 0.345313
0 0.611359 0.796875 0.324524 0.367188
0 0.109695 0.8375 0.219391 0.298438
1 0.062336 0.940625 0.124672 0.11875
1 0.150261 0.247314 0.300522 0.364746
0 0.104538 0.872852 0.209076 0.254297
1 0.752197 0.442969 0.10791 0.0984375
1 0.966949 0.866406 0.0661011 0.0953125
1 0.0502853 0.939062 0.0593109 0.059375
0 0.834839 0.0662598 0.330322 0.13252
1 0.402679 0.162207 0.42926 0.324414
1 0.653809 0.14707 0.387207 0.294141
0 0.661743 0.450391 0.396729 0.378906
1 0.8396 0.762891 0.320801 0.428906
0 0.14064 0.790625 0.281281 0.346875
0 0.426483 0.936719 0.326904 0.126563
0 0.298141 0.173242 0.435211 0.346484
0 0.822739 0.17998 0.354523 0.359961
0 0.139351 0.542285 0.278702 0.345117
1 0.812698 0.783594 0.351898 0.33125
0 0.12973 0.889844 0.25946 0.220313
0 0.707367 0.154687 0.418152 0.309375
0 0.255444 0.346094 0.28257 0.34375
0 0.864594 0.415234 0.270813 0.433594
1 0.543518 0.594531 0.271362 0.325781
0 0.844955 0.664844 0.310089 0.429688
0 0.138855 0.692969 0.27771 0.348437
0 0.609375 0.0441406 0.255493 0.0882813
1 0.774811 0.0496094 0.281677 0.0992187
0 0.0425987 0.141309 0.0851974 0.282617
0 0.503448 0.153906 0.409424 0.307813
0 0.615326 0.487598 0.370544 0.40918
0 0.543518 0.594531 0.271362 0.325781
1 0.948303 0.917969 0.103394 0.164062
1 0.544708 0.151367 0.402283 0.302734
0 0.301712 0.298877 0.326508 0.322559
0 0.758545 0.703125 0.384033 0.379687
1 0.117035 0.698438 0.23407 0.320312
1 0.959412 0.888672 0.0811768 0.222656
1 0.0621376 0.0499512 0.124275 0.0999023
0 0.115845 0.341602 0.231689 0.298047
1 0.716095 0.0460449 0.262634 0.0920898
1 0.888397 0.0687012 0.223206 0.137402
1 0.585968 0.170703 0.40387 0.341406
1 0.16246 0.335352 0.324921 0.343359
1 0.116341 0.595312 0.232681 0.310937
0 0.70697 0.832031 0.366577 0.335938
0 0.674835 0.928125 0.335632 0.14375
0 0.775208 0.254883 0.315796 0.282422
0 0.829956 0.604688 0.317383 0.384375
1 0.892761 0.7375 0.214478 0.375
1 0.730377 0.744531 0.419739 0.3625
0 0.372528 0.938281 0.334839 0.123438
1 0.834839 0.0662598 0.330322 0.13252
0 0.797348 0.162695 0.405304 0.325391
1 0.126259 0.17207 0.252518 0.344141
0 0.658569 0.166602 0.382446 0.333203
1 0.401489 0.349561 0.342773 0.357129
1 0.0972977 0.912109 0.194595 0.175781
0 0.263874 0.04375 0.246666 0.0875
1 0.180016 0.181934 0.360031 0.363867
1 0.363602 0.17666 0.380463 0.35332
1 0.228466 0.308252 0.324623 0.340527
1 0.112076 0.789844 0.224152 0.296875
0 0.5578 0.0423828 0.249146 0.0847656
1 0.155319 0.155762 0.310638 0.311523
0 0.441956 0.176367 0.395142 0.352734
1 0.335434 0.346289 0.368561 0.345703
0 0.144608 0.387598 0.289215 0.331055
1 0.302357 0.385059 0.315697 0.34082
1 0.77124 0.435937 0.371338 0.417969
1 0.792664 0.49834 0.31897 0.393945
0 0.927673 0.966797 0.144653 0.0664062
1 0.301514 0.199805 0.1698 0.155859
0 0.20982 0.0438965 0.249245 0.087793
0 0.880859 0.337891 0.238281 0.378125
0 0.885818 0.433203 0.228363 0.385156
1 0.885818 0.433203 0.228363 0.385156
1 0.249542 0.360156 0.251526 0.2875
1 0.838211 0.662109 0.323578 0.428906
0 0.136276 0.861719 0.272552 0.276563
0 0.327698 0.951563 0.334045 0.096875
0 0.408234 0.0416016 0.25708 0.0832031
1 0.663727 0.0450195 0.256287 0.0900391
1 0.441956 0.176367 0.395142 0.352734
0 0.540741 0.175 0.38324 0.35
1 0.119217 0.449121 0.238434 0.312695
1 0.661743 0.450391 0.396729 0.378906
1 0.530426 0.925 0.320557 0.15
1 0.579224 0.923437 0.328491 0.153125
0 0.7276 0.935156 0.347534 0.129688
0 0.312225 0.042627 0.242798 0.0852539
0 0.363403 0.0415039 0.244385 0.0830078
0 0.456238 0.041748 0.25708 0.0834961
0 0.507019 0.0420898 0.252319 0.0841797
0 0.888397 0.0687012 0.223206 0.137402
1 0.298141 0.173242 0.435211 0.346484
1 0.274338 0.173438 0.351105 0.346875
0 0.964966 0.342773 0.0700684 0.376953
1 0.14064 0.790625 0.281281 0.346875
1 0.480042 0.932813 0.325317 0.134375
0 0.160973 0.0422852 0.236252 0.0845703
0 0.396629 0.211328 0.339798 0.354688
1 0.506622 0.301123 0.334045 0.354004
1 0.55423 0.741797 0.330872 0.367969
1 0.964966 0.864844 0.0700684 0.235938
1 1 1 0 0
1 0.108505 0.254687 0.21701 0.297656
1 0.961792 0.395703 0.076416 0.378906
1 0.144608 0.387598 0.289215 0.331055
1 0.615326 0.487598 0.370544 0.40918
1 0.777588 0.580859 0.309448 0.333594
0 0.0665016 0.701563 0.133003 0.289062
0 0.276917 0.947656 0.330078 0.104687
1 0.720459 0.169531 0.387207 0.339063
0 0.880463 0.214648 0.239075 0.362891
1 0.833328 0.438379 0.326508 0.39668
0 0.957428 0.545215 0.085144 0.342383
0 0.0690804 0.648438 0.138161 0.29375
0 0.770172 0.765625 0.459656 0.410937
1 0.980042 0.860937 0.039917 0.08125
0 0.0899582 0.0408691 0.179916 0.0817383
1 0.963379 0.145801 0.0732422 0.291602
1 0.760925 0.160156 0.430054 0.320312
1 0.864594 0.415234 0.270813 0.433594
0 0.964569 0.603125 0.0708618 0.348437
0 0.55423 0.741797 0.330872 0.367969
0 0.224895 0.942578 0.337318 0.114844
0 0.835236 0.929688 0.329529 0.140625
0 0.117828 0.0413086 0.213837 0.0826172
0 0.121696 0.215039 0.243393 0.329297
1 0.261444 0.26167 0.304688 0.31416
1 0.115845 0.341602 0.231689 0.298047
1 0.426483 0.936719 0.326904 0.126563
1 0.0581207 0.957812 0.116241 0.084375
1 0.0425987 0.141309 0.0851974 0.282617
1 0.227921 0.228516 0.274139 0.341406
1 0.183487 0.25332 0.277313 0.296484
0 0.335434 0.346289 0.368561 0.345703
0 0.498291 0.865625 0.295166 0.26875
1 0.402283 0.109766 0.360229 0.219531
1 0.294968 0.227148 0.290009 0.355859
1 0.880859 0.337891 0.238281 0.378125
0 0.112076 0.285107 0.224152 0.271973
0 0.712128 0.361133 0.381653 0.379297
0 0.962585 0.804492 0.0748291 0.334766
1 0.927673 0.966797 0.144653 0.0664062
1 0.609375 0.0441406 0.255493 0.0882813
1 0.294422 0.126953 0.381554 0.253906
1 0.487083 0.102539 0.390579 0.205078
1 0.301712 0.298877 0.326508 0.322559
1 0.957428 0.545215 0.085144 0.342383
0 0.969727 0.667969 0.0605469 0.304688
0 0.0632286 0.755859 0.126457 0.289844
0 0.441261 0.868945 0.287033 0.262109
0 0.963379 0.145801 0.0732422 0.291602
0 0.066452 0.4 0.132904 0.295312
0 0.960999 0.435254 0.0780029 0.37793
0 0.0516739 0.447266 0.103348 0.286719
1 0.811707 0.552734 0.306274 0.391406
1 0.139351 0.542285 0.278702 0.345117
0 0.553833 0.541504 0.271362 0.34043
1 0.13826 0.639844 0.27652 0.354688
1 0.104538 0.872852 0.209076 0.254297
1 0.887009 0.891797 0.225983 0.216406
1 0.12973 0.889844 0.25946 0.220313
0 0.55304 0.865039 0.312622 0.269922
1 0.822739 0.17998 0.354523 0.359961
1 0.837891 0.330078 0.315796 0.366406
0 0.96814 0.723828 0.0637207 0.346094
1 0.674835 0.928125 0.335632 0.14375
1 0.263874 0.04375 0.246666 0.0875
1 0.239227 0.14248 0.396729 0.284961
0 0.96814 0.229492 0.0637207 0.336328
0 0.499779 0.201758 0.279495 0.334375
0 0.927551 0.510547 0.0587158 0.0585938
1 0.213787 0.43125 0.0992813 0.09375
0 0.518127 0.703906 0.0841064 0.0765625
0 0.485596 0.537109 0.0825195 0.08125
1 0.221176 0.435156 0.0797424 0.0765625
0 0.933899 0.516406 0.0523682 0.053125
1 0.21582 0.446875 0.0848999 0.0765625
1 0.221176 0.45 0.0773621 0.0601562
0 0.414581 0.154492 0.103149 0.0945313
0 0.485596 0.547266 0.074585 0.0734375
0 0.522095 0.696875 0.0999756 0.0921875
0 0.528046 0.711719 0.0825195 0.071875
0 0.864868 0.476953 0.0507812 0.053125
0 0.894226 0.529688 0.0476074 0.0523437
0 0.925171 0.502734 0.074585 0.059375
0 0.885498 0.536328 0.0571289 0.0539063
0 0.905334 0.505469 0.0952148 0.065625
1 0.869431 0.892969 0.190826 0.160938
0 0.855347 0.468359 0.0698242 0.059375
0 0.49353 0.551172 0.0666504 0.0632813
1 0.926758 0.510156 0.0634766 0.059375
1 0.226582 0.90625 0.117332 0.125
0 0.0959835 0.630469 0.0694771 0.0484375
0 0.929932 0.527734 0.0539551 0.0460938
0 0.42688 0.147461 0.0825195 0.0726563
0 0.412201 0.175977 0.0603027 0.0597656
0 0.562561 0.836133 0.336426 0.312109
0 0.610168 0.860547 0.329285 0.278906
0 0.881851 0.29082 0.236298 0.305859
0 0.880264 0.243799 0.239471 0.28584
0 0.574463 0.787305 0.363403 0.291016
1 0.639526 0.101074 0.112671 0.118555
0 0.667694 0.862695 0.357849 0.274609
1 0.562561 0.836133 0.336426 0.312109
1 0.610168 0.860547 0.329285 0.278906
0 0.88562 0.390723 0.22876 0.30918
0 0.503944 0.836719 0.320358 0.29375
0 0.512573 0.777344 0.349915 0.282813
1 0.503944 0.836719 0.320358 0.29375
0 0.66095 0.907031 0.31897 0.185937
0 0.879868 0.195264 0.240265 0.275879
0 0.231243 0.776563 0.318275 0.289062
0 0.937195 0.0599609 0.12561 0.119922
1 0.150955 0.832031 0.30191 0.301562
0 0.895142 0.148828 0.209717 0.296094
0 0.88324 0.720703 0.233521 0.419531
0 0.283066 0.769922 0.325714 0.283594
0 0.150955 0.832031 0.30191 0.301562
0 0.883835 0.440625 0.23233 0.300781
0 0.192017 0.531641 0.330078 0.285156
1 0.66095 0.907031 0.31897 0.185937
0 0.714905 0.907422 0.334839 0.185156
1 0.220581 0.831445 0.286438 0.302734
0 0.444435 0.775 0.321945 0.289062
0 0.220581 0.831445 0.286438 0.302734
0 0.714905 0.876367 0.366577 0.247266
1 0.228912 0.45 0.0571289 0.0484375
0 0.0554924 0.940625 0.110985 0.11875
0 0.146194 0.760938 0.292389 0.246875
0 0.874115 0.80293 0.25177 0.394141
0 0.109695 0.939844 0.219391 0.120312
1 0.667694 0.862695 0.357849 0.274609
0 0.603821 0.90625 0.314209 0.1875
0 0.0856438 0.71875 0.171288 0.18125
0 0.122093 0.722656 0.244186 0.189063
0 0.219738 0.724609 0.292091 0.214844
0 0.336227 0.770312 0.32254 0.29375
0 0.208084 0.587109 0.34079 0.283594
0 0.389984 0.767187 0.313416 0.276563
1 0.274734 0.83125 0.291595 0.304688
0 0.145203 0.502734 0.290405 0.304688
0 0.156807 0.549609 0.313614 0.307813
0 0.638733 0.808594 0.376099 0.315625
0 0.274734 0.83125 0.291595 0.304688
0 0.422913 0.163086 0.0848999 0.0773437
0 0.0494423 0.0635254 0.0988846 0.127051
1 0.231243 0.776563 0.318275 0.289062
1 0.574463 0.787305 0.363403 0.291016
1 0.603821 0.90625 0.314209 0.1875
0 0.166031 0.725 0.278107 0.201562
0 0.270569 0.721484 0.317383 0.197656
0 0.441063 0.823633 0.303299 0.287109
0 0.143417 0.962109 0.286835 0.0757812
1 0.283066 0.769922 0.325714 0.283594
1 0.441063 0.823633 0.303299 0.287109
1 0.937195 0.0599609 0.12561 0.119922
0 0.160278 0.60625 0.320557 0.309375
0 0.43174 0.725781 0.317184 0.215625
1 0.512573 0.777344 0.349915 0.282813
0 0.111084 0.820117 0.222168 0.250391
0 0.374313 0.940625 0.355072 0.11875
0 0.430153 0.941406 0.356857 0.117188
1 0.867767 0.384375 0.264465 0.382812
0 0.876495 0.474902 0.247009 0.38457
1 0.884628 0.339844 0.230743 0.317969
0 0.609772 0.460938 0.357849 0.314844
1 0.88324 0.720703 0.233521 0.419531
0 0.323532 0.945312 0.353485 0.109375
0 0.673645 0.942969 0.353882 0.114063
0 0.492043 0.557813 0.382248 0.33125
0 0.272354 0.953516 0.345551 0.0929687
0 0.549171 0.176465 0.398117 0.35293
0 0.880463 0.195312 0.239075 0.390625
1 0.329086 0.83125 0.295563 0.303125
1 0.714905 0.907422 0.334839 0.185156
0 0.53241 0.941406 0.345947 0.117188
1 0.336227 0.770312 0.32254 0.29375
1 0.444435 0.775 0.321945 0.289062
1 0.143417 0.962109 0.286835 0.0757812
0 0.547089 0.447266 0.357849 0.299219
0 0.881653 0.609766 0.236694 0.421094
0 0.404266 0.632812 0.36499 0.253125
0 0.885422 0.730469 0.229156 0.315625
0 0.880066 0.868359 0.239868 0.263281
0 0.329086 0.83125 0.295563 0.303125
0 0.622467 0.939844 0.348328 0.120312
0 0.729584 0.942969 0.356262 0.114063
0 0.285248 0.624219 0.309448 0.236719
1 0.389984 0.767187 0.313416 0.276563
1 0.880264 0.243799 0.239471 0.28584
1 0.875305 0.281055 0.24939 0.401953
0 0.120209 0.680469 0.205505 0.192188
0 0.169701 0.674219 0.254105 0.207813
0 0.218201 0.669531 0.237244 0.209375
0 0.374115 0.71875 0.305481 0.201562
1 0.386314 0.826367 0.300125 0.291016
0 0.176941 0.957812 0.353882 0.084375
1 0.0606995 0.953906 0.121399 0.0921875
1 0.882843 0.174609 0.234314 0.349219
0 0.476074 0.497559 0.369751 0.300195
0 0.209274 0.643359 0.32254 0.292969
0 0.0803375 0.685938 0.160675 0.182812
0 0.386314 0.826367 0.300125 0.291016
0 0.476967 0.389941 0.37114 0.313867
0 0.550262 0.506641 0.354675 0.303125
0 0.472801 0.648438 0.396927 0.296875
0 0.842178 0.725781 0.315643 0.378125
0 0.262684 0.66875 0.264915 0.209375
0 0.449989 0.184375 0.399704 0.36875
0 0.594299 0.263281 0.414185 0.4
0 0.415771 0.383496 0.365784 0.300195
0 0.601837 0.4125 0.389587 0.350781
0 0.608582 0.518066 0.347534 0.312305
0 0.292736 0.571094 0.309547 0.240625
0 0.433624 0.576563 0.372925 0.264062
0 0.651428 0.173926 0.396729 0.347852
1 0.883835 0.440625 0.23233 0.300781
0 0.660156 0.484766 0.380859 0.333594
0 0.814606 0.847852 0.370789 0.304297
0 0.108704 0.892969 0.217407 0.214062
0 0.266403 0.178418 0.433624 0.356836
0 0.748627 0.260742 0.426086 0.405859
0 0.242599 0.523828 0.316986 0.273438
1 0.714905 0.876367 0.366577 0.247266
0 0.0691299 0.0411133 0.13826 0.0822266
0 0.167023 0.456152 0.334045 0.30957
0 0.564941 0.575 0.353882 0.354688
0 0.832657 0.773828 0.334686 0.403906
1 0.874115 0.80293 0.25177 0.394141
1 0.146194 0.760938 0.292389 0.246875
1 0.0554924 0.940625 0.110985 0.11875
1 0.879868 0.195264 0.240265 0.275879
1 0.876495 0.474902 0.247009 0.38457
0 0.123581 0.641406 0.247162 0.332812
0 0.147682 0.65625 0.258469 0.284375
0 0.307663 0.669531 0.269379 0.21875
0 0.880661 0.867188 0.238678 0.207813
0 0.550659 0.89375 0.317383 0.2125
1 0.374313 0.940625 0.355072 0.11875
0 0.121002 0.582812 0.242004 0.332812
0 0.366974 0.573438 0.350708 0.25625
0 0.371536 0.675781 0.275726 0.217187
1 0.109695 0.939844 0.219391 0.120312
1 0.430153 0.941406 0.356857 0.117188
0 0.490753 0.267969 0.417358 0.401563
0 0.647461 0.549609 0.393555 0.363281
0 0.551056 0.671484 0.373718 0.338281
0 0.649841 0.7125 0.395142 0.382812
0 0.784851 0.818359 0.430298 0.363281
1 0.323532 0.945312 0.353485 0.109375
1 0.272354 0.953516 0.345551 0.0929687
0 0.777588 0.939062 0.371338 0.121875
0 0.151054 0.17998 0.302109 0.359961
0 0.15641 0.325781 0.31282 0.39375
0 0.534393 0.302344 0.419739 0.410937
0 0.786438 0.30957 0.427124 0.405859
0 0.519714 0.358398 0.391968 0.323047
0 0.411903 0.430469 0.35051 0.275781
0 0.614136 0.591797 0.361816 0.360156
0 0.0926361 0.679297 0.185272 0.274219
0 0.440765 0.686719 0.326111 0.248437
1 0.0494423 0.0635254 0.0988846 0.127051
0 0.280289 0.30957 0.455048 0.418359
1 0.881653 0.609766 0.236694 0.421094
0 0.807266 0.783008 0.385468 0.380859
1 0.673645 0.942969 0.353882 0.114063
0 0.759735 0.176367 0.372131 0.352734
0 0.334045 0.264844 0.445129 0.414062
0 0.703003 0.305664 0.423706 0.413672
0 0.267445 0.384766 0.330772 0.235156
0 0.349319 0.3875 0.372528 0.285937
1 0.638733 0.808594 0.376099 0.315625
0 0.882645 0.899609 0.234711 0.200781
0 0.824524 0.935938 0.350952 0.128125
0 0.432037 0.302734 0.440369 0.422656
0 0.193207 0.360547 0.386414 0.370313
0 0.829681 0.6875 0.340637 0.34375
0 0.695862 0.770312 0.431641 0.403125
1 0.53241 0.941406 0.345947 0.117188
1 0.549171 0.176465 0.398117 0.35293
0 0.813812 0.271094 0.372375 0.405469
0 0.102852 0.377246 0.205704 0.323633
0 0.735138 0.570996 0.443542 0.39707
1 0.192017 0.531641 0.330078 0.285156
0 0.697052 0.610937 0.4245 0.395312
0 0.744659 0.724219 0.4245 0.398438
1 0.176941 0.957812 0.353882 0.084375
0 0.833252 0.185352 0.333496 0.370703
0 0.411804 0.491504 0.361023 0.299805
0 0.284454 0.882812 0.314209 0.234375
1 0.550659 0.89375 0.317383 0.2125
1 0.622467 0.939844 0.348328 0.120312
1 0.449989 0.184375 0.399704 0.36875
0 0.332657 0.342969 0.412201 0.374219
0 0.144211 0.392188 0.288422 0.3625
0 0.792389 0.41084 0.415222 0.408008
0 0.196976 0.386621 0.314606 0.218945
0 0.879074 0.538281 0.241852 0.296875
1 0.219738 0.724609 0.292091 0.214844
0 0.063179 0.914062 0.126358 0.159375
0 0.336426 0.880859 0.315002 0.238281
1 0.729584 0.942969 0.356262 0.114063
0 0.754974 0.353516 0.422913 0.413281
0 0.101662 0.277686 0.203323 0.319629
0 0.344955 0.438184 0.3638 0.292383
0 0.711334 0.506641 0.391174 0.339844
0 0.826309 0.639063 0.347382 0.351562
0 0.795761 0.679688 0.408478 0.38125
1 0.166031 0.725 0.278107 0.201562
0 0.239227 0.257422 0.4245 0.411719
0 0.839996 0.315039 0.320007 0.416016
0 0.842972 0.419434 0.314056 0.400195
1 0.122093 0.722656 0.244186 0.189063
1 0.266403 0.178418 0.433624 0.356836
0 0.793777 0.223438 0.412445 0.407031
0 0.141235 0.242627 0.282471 0.331934
0 0.582298 0.326562 0.430252 0.339063
0 0.817383 0.360938 0.365234 0.410937
0 0.791199 0.53125 0.417603 0.365625
0 0.81163 0.574609 0.37674 0.379687
0 0.846939 0.623438 0.306122 0.33125
1 0.111084 0.820117 0.222168 0.250391
0 0.393158 0.882031 0.322937 0.235938
1 0.651428 0.173926 0.396729 0.347852
0 0.105431 0.478223 0.210861 0.313867
1 0.208084 0.587109 0.34079 0.283594
1 0.270569 0.721484 0.317383 0.197656
0 0.695068 0.827539 0.415771 0.344922
1 0.880661 0.867188 0.238678 0.207813
0 0.500771 0.883203 0.325119 0.233594
0 0.775604 0.0427734 0.303894 0.0855469
0 0.796432 0.162109 0.327301 0.324219
0 0.226532 0.353906 0.293579 0.253125
0 0.70578 0.397754 0.414978 0.398242
0 0.761719 0.459375 0.417358 0.382812
0 0.818771 0.477344 0.362457 0.385156
1 0.145203 0.502734 0.290405 0.304688
1 0.0856438 0.71875 0.171288 0.18125
1 0.880066 0.868359 0.239868 0.263281
0 0.151352 0.887305 0.302704 0.225391
0 0.838089 0.0416016 0.294769 0.0832031
0 0.842377 0.23042 0.315247 0.38916
0 0.234913 0.480371 0.3395 0.304883
0 0.881653 0.632812 0.236694 0.298438
1 0.842178 0.725781 0.315643 0.378125
1 0.885422 0.730469 0.229156 0.315625
0 0.888 0.926562 0.223999 0.146875
0 0.86618 0.160742 0.267639 0.321484
1 0.759735 0.176367 0.372131 0.352734
1 0.0803375 0.685938 0.160675 0.182812
1 0.43174 0.725781 0.317184 0.215625
0 0.167618 0.864062 0.320953 0.270312
0 0.347137 0.492578 0.364197 0.299219
0 0.0630798 0.728906 0.12616 0.18125
0 0.807739 0.879687 0.228516 0.15625
1 0.108704 0.892969 0.217407 0.214062
0 0.383339 0.229492 0.444138 0.387891
0 0.703796 0.217578 0.403076 0.402344
0 0.277313 0.437109 0.364197 0.280469
1 0.156807 0.549609 0.313614 0.307813
0 0.884628 0.883008 0.230743 0.233984
1 0.284454 0.882812 0.314209 0.234375
0 0.891174 0.102148 0.217651 0.204297
0 0.294571 0.153027 0.342377 0.306055
1 0.151054 0.17998 0.302109 0.359961
1 0.111481 0.541406 0.222961 0.339063
1 0.169701 0.674219 0.254105 0.207813
1 0.218201 0.669531 0.237244 0.209375
0 0.604614 0.744141 0.388794 0.366406
1 0.336426 0.880859 0.315002 0.238281
1 0.21582 0.428125 0.0936279 0.09375
0 0.926758 0.507422 0.0539551 0.053125
0 0.915649 0.510938 0.0476074 0.05
1 0.925964 0.508594 0.055542 0.05625
0 0.930725 0.5 0.0634766 0.0546875
1 0.303101 1 0.103149 0
1 0.206894 0.423438 0.0753784 0.08125
0 0.898193 0.527344 0.0380859 0.0328125
1 0.327698 1 0.103149 0
1 0.278503 1 0.106323 0
0 0.893433 0.530469 0.0349121 0.034375
0 0.0929337 0.627344 0.0634766 0.0484375
1 0.61969 1 0.10791 0
1 0.595886 0.974609 0.109497 0.0507812
1 0.305878 0.996094 0.106323 0.0078125
0 0.926758 0.511719 0.072998 0.065625
1 0.352295 1 0.0999756 0
1 0.265213 1 0.10434 0
0 0.110092 0.630078 0.0660553 0.0515625
1 0.59668 1 0.10791 0
1 0.378876 1 0.101562 0
1 0.468933 1 0.104736 0
1 0.64389 1 0.106323 0
1 0.330078 0.996094 0.106323 0.0078125
1 0.23764 1 0.107117 0
1 0.222763 0.599219 0.129333 0.125
0 0.890381 0.935938 0.219238 0.128125
0 0.88324 0.726953 0.233521 0.399219
1 0.170593 0.975 0.0995789 0.05
0 0.880066 0.808203 0.239868 0.383594
0 0.918823 0.499219 0.0571289 0.05
0 0.704193 0.564844 0.308655 0.235938
1 0.492737 1 0.103149 0
0 0.697449 0.839844 0.330078 0.267188
1 0.890381 0.935938 0.219238 0.128125
0 0.883636 0.255273 0.232727 0.408203
0 0.633575 0.794531 0.368958 0.303125
0 0.779572 0.200049 0.368958 0.239746
0 0.0474091 0.957812 0.0948181 0.084375
1 0.404663 1 0.100769 0
0 0.88562 0.187891 0.22876 0.366406
0 0.696655 0.610156 0.295166 0.210938
0 0.890778 0.88125 0.218445 0.2375
0 0.856857 0.477441 0.286285 0.268555
1 0.88324 0.726953 0.233521 0.399219
0 0.835037 0.903516 0.329926 0.192969
0 0.0529633 0.0586914 0.105927 0.117383
0 0.639526 0.614844 0.345947 0.25
0 0.821548 0.17959 0.356903 0.35918
0 0.637146 0.738672 0.368164 0.286719
0 0.690308 0.738281 0.317383 0.25
0 0.739899 0.879687 0.308655 0.240625
0 0.587158 0.215186 0.393555 0.346191
0 0.881851 0.352344 0.236298 0.3875
1 0.880066 0.808203 0.239868 0.383594
1 0.860901 1 0.103149 0
0 0.82016 0.88457 0.35968 0.230859
0 0.222961 0.207031 0.40387 0.319141
0 0.659363 0.188477 0.388794 0.299219
0 0.0812798 0.273047 0.16256 0.1875
1 0.890778 0.88125 0.218445 0.2375
0 0.0415573 0.129004 0.0831146 0.258008
0 0.109299 0.171875 0.218597 0.178125
0 0.541931 0.251172 0.368958 0.352344
0 0.865189 0.528906 0.269623 0.26875
0 0.880859 0.611719 0.238281 0.425
0 0.771637 0.560938 0.302307 0.223438
0 0.830673 0.692578 0.338654 0.369531
0 0.6427 0.667969 0.361816 0.2625
0 0.83313 0.872656 0.299927 0.225
0 0.703796 0.526563 0.342773 0.264062
0 0.769653 0.523828 0.326904 0.260156
0 0.0936279 0.617969 0.187256 0.24375
0 0.876694 0.741406 0.246613 0.270312
0 0.875305 0.84082 0.24939 0.265234
1 0.518127 1 0.106323 0
0 0.452667 0.223096 0.394348 0.337402
0 0.880859 0.226904 0.238281 0.235254
0 0.853485 0.424316 0.29303 0.263867
0 0.0967026 0.56875 0.193405 0.278125
0 0.86618 0.59375 0.267639 0.25
0 0.875702 0.793555 0.248596 0.272266
1 0.888794 0.858789 0.222412 0.282422
0 0.0564346 0.0420898 0.112869 0.0841797
0 0.894348 0.130957 0.211304 0.261914
0 0.259262 0.172168 0.445526 0.344336
0 0.878082 0.287451 0.243835 0.267285
0 0.800598 0.374902 0.314209 0.300195
0 0.876892 0.689453 0.246216 0.264844
0 0.063179 0.131445 0.126358 0.157813
0 0.787903 0.158984 0.353882 0.238281
0 0.057724 0.172266 0.115448 0.15625
0 0.824524 0.261523 0.350952 0.385547
0 0.784729 0.339453 0.366577 0.298438
0 0.88205 0.453516 0.235901 0.408594
0 0.794846 0.47666 0.251129 0.229492
0 0.828293 0.554688 0.343414 0.421094
0 0.858246 0.678906 0.283508 0.303125
1 0.697449 0.839844 0.330078 0.267188
0 0.888794 0.858789 0.222412 0.282422
0 0.322144 0.208594 0.425293 0.325781
0 0.735535 0.170898 0.357056 0.261328
0 0.273544 0.250586 0.40744 0.344141
0 0.0902557 0.515625 0.180511 0.270312
0 0.831345 0.519922 0.292389 0.259375
0 0.699829 0.668359 0.317383 0.247656
0 0.864594 0.725 0.270813 0.18125
0 0.826904 0.803125 0.346191 0.33125
0 0.105927 0.144922 0.211853 0.280078
0 0.0884705 0.195752 0.176941 0.166309
0 0.780365 0.279102 0.389587 0.391016
0 0.876694 0.337109 0.246613 0.257031
0 0.081131 0.65625 0.162262 0.198437
0 0.819046 0.835156 0.259857 0.25
1 0.873596 0.988672 0.109497 0.0226563
1 0.164742 1 0.105331 0
0 0.917358 0.0469727 0.165283 0.0939453
0 0.343964 0.110059 0.293579 0.220117
0 0.399803 0.106641 0.28743 0.213281
0 0.659363 0.150488 0.391968 0.300977
0 0.0551453 0.213086 0.110291 0.152344
0 0.0786018 0.233594 0.157204 0.200391
0 0.0888672 0.310742 0.177734 0.189453
0 0.834839 0.394434 0.330322 0.337695
0 0.838089 0.783008 0.285248 0.252734
0 0.0839081 0.850195 0.167816 0.240234
1 0.887604 0.916406 0.224792 0.167187
0 0.141136 0.957812 0.282272 0.084375
0 0.285843 0.964844 0.34079 0.0703125
0 0.185371 0.167773 0.370743 0.335547
0 0.0693779 0.227344 0.138756 0.268359
0 0.3881 0.255127 0.401291 0.333496
0 0.0497894 0.318555 0.0995789 0.266016
0 0.79187 0.417871 0.23645 0.245508
0 0.744263 0.735547 0.274536 0.224219
0 0.887604 0.916406 0.224792 0.167187
0 0.44989 0.0980469 0.273743 0.196094
0 0.49353 0.093457 0.263428 0.186914
0 0.743469 0.125781 0.377686 0.251563
0 0.838806 0.15293 0.322388 0.241797
0 0.0622864 0.273242 0.124573 0.268359
1 0.883636 0.255273 0.232727 0.408203
0 0.468536 0.291357 0.357849 0.372754
0 0.117035 0.291357 0.23407 0.262598
0 0.8759 0.382422 0.248199 0.247656
0 0.489563 0.387109 0.352295 0.294531
0 0.836304 0.567187 0.288818 0.232812
0 0.0813293 0.695312 0.162659 0.220313
0 0.743073 0.83125 0.28009 0.245312
1 0.82016 0.88457 0.35968 0.230859
0 0.881653 0.183008 0.236694 0.242188
0 0.59668 0.218408 0.3396 0.270996
0 0.148178 0.286719 0.282867 0.258594
0 0.206497 0.326953 0.284454 0.227344
0 0.838089 0.705859 0.291595 0.203906
0 0.0831146 0.74375 0.166229 0.234375
1 0.85376 0.988672 0.106323 0.0226563
0 0.270767 0.0979492 0.286041 0.195898
0 0.877686 0.641406 0.244629 0.267188
0 0.0840073 0.806445 0.168015 0.230859
0 0.146591 0.866406 0.293182 0.25625
0 0.0932312 0.898047 0.186462 0.203906
0 0.825317 0.136914 0.349365 0.273828
0 0.238235 0.4375 0.339203 0.270312
1 0.880859 0.611719 0.238281 0.425
0 0.846939 0.903125 0.306122 0.19375
1 0.0474091 0.957812 0.0948181 0.084375
0 0.537567 0.0872559 0.256287 0.174512
0 0.384827 0.179688 0.430054 0.359375
0 0.536377 0.17832 0.409424 0.356641
0 0.041954 0.361133 0.0839081 0.249609
1 0.0812798 0.273047 0.16256 0.1875
0 0.164841 0.325391 0.303894 0.207031
0 0.875305 0.438281 0.24939 0.263281
0 0.695465 0.441406 0.370544 0.276563
0 0.0869827 0.454297 0.173965 0.244531
0 0.586761 0.622656 0.367371 0.296094
0 0.834915 0.65 0.326508 0.292188
0 0.801193 0.752344 0.257477 0.232812
1 0.633575 0.794531 0.368958 0.303125
0 0.384033 0.960156 0.347534 0.0796875
0 0.864197 0.971484 0.271606 0.0570313
0 0.573669 0.0677246 0.230103 0.135449
1 0.894348 0.130957 0.211304 0.261914
0 0.173073 0.237305 0.346146 0.304297
1 0.881851 0.352344 0.236298 0.3875
1 0.819046 0.835156 0.259857 0.25
1 0.739899 0.879687 0.308655 0.240625
0 0.641113 0.960938 0.345947 0.078125
1 0.520905 0.930469 0.107117 0.103125
0 0.0560875 0.179639 0.112175 0.275879
1 0.88562 0.187891 0.22876 0.366406
0 0.36261 0.300049 0.360229 0.370996
0 0.814209 0.444922 0.371582 0.428125
0 0.759338 0.619531 0.303101 0.239063
0 0.0815773 0.933203 0.163155 0.133594
0 0.587952 0.958594 0.352295 0.0828125
1 0.959015 0.853125 0.0819702 0.134375
1 0.615723 0.976562 0.119019 0.046875
0 0.735535 0.283203 0.393555 0.298438
0 0.582397 0.393359 0.371338 0.302344
0 0.765686 0.676562 0.306274 0.25
0 0.162262 0.0581055 0.227722 0.116211
0 0.207539 0.0669434 0.242699 0.133887
0 0.616119 0.0609375 0.223755 0.121875
0 0.44265 0.281445 0.369949 0.294922
0 0.826309 0.308398 0.347382 0.290234
0 0.432037 0.327148 0.367371 0.266016
0 0.539154 0.344531 0.349915 0.288281
0 0.782547 0.815625 0.269379 0.326562
1 0.83313 0.872656 0.299927 0.225
0 0.24498 0.899219 0.328094 0.201562
1 0.835037 0.903516 0.329926 0.192969
0 0.115845 0.0588867 0.230499 0.117773
0 0.0594101 0.0823242 0.11882 0.164648
1 0.0786018 0.233594 0.157204 0.200391
0 0.876099 0.484375 0.247803 0.251563
0 0.386414 0.441309 0.343567 0.27207
0 0.641907 0.529688 0.36499 0.2875
0 0.150955 0.774609 0.30191 0.272656
0 0.194447 0.288672 0.377586 0.380469
0 0.678009 0.272852 0.345154 0.279297
0 0.25708 0.323633 0.301514 0.223828
1 0.88205 0.453516 0.235901 0.408594
0 0.233871 0.488281 0.351898 0.275781
0 0.877686 0.590625 0.244629 0.273438
0 0.1577 0.578516 0.315399 0.296875
1 0.637146 0.738672 0.368164 0.286719
0 0.882446 0.900781 0.235107 0.198437
0 0.639526 0.869922 0.342773 0.260156
0 0.152542 0.899219 0.305084 0.201562
1 0.109299 0.171875 0.218597 0.178125
1 0.0884705 0.195752 0.176941 0.166309
1 0.0551453 0.213086 0.110291 0.152344
0 0.758148 0.433203 0.32135 0.253125
0 0.485497 0.957031 0.350906 0.0859375
1 0.0564346 0.0420898 0.112869 0.0841797
0 0.66571 0.0566406 0.223755 0.113281
0 0.0358543 0.40625 0.0717087 0.242188
0 0.147583 0.723828 0.295166 0.272656
0 0.815872 0.832422 0.2789 0.335156
0 0.736725 0.965625 0.345154 0.06875
1 0.444336 1 0.104736 0
0 0.369949 0.325 0.367767 0.239844
0 0.185272 0.39375 0.343567 0.29375
0 0.155022 0.435937 0.310043 0.266406
1 0.639526 0.614844 0.345947 0.25
1 0.875702 0.793555 0.248596 0.272266
1 0.917358 0.0469727 0.165283 0.0939453
1 0.399803 0.106641 0.28743 0.213281
0 0.0900574 0.372266 0.180115 0.269531
0 0.876892 0.536719 0.246216 0.264844
0 0.232037 0.574219 0.343666 0.289062
1 0.876694 0.741406 0.246613 0.270312
0 0.144608 0.664062 0.289215 0.25
1 0.875305 0.84082 0.24939 0.265234
0 0.752594 0.903125 0.329285 0.19375
1 0.582794 0.974219 0.0761719 0.0515625
1 1 0 0 0
1 0.343964 0.110059 0.293579 0.220117
1 0.880859 0.226904 0.238281 0.235254
1 0.779572 0.200049 0.368958 0.239746
0 0.0550461 0.2625 0.110092 0.167969
1 0.206497 0.326953 0.284454 0.227344
0 0.0561371 0.548437 0.112274 0.179688
0 0.0337963 0.854883 0.0675926 0.233984
0 0.235706 0.867188 0.320457 0.251563
1 0.44989 0.0980469 0.273743 0.196094
1 0.057724 0.172266 0.115448 0.15625
1 0.22673 0.24668 0.392365 0.337891
1 0.503845 0.280908 0.346741 0.364746
1 0.117035 0.291357 0.23407 0.262598
1 0.148178 0.286719 0.282867 0.258594
0 0.586365 0.572656 0.374512 0.292188
0 0.540245 0.668359 0.366776 0.282031
0 0.0340195 0.803906 0.0680389 0.226562
0 0.533203 0.728516 0.36499 0.291406
0 0.699036 0.9 0.328491 0.2
1 0.49353 0.093457 0.263428 0.186914
1 0.541931 0.251172 0.368958 0.352344
1 0.878082 0.287451 0.243835 0.267285
0 0.131516 0.283984 0.263031 0.360156
0 0.03335 0.453223 0.0667 0.22793
1 0.876892 0.689453 0.246216 0.264844
0 0.44751 0.0368408 0.231689 0.0736816
1 0.105927 0.144922 0.211853 0.280078
1 0.217407 0.170215 0.412598 0.34043
1 0.621277 0.19707 0.391968 0.314453
0 0.233624 0.383203 0.320656 0.271094
0 0.335831 0.443652 0.360626 0.293945
0 0.48391 0.436035 0.339798 0.273242
1 0.704193 0.564844 0.308655 0.235938
0 0.234268 0.624219 0.345551 0.279687
0 0.336872 0.672656 0.352989 0.275
1 0.6427 0.667969 0.361816 0.2625
0 0.589935 0.828125 0.348328 0.28125
0 0.393654 0.0374512 0.241013 0.0749023
1 0.270767 0.0979492 0.286041 0.195898
1 0.881653 0.183008 0.236694 0.242188
1 0.063179 0.131445 0.126358 0.157813
1 0.216614 0.429688 0.0944214 0.096875
0 0.928345 0.511328 0.0634766 0.0625
0 0.923584 0.513281 0.0507812 0.0515625
1 0.224152 0.437109 0.0769653 0.0789063
0 0.939453 0.505469 0.0571289 0.05625
0 0.902161 0.527344 0.0428467 0.04375
1 0.599854 0.721094 0.114258 0.114063
0 0.415771 0.176172 0.0539551 0.053125
1 0.458618 0.730859 0.136475 0.136719
1 0.656982 0.71875 0.10791 0.10625
1 0.928345 0.510547 0.0634766 0.0601562
1 0.0947189 0.954687 0.107513 0.090625
1 1 0 0 0
1 0.657776 0.340625 0.122192 0.132812
0 0.937866 0.51875 0.0603027 0.059375
1 0.215473 0.429688 0.0967026 0.0929687
0 0.929932 0.507812 0.0603027 0.0625
0 0.92041 0.509375 0.0571289 0.05625
0 0.906921 0.517578 0.0380859 0.05
0 0.896606 0.528906 0.0349121 0.034375
1 0.228912 0.900781 0.124573 0.126563
0 0.925964 0.516016 0.0650635 0.05625
0 0.912476 0.503906 0.0523682 0.053125
0 0.89502 0.533984 0.0412598 0.040625
1 0.656189 0.337109 0.114258 0.123438
0 0.112869 0.634375 0.0388794 0.040625
1 0.929138 0.507812 0.0634766 0.0625
1 0.303894 0.589844 0.121399 0.125
1 0.820633 0.892187 0.110687 0.121875
0 0.119019 0.634375 0.0305481 0.0390625
1 0.517731 0.929688 0.115051 0.121875
0 0.12249 0.638281 0.0359039 0.0382813
0 0.105927 0.63125 0.0396729 0.0390625
0 0.868835 0.464063 0.0476074 0.0578125
0 0.854553 0.460938 0.0682373 0.06875
1 0.216167 0.605078 0.117531 0.125
0 0.917236 0.497656 0.0587158 0.0578125
1 0.21582 0.429688 0.096405 0.0953125
0 0.928345 0.509375 0.0603027 0.0609375
0 0.917236 0.5125 0.0634766 0.0632813
0 0.937866 0.505469 0.0571289 0.0609375
0 0.89978 0.528125 0.0380859 0.0421875
0 0.409424 0.170605 0.0603027 0.0560547
0 0.413391 0.177686 0.0523682 0.0540039
0 0.933899 0.497656 0.0650635 0.0578125
0 0.929932 0.508594 0.0603027 0.059375
1 0.216415 0.430469 0.096405 0.09375
0 0.937866 0.504687 0.0634766 0.0632813
0 0.916443 0.511719 0.0539551 0.059375
0 0.917236 0.502344 0.0571289 0.0578125
0 0.925171 0.516406 0.0634766 0.059375
1 0.463379 0.739062 0.136475 0.140625
0 0.89978 0.525781 0.0412598 0.046875
1 0.223408 0.603125 0.133202 0.132812
1 0.524475 0.93125 0.119019 0.11875
0 0.893433 0.5375 0.0507812 0.0507812
1 0.234913 0.90625 0.130028 0.13125
1 0.214283 0.430859 0.0982895 0.0945313
0 0.931519 0.509375 0.0603027 0.059375
0 0.921204 0.507812 0.0634766 0.059375
0 0.939453 0.503125 0.0634766 0.065625
0 0.914062 0.500391 0.072998 0.0625
1 0.930725 0.510156 0.0587158 0.0578125
1 0.921204 0.507812 0.0634766 0.059375
0 0.926758 0.509375 0.0571289 0.05625
1 0.216019 0.432031 0.0916443 0.09375
0 0.918823 0.5125 0.0507812 0.05625
0 0.936279 0.504687 0.0539551 0.0546875
0 0.926758 0.499219 0.0539551 0.0453125
0 0.934692 0.496875 0.0539551 0.04375
0 0.906128 0.521094 0.0444336 0.05
0 0.916443 0.504687 0.0523682 0.05
0 0.901367 0.532812 0.0380859 0.04375
1 0.21468 0.433594 0.0943222 0.09375
0 0.929932 0.511719 0.0603027 0.059375
0 0.919617 0.514063 0.055542 0.0578125
0 0.937866 0.50625 0.0539551 0.05625
0 0.929932 0.509375 0.0603027 0.0609375
1 0.21463 0.429688 0.0968018 0.0953125
0 0.918823 0.5125 0.0634766 0.0609375
0 0.937866 0.503125 0.0603027 0.0617188
1 0.602234 0.714844 0.107117 0.109375
0 0.925171 0.498437 0.0571289 0.0484375
1 0.214184 0.431641 0.0937271 0.0921875
0 0.928345 0.511719 0.0634766 0.059375
0 0.918823 0.514063 0.0650635 0.0648438
0 0.414879 0.152441 0.100174 0.0927734
1 0.600647 0.715234 0.0968018 0.0929687
0 0.901367 0.525 0.0491943 0.059375
1 0.21463 0.43125 0.0916443 0.090625
0 0.928345 0.510938 0.0603027 0.0578125
0 0.914062 0.514453 0.0587158 0.0617188
0 0.940247 0.503516 0.0571289 0.0578125
0 0.898193 0.527344 0.0428467 0.0460938
0 0.915649 0.504297 0.0539551 0.0554687
0 0.892639 0.533984 0.0476074 0.0414063
1 0.215424 0.43125 0.0932312 0.0921875
0 0.926758 0.511328 0.0634766 0.0640625
0 0.417755 0.156641 0.0936279 0.0960938
0 0.94104 0.502734 0.0650635 0.0664062
1 0.216415 0.430469 0.0960083 0.0921875
0 0.928345 0.510156 0.0603027 0.059375
0 0.917236 0.5125 0.0571289 0.0609375
0 0.937866 0.503516 0.0571289 0.0585938
1 0.213837 0.432031 0.0975952 0.0929687
0 0.929138 0.509766 0.0618896 0.0609375
0 0.917236 0.512109 0.055542 0.059375
1 0.0157204 1 0.0314407 0
0 0.928345 0.510938 0.0634766 0.0609375
1 0.21463 0.43125 0.0936279 0.0929687
0 0.935486 0.504687 0.0618896 0.059375
0 0.918823 0.514844 0.0698242 0.0664062
1 0.755371 0.442187 0.101562 0.0890625
1 1 0.971094 0 0.0578125
1 1 0.810156 0 0.0984375
1 1 0.360547 0 0.103125
1 1 0.775781 0 0.10625
1 1 0.75 0 0.107813
1 1 0.722656 0 0.107813
1 0.928345 0.509375 0.0618896 0.0601562
1 1 0.333984 0 0.107031
1 0.213242 0.429688 0.0928345 0.0929687
0 0.927551 0.510938 0.0618896 0.0625
0 0.409027 0.138965 0.0587158 0.0603516
0 0.404762 0.148438 0.0712128 0.0769531
0 0.414185 0.133398 0.0476074 0.0488281
0 0.412598 0.158398 0.0666504 0.0761719
0 0.420532 0.138281 0.0603027 0.0570313
0 0.937866 0.503125 0.0618896 0.0585938
1 0.215424 0.430469 0.0936279 0.09375
0 0.928345 0.508594 0.0618896 0.0609375
0 0.919617 0.5125 0.0618896 0.0640625
0 0.937866 0.502344 0.0571289 0.0585938
1 0.214828 0.430469 0.0968018 0.0984375
0 0.929138 0.510156 0.0618896 0.0609375
0 0.918823 0.513281 0.0571289 0.0609375
0 0.926758 0.510938 0.0603027 0.0609375
1 0.214233 0.430859 0.0952148 0.0945313
0 0.110886 0.634375 0.0448303 0.0359375
0 0.113464 0.6375 0.0353088 0.0367187
0 0.103447 0.633203 0.0414581 0.040625
0 0.123482 0.642187 0.0382843 0.040625
0 0.119812 0.6375 0.0396729 0.0421875
0 0.129135 0.653125 0.0353088 0.034375
0 0.0997772 0.628906 0.0472107 0.0382813
1 0.600647 0.709375 0.0968018 0.0890625
0 0.119415 0.648438 0.0353088 0.0328125
1 0.310242 0.713281 0.0995789 0.0945313
0 0.928345 0.510156 0.0603027 0.059375
1 0.214828 0.433203 0.0944214 0.0914062
0 0.936279 0.504687 0.0603027 0.059375
1 0.975281 0.974219 0.0494385 0.0515625
0 0.928345 0.510938 0.0634766 0.0625
1 0.21582 0.43125 0.0952148 0.0953125
0 0.919617 0.514063 0.0618896 0.0640625
1 0.213886 0.428906 0.0959091 0.09375
0 0.926758 0.510547 0.0634766 0.0625
0 0.934692 0.503516 0.0650635 0.0632813
0 0.403473 0.157129 0.0769653 0.0763672
1 0.21468 0.429688 0.0935287 0.090625
0 0.928345 0.510938 0.0666504 0.0625
1 0.978455 0.860937 0.0430908 0.110937
1 0.973297 0.955078 0.0534058 0.0898438
1 0.990356 0.864062 0.0192871 0.1125
0 0 0.993359 0 0.0132813
1 0.215473 0.429688 0.0935287 0.090625
0 0.928345 0.510547 0.0666504 0.0632813
1 0.21339 0.430469 0.0945206 0.090625
0 0.928345 0.5125 0.0603027 0.059375
0 0.278503 0.130273 0.0404663 0.0390625
0 0.272156 0.129102 0.0404663 0.0429688
1 0.215225 0.43125 0.0936279 0.0953125
0 0.928345 0.510156 0.0634766 0.0609375
0 0.281677 0.130762 0.0349121 0.0337891
0 0.918823 0.5125 0.0603027 0.0625
0 0.949768 1 0.0618896 0
0 0.963257 1 0.0618896 0
0 0.937073 0.50625 0.0587158 0.0546875
0 0.937073 1 0.0634766 0
1 0.220383 0.879687 0.103149 0.075
0 0.286438 0.122266 0.0436401 0.0351562
0 0.929932 0.510938 0.0634766 0.0625
1 0.21463 0.43125 0.0960083 0.09375
0 1 0.9375 0 0.071875
0 1 0.950781 0 0.0734375
0 1 0.9125 0 0.075
0 1 0.969141 0 0.0617188
0 1 0.138086 0 0.0753906
0 0.135384 0.269922 0.0472107 0.0339844
0 1 0.146777 0 0.0724609
0 1 0.9875 0 0.025
0 0.288818 0.122656 0.0420532 0.0367187
0 1 0.921094 0 0.0765625
0 1 0.946875 0 0.078125
0 0.987183 1 0.0256348 0
0 1 0.8875 0 0.075
0 0.92041 0.513672 0.0603027 0.0640625
0 1 0.898438 0 0.075
0 0.964172 1 0.0716553 0
0 1 0.169336 0 0.0777344
0 0.981628 1 0.0367432 0
0 1 0.975 0 0.05
0 0.0243864 0.18667 0.0440617 0.0383789
0 1 0.965625 0 0.06875
0 0.937073 0.50625 0.0618896 0.0578125
0 1 0.996875 0 0.00625
0 1 0.122656 0 0.0816406
0 0.950562 1 0.074585 0
1 0.214233 0.430469 0.0936279 0.090625
0 0.928345 0.510156 0.0603027 0.0625
1 0.603027 0.710938 0.0999756 0.1
0 0.927551 0.511719 0.0650635 0.0625
1 0.213886 0.429688 0.0959091 0.096875
1 0.214283 0.429688 0.0919418 0.0921875
0 0.929138 0.510547 0.0650635 0.0625
0 0.928345 0.510938 0.0666504 0.0640625
1 0.215622 0.428906 0.092041 0.0890625
1 0.971313 0.976953 0.057373 0.0460938
1 0.214977 0.430469 0.095314 0.09375
0 0.928345 0.510938 0.0634766 0.0617188
0 0.407043 0.146094 0.0618896 0.065625
0 0.411011 0.139062 0.0507812 0.0570313
1 0.214828 0.429688 0.0944214 0.09375
0 0.928345 0.510547 0.0682373 0.065625
1 0.232086 0.9 0.131714 0.134375
1 0.216217 0.430469 0.092041 0.090625
0 0.926758 0.509375 0.0666504 0.0640625
1 0.217407 0.430469 0.0948181 0.0921875
0 0.928345 0.510547 0.0666504 0.0632813
1 0.231342 0.896875 0.129234 0.13125
1 0.212299 0.43125 0.0951157 0.09375
0 0.929138 0.510547 0.0634766 0.0617188
1 0.226482 0.902344 0.123878 0.128125
1 0.754181 0.445312 0.115051 0.117188
1 0.213043 0.43125 0.0936279 0.090625
0 0.927551 0.511719 0.0650635 0.0640625
1 0 0.959375 0 0.08125
0 0.443542 0.149316 0.0539551 0.0716797
1 0.215076 0.431641 0.0927353 0.0898438
0 0.928345 0.510938 0.0634766 0.0625
1 0.212994 0.430859 0.0961075 0.0953125
0 0.927551 0.510938 0.0650635 0.0625
0 0.928345 0.509766 0.0666504 0.0640625
1 0.213093 0.430859 0.0951157 0.0929687
1 0.21468 0.432422 0.0943222 0.0929687
0 0.927551 0.511328 0.0618896 0.0632813
0 0.918823 0.514844 0.0634766 0.0671875
1 0.215622 0.430859 0.0968018 0.0929687
0 0.929138 0.510938 0.0650635 0.0625
1 0.231689 0.899219 0.12854 0.13125
1 0.0198364 0.977344 0.0396729 0.0453125
1 0.213242 0.430469 0.092041 0.090625
0 0.929932 0.508594 0.0666504 0.0640625
0 0.0817013 0.642187 0.0536079 0.040625
0 0.0705185 0.647656 0.0474091 0.0421875
1 0.23407 0.901563 0.129333 0.13125
0 0.929932 0.508594 0.0634766 0.0625
1 0.213886 0.430469 0.0943222 0.09375
1 0.230499 0.897656 0.126953 0.129688
1 0.214233 0.432031 0.0956116 0.0953125
0 0.928345 0.511719 0.0650635 0.065625
0 0.408234 0.157617 0.083313 0.0921875
0 0.407043 0.166016 0.0737915 0.0691406
0 0.927551 0.510938 0.0634766 0.0609375
1 0.214184 0.430469 0.0929337 0.0898438
0 0.439178 0.145605 0.0618896 0.0689453
1 0.21582 0.433594 0.0944214 0.0921875
0 0.928345 0.509766 0.0666504 0.0625
1 0.214233 0.432813 0.0932312 0.0914062
0 0.928345 0.510156 0.0650635 0.0640625
1 0.213638 0.432813 0.0936279 0.090625
0 0.929932 0.510156 0.0634766 0.0625
0 0.888672 0.539844 0.0603027 0.059375
0 0.355865 0.172168 0.0571289 0.0619141
1 0.21582 0.43125 0.0944214 0.0921875
0 0.928345 0.510156 0.0650635 0.0625
0 0.357849 0.166602 0.0412598 0.0453125
1 0.214233 0.430078 0.0928345 0.0921875
0 0.929138 0.511328 0.0634766 0.0609375
1 0.212845 0.430078 0.0932312 0.0898438
0 0.926758 0.510938 0.0634766 0.0625
1 0.214283 0.432031 0.0943222 0.09375
0 0.928345 0.509375 0.0603027 0.059375
0 0.928345 0.510938 0.0571289 0.0578125
1 0.214184 0.430859 0.095314 0.0929687
0 0.426086 0.141602 0.0714111 0.0738281
0 0.902954 0.536328 0.0634766 0.0453125
1 0.214283 0.432813 0.0951157 0.0921875
0 0.928345 0.5125 0.0634766 0.0625
1 0.214828 0.432813 0.0940247 0.090625
0 0.929138 0.513281 0.0634766 0.0625
1 0.214233 0.43125 0.0932312 0.0890625
0 0.928345 0.512891 0.0634766 0.0625
1 0.927551 0.5125 0.0618896 0.0625
1 0.213043 0.429688 0.0944214 0.090625
0 0.927551 0.510938 0.0618896 0.0609375
1 0.227524 0.892969 0.116638 0.120312
1 0.212448 0.428516 0.0932312 0.0929687
0 0.926758 0.5125 0.0634766 0.0625
0 0.926758 0.524219 0.0603027 0.0546875
1 0.213886 0.430469 0.0935287 0.0921875
0 0.926758 0.510938 0.0634766 0.0625
0 0.926758 0.521875 0.0603027 0.059375
1 0.215027 0.432031 0.0944214 0.0921875
0 0.926758 0.512891 0.0634766 0.0648438
1 0.215424 0.430469 0.0936279 0.09375
0 0.928345 0.511719 0.0634766 0.065625
1 0.233276 0.896094 0.122986 0.121875
1 0.214828 0.432422 0.0956116 0.0929687
0 0.926758 0.513281 0.0634766 0.0640625
1 0.239574 0.889063 0.138954 0.1375
1 0.213638 0.430469 0.0936279 0.09375
0 0.928345 0.511719 0.0666504 0.0648438
1 0.238831 0.896875 0.129333 0.125
0 0.926758 0.526563 0.0603027 0.053125
0 0.910889 0.53125 0.0603027 0.05625
1 0.571289 0.879687 0.119812 0.121875
0 0.890259 0.535547 0.0603027 0.05625
1 0.214432 0.430469 0.0948181 0.0921875
0 0.925964 0.513281 0.0650635 0.0671875
1 0.21344 0.429688 0.0940247 0.09375
0 0.928345 0.510156 0.0634766 0.0609375
0 0.891846 0.5375 0.0507812 0.0460938
0 0.909302 0.534375 0.0571289 0.0453125
0 0.930725 0.522266 0.055542 0.0484375
0 0.886292 0.541406 0.055542 0.05
1 0.215027 0.428906 0.0956116 0.09375
0 0.926758 0.5125 0.0634766 0.0625
0 0.891846 0.5375 0.0539551 0.0523437
0 0.929932 0.521094 0.0571289 0.0539063
1 0.213886 0.428906 0.0935287 0.0921875
0 0.928345 0.510156 0.0603027 0.059375
0 0.890259 0.535156 0.0507812 0.0476562
1 0.215027 0.43125 0.0968018 0.0953125
0 0.928345 0.511328 0.0650635 0.0648438
0 0.889465 0.535937 0.0523682 0.046875
0 0.907715 0.534375 0.0603027 0.0484375
1 0.215225 0.430469 0.0948181 0.090625
0 0.928345 0.509766 0.0634766 0.0640625
1 0.214184 0.432031 0.095314 0.09375
0 0.927551 0.513281 0.0650635 0.0640625
1 0.21339 0.433203 0.0945206 0.0914062
0 0.928345 0.5125 0.0650635 0.0625
1 0.214233 0.430469 0.0948181 0.0921875
0 0.928345 0.510156 0.0634766 0.0617188
1 0.213638 0.427344 0.0944214 0.0921875
0 0.928345 0.510547 0.0634766 0.0609375
1 0.213638 0.428516 0.0960083 0.0929687
0 0.928345 0.511719 0.0650635 0.0640625
1 0 0.967188 0 0.065625
1 0.212696 0.428125 0.0927353 0.0921875
0 0.928345 0.511328 0.0634766 0.0632813
1 0.212845 0.429688 0.0948181 0.0921875
0 0.928345 0.511328 0.0650635 0.0648438
1 0.214828 0.432031 0.0944214 0.0921875
0 0.928345 0.5125 0.0634766 0.0640625
1 0.21349 0.429688 0.0927353 0.0929687
0 0.929138 0.510156 0.0634766 0.0625
1 0.213638 0.429688 0.0948181 0.0921875
0 0.929932 0.510547 0.0666504 0.065625
1 0.224747 0.889844 0.1091 0.1125
1 0.214233 0.430469 0.0936279 0.0921875
0 0.929932 0.510938 0.0634766 0.0640625
0 0.928345 0.510938 0.0634766 0.0632813
1 0.215473 0.430078 0.0943222 0.0929687
0 0.892639 0.533984 0.055542 0.046875
0 0.926758 0.522656 0.0539551 0.0546875
0 0.937866 0.519141 0.0444336 0.05625
0 0.914062 0.525781 0.0539551 0.0460938
0 0.917236 0.53125 0.0650635 0.046875
1 0.215225 0.427344 0.0936279 0.09375
0 0.928345 0.513672 0.0666504 0.065625
1 0.214184 0.430859 0.0937271 0.0914062
0 0.927551 0.5125 0.0650635 0.065625
0 0.928345 0.511328 0.0666504 0.0648438
1 0.213043 0.428906 0.0924377 0.090625
1 0.21587 0.430469 0.0927353 0.0921875
0 0.926758 0.5125 0.0666504 0.0648438
1 0.215424 0.430859 0.0940247 0.0929687
0 0.928345 0.510156 0.0634766 0.0640625
0 0.900574 0.530859 0.0523682 0.046875
0 0.928345 0.511719 0.0666504 0.0640625
1 0.214283 0.428125 0.0967026 0.0953125
0 0.926758 0.513281 0.0666504 0.0648438
1 0.213837 0.432031 0.0928345 0.090625
0 0.928345 0.5125 0.0666504 0.065625
1 0.210464 0.430469 0.0932312 0.090625
0 0.928345 0.510938 0.0666504 0.065625
1 0.212597 0.428516 0.0929337 0.090625
0 0.891846 0.532812 0.0571289 0.0476562
1 0.212646 0.428906 0.0928345 0.0921875
0 0.929138 0.512109 0.0650635 0.0640625
1 0.212448 0.430859 0.0932312 0.09375
0 0.928345 0.514844 0.0666504 0.0648438
0 0.928345 0.511719 0.0666504 0.0648438
1 0.213837 0.427344 0.0932312 0.090625
0 0.898987 0.532031 0.0523682 0.04375
0 0.910889 0.525781 0.0539551 0.0515625
1 0.213242 0.430469 0.0944214 0.0929687
0 0.928345 0.510938 0.0634766 0.0640625
0 0.912476 0.527344 0.0571289 0.05
1 0.21344 0.429688 0.0948181 0.0921875
0 0.929138 0.514453 0.0650635 0.065625
0 0.929138 0.513281 0.0650635 0.0648438
1 0.210663 0.429688 0.0928345 0.090625
0 0.902954 0.532812 0.0507812 0.0476562
1 0.92041 0.0790039 0.0777588 0.0744141
0 0.928345 0.511719 0.0666504 0.065625
1 0.215622 0.426562 0.0928345 0.0921875
0 0.934692 0.522656 0.0507812 0.0515625
0 0.909302 0.527344 0.0539551 0.053125
0 0.902161 0.53125 0.0523682 0.0484375
1 0.213837 0.428125 0.0916443 0.0898438
0 0.929932 0.510938 0.0634766 0.0609375
0 0.89502 0.533594 0.055542 0.046875
0 0.909302 0.528906 0.0603027 0.0515625
1 0.212646 0.430469 0.0928345 0.0921875
0 0.928345 0.5125 0.0666504 0.0640625
0 0.929932 0.510938 0.0666504 0.065625
1 0.211853 0.430469 0.092041 0.090625
0 0.902954 0.533594 0.0539551 0.0484375
1 0.21344 0.430469 0.0928345 0.0921875
0 0.929138 0.511719 0.0650635 0.0640625
0 0.902161 0.532812 0.0460205 0.0390625
1 0.214035 0.43125 0.0948181 0.0921875
0 0.928345 0.511328 0.0634766 0.0632813
0 0.901367 0.533594 0.0476074 0.0421875
0 0.891052 0.536719 0.0460205 0.040625
1 0.213242 0.43125 0.0924377 0.0921875
0 0.928345 0.5125 0.0634766 0.0640625
0 0.918823 0.479688 0.0507812 0.046875
0 0.926758 0.5125 0.0666504 0.0640625
1 0.213043 0.429297 0.0948181 0.0921875
0 0.92041 0.48125 0.0507812 0.0484375
0 0.925964 0.511328 0.0682373 0.0664062
1 0.212597 0.428516 0.0929337 0.0914062
0 0.896606 0.533594 0.0539551 0.046875
0 0.92041 0.482812 0.0571289 0.05
1 0.213638 0.430469 0.0956116 0.09375
0 0.926758 0.511719 0.0634766 0.0640625
0 0.893433 0.534375 0.0507812 0.04375
0 0.907715 0.529688 0.0603027 0.046875
0 0.926758 0.512109 0.0666504 0.065625
1 0.214035 0.429688 0.0936279 0.0921875
1 0.214828 0.428906 0.0952148 0.0921875
0 0.928345 0.510938 0.0634766 0.0640625
1 0.214432 0.429688 0.0936279 0.0921875
0 0.929138 0.512109 0.0634766 0.0640625
0 0.912476 0.527344 0.0650635 0.0515625
0 0.902954 0.534375 0.0507812 0.04375
1 0.212597 0.43125 0.0937271 0.0921875
0 0.928345 0.513672 0.0634766 0.0648438
0 0.901367 0.533984 0.0507812 0.0476562
1 0.214283 0.429297 0.0935287 0.0921875
0 0.927551 0.512891 0.0634766 0.0640625
0 0.904541 0.532031 0.0523682 0.0453125
1 0.213242 0.429688 0.0924377 0.0921875
0 0.928345 0.513281 0.0634766 0.0625
1 0.214283 0.430469 0.0935287 0.0921875
0 0.928345 0.513281 0.0634766 0.0632813
1 0.213093 0.43125 0.0927353 0.0921875
0 0.926758 0.5125 0.0666504 0.0664062
1 0.213787 0.432813 0.0929337 0.0921875
0 0.928345 0.512109 0.0666504 0.0648438
1 0.213242 0.433594 0.0928345 0.0921875
0 0.928345 0.5125 0.0666504 0.0648438
1 0.214233 0.430469 0.0932312 0.0921875
0 0.926758 0.514063 0.0650635 0.065625
1 0.213638 0.43125 0.0948181 0.09375
0 0.928345 0.512109 0.0634766 0.0632813
1 0.474487 1 0.104736 0
1 0.211407 0.430859 0.0921402 0.0921875
0 0.929138 0.514453 0.0634766 0.0648438
1 0.212696 0.434375 0.0927353 0.0921875
0 0.928345 0.513672 0.0634766 0.0640625
1 0.21344 0.433594 0.0932312 0.0921875
0 0.929932 0.513672 0.0650635 0.065625
1 0.212448 0.43125 0.0940247 0.09375
0 0.929932 0.514063 0.0634766 0.0640625
1 0.213093 0.429688 0.0951157 0.09375
0 0.929932 0.5125 0.0634766 0.0625
0 0.93866 0.525781 0.055542 0.0460938
0 0.900574 0.532031 0.0491943 0.0453125
1 0.213242 0.432031 0.0936279 0.0929687
0 0.929138 0.513672 0.0634766 0.0632813
1 0.212051 0.432031 0.0924377 0.0921875
0 0.928345 0.514063 0.0634766 0.0640625
0 0.928345 0.513281 0.0634766 0.0632813
1 0.21101 0.430469 0.0921402 0.0921875
1 0.212299 0.432031 0.0935287 0.0921875
0 0.928345 0.5125 0.0634766 0.0625
1 0.211853 0.432813 0.0944214 0.0921875
0 0.929138 0.513281 0.0634766 0.0625
1 0.211258 0.431641 0.0924377 0.0914062
0 0.927551 0.513281 0.0634766 0.0625
1 0.211456 0.432031 0.0932312 0.0921875
0 0.929138 0.513281 0.0650635 0.0640625
1 0.948303 0.0476562 0.103394 0.0953125
1 0.0576744 0.475391 0.0849991 0.0859375
1 0.211407 0.43125 0.0929337 0.0921875
0 0.929932 0.513672 0.0634766 0.0632813
1 0.231293 0.901563 0.132111 0.132812
1 0.212845 0.432031 0.0940247 0.09375
0 0.927551 0.5125 0.0634766 0.0632813
0 0.0567818 0.475781 0.0863876 0.0820312
1 0.213638 0.433984 0.0944214 0.090625
0 0.928345 0.513281 0.0634766 0.0640625
0 0.0575132 0.478125 0.0837345 0.0796875
1 0.213242 0.432422 0.0936279 0.0929687
0 0.928345 0.511719 0.0634766 0.0617188
0 0.898987 0.532031 0.0523682 0.0453125
0 0.937073 0.522656 0.0571289 0.053125
1 0.212299 0.431641 0.0943222 0.0929687
0 0.928345 0.5125 0.0634766 0.0625
0 0.900574 0.532812 0.0539551 0.0484375
1 0.212299 0.432813 0.0943222 0.0921875
0 0.928345 0.513281 0.0634766 0.0632813
1 0.2122 0.433203 0.0929337 0.0929687
0 0.928345 0.513672 0.0650635 0.0640625
1 0.212597 0.432813 0.0945206 0.0921875
0 0.928345 0.510938 0.0634766 0.0625
1 0.21349 0.43125 0.0935287 0.09375
0 0.928345 0.512109 0.0634766 0.0632813
1 0.213043 0.431641 0.0948181 0.09375
0 0.926758 0.5125 0.0634766 0.0640625
1 0.211456 0.434375 0.0940247 0.090625
0 0.929138 0.514063 0.0634766 0.0625
1 0.210861 0.433594 0.0932312 0.0914062
0 0.929932 0.5125 0.0634766 0.0640625
1 0.213093 0.435547 0.0959091 0.0914062
0 0.928345 0.5125 0.0634766 0.0640625
1 0.214283 0.435156 0.0943222 0.0921875
0 0.928345 0.513281 0.0634766 0.0640625
0 0.937866 0.523438 0.0571289 0.0523437
1 0.212448 0.433594 0.0936279 0.0921875
0 0.928345 0.513281 0.0634766 0.0625
1 0.211506 0.433984 0.0927353 0.0921875
0 0.929932 0.515625 0.0634766 0.0648438
1 0.213638 0.433594 0.0940247 0.0921875
0 0.928345 0.513281 0.0634766 0.0625
1 0.214432 0.432813 0.0932312 0.0921875
0 0.929138 0.513281 0.0634766 0.0625
1 0.872803 0.207813 0.092041 0.0855469
1 0.212448 0.432813 0.0936279 0.0921875
0 0.929932 0.513672 0.0634766 0.0632813
1 0.87439 0.210742 0.0952148 0.0875
1 0.212448 0.433594 0.0936279 0.0921875
0 0.929932 0.514063 0.0634766 0.0625
0 0.936279 0.523438 0.0603027 0.053125
1 0.211655 0.432813 0.0932312 0.0921875
0 0.929932 0.514063 0.0634766 0.0640625
0 0.937866 0.524219 0.0571289 0.0515625
1 0.21106 0.434766 0.0936279 0.0921875
0 0.928345 0.513281 0.0634766 0.0625
0 0.937866 0.525 0.0571289 0.05
1 0.871216 0.207813 0.0999756 0.0960938
1 0.564148 0.0672974 0.0872803 0.0857178
1 0.210613 0.434375 0.0929337 0.0921875
0 0.928345 0.513281 0.0634766 0.0625
0 0.937073 0.525 0.055542 0.0492188
1 0.564148 0.0645508 0.0904541 0.0853516
1 0.213886 0.435156 0.0951157 0.0914062
0 0.929138 0.513281 0.0650635 0.0640625
0 0.937866 0.525391 0.0571289 0.0492188
1 0.212448 0.432813 0.0932312 0.0921875
0 0.928345 0.512891 0.0634766 0.0640625
0 0.936279 0.524219 0.0571289 0.05
1 0.210861 0.434375 0.0948181 0.0914062
0 0.929932 0.513281 0.0634766 0.0640625
0 0.936279 0.525 0.0603027 0.05
1 0.212051 0.432813 0.0940247 0.0921875
0 0.929138 0.5125 0.0634766 0.0640625
0 0.936279 0.525391 0.0571289 0.0476562
1 0.2122 0.434375 0.0937271 0.0914062
0 0.928345 0.513281 0.0634766 0.0640625
0 0.936279 0.525 0.0571289 0.05
1 0.212299 0.435156 0.0935287 0.0921875
0 0.929138 0.5125 0.0650635 0.0632813
0 0.937073 0.524609 0.0587158 0.0492188
1 0.211853 0.434766 0.0944214 0.0929687
0 0.928345 0.5125 0.0634766 0.0632813
0 0.937073 0.524219 0.0571289 0.0492188
1 0.213242 0.433594 0.0940247 0.0921875
0 0.928345 0.513281 0.0634766 0.0640625
1 0.213886 0.433984 0.0951157 0.0914062
0 0.926758 0.513281 0.0634766 0.0625
0 0.937866 0.525 0.0571289 0.05
1 0.214233 0.434375 0.0952148 0.0921875
0 0.926758 0.513281 0.0634766 0.0625
0 0.936279 0.524219 0.0603027 0.0515625
1 0.21344 0.435156 0.0948181 0.090625
0 0.927551 0.510938 0.0634766 0.0625
0 0.936279 0.524219 0.0571289 0.05
0 0.903748 0.53125 0.0476074 0.0445312
1 0.21225 0.432813 0.0956116 0.0929687
0 0.927551 0.511719 0.0650635 0.0640625
0 0.937866 0.523438 0.0603027 0.053125
0 0.903748 0.532422 0.0491943 0.0484375
1 0.212299 0.432813 0.0951157 0.0929687
0 0.927551 0.512891 0.0650635 0.0632813
0 0.906128 0.530469 0.0444336 0.046875
0 0.936279 0.523438 0.0603027 0.0515625
1 0.211109 0.433203 0.0935287 0.0929687
0 0.928345 0.5125 0.0634766 0.0625
0 0.906128 0.530078 0.0444336 0.0476562
0 0.935486 0.523047 0.0603027 0.053125
1 0.213043 0.432813 0.0940247 0.0929687
0 0.928345 0.511719 0.0634766 0.0625
0 0.936279 0.523438 0.0603027 0.053125
1 0.213837 0.433594 0.0948181 0.0921875
0 0.928345 0.511328 0.0634766 0.0625
0 0.907715 0.530469 0.0428467 0.0453125
0 0.936279 0.524219 0.0587158 0.0515625
1 0.213886 0.432813 0.0943222 0.0921875
0 0.928345 0.512109 0.0634766 0.0625
1 0.213787 0.433594 0.0937271 0.0921875
0 0.928345 0.5125 0.0634766 0.0625
1 0.212845 0.433594 0.0936279 0.0921875
0 0.928345 0.5125 0.0650635 0.0625
1 0.21225 0.432813 0.0936279 0.0921875
0 0.928345 0.512891 0.0634766 0.0632813
1 0.212051 0.432813 0.0936279 0.0921875
0 0.928345 0.513672 0.0634766 0.0640625
1 0.212051 0.433594 0.0932312 0.0921875
0 0.927551 0.511719 0.0650635 0.0625
0 0.906128 0.530469 0.0444336 0.046875
1 0.211853 0.434375 0.0928345 0.0921875
0 0.928345 0.511719 0.0634766 0.0625
1 0.213242 0.433594 0.0936279 0.0921875
0 0.928345 0.511719 0.0634766 0.0625
1 0.212597 0.433594 0.0937271 0.0921875
0 0.928345 0.511719 0.0634766 0.0625
0 0.903748 0.532031 0.0444336 0.0453125
1 0.212845 0.433594 0.0940247 0.0921875
0 0.928345 0.511719 0.0634766 0.0632813
0 0.901367 0.532812 0.0460205 0.0453125
1 0.2122 0.434375 0.0937271 0.0921875
0 0.928345 0.512109 0.0634766 0.0632813
0 0.901367 0.532812 0.0476074 0.0453125
1 0.211903 0.434375 0.0935287 0.0921875
0 0.929138 0.511719 0.0650635 0.0625
0 0.901367 0.533594 0.0476074 0.046875
1 0.211506 0.433984 0.0943222 0.0921875
0 0.928345 0.511719 0.0634766 0.0625
1 0.211456 0.434375 0.0932312 0.0921875
0 0.929138 0.513281 0.0650635 0.0625
1 0.212448 0.434375 0.0948181 0.0921875
0 0.928345 0.512891 0.0634766 0.0632813
0 0.906921 0.529688 0.0412598 0.0484375
1 0.212051 0.435156 0.0948181 0.0921875
0 0.928345 0.511719 0.0634766 0.0640625
0 0.906921 0.529688 0.0412598 0.046875
1 0.21339 0.434766 0.0945206 0.0921875
0 0.928345 0.511328 0.0634766 0.0625
0 0.902954 0.530859 0.0476074 0.04375
1 0.213242 0.434375 0.0944214 0.0921875
0 0.927551 0.511328 0.0618896 0.0617188
0 0.902954 0.530469 0.0476074 0.04375
1 0.213242 0.434375 0.0944214 0.0921875
0 0.927551 0.511719 0.0634766 0.0625
0 0.904541 0.530469 0.0444336 0.0453125
1 0.212845 0.434375 0.0944214 0.0921875
0 0.928345 0.511719 0.0634766 0.0625
0 0.902954 0.53125 0.0460205 0.0453125
1 0.211803 0.433594 0.0937271 0.0921875
0 0.928345 0.512109 0.0634766 0.0625
0 0.902161 0.53125 0.0476074 0.046875
1 0.212646 0.433594 0.0940247 0.0921875
0 0.928345 0.5125 0.0634766 0.0625
0 0.902954 0.530859 0.0476074 0.046875
1 0.212597 0.433594 0.0945206 0.0921875
0 0.928345 0.512109 0.0634766 0.0632813
0 0.902954 0.53125 0.0476074 0.046875
1 0.21225 0.433594 0.0944214 0.0921875
0 0.928345 0.5125 0.0634766 0.0625
0 0.902954 0.53125 0.0460205 0.046875
1 0.21225 0.433594 0.0944214 0.0921875
0 0.928345 0.5125 0.0634766 0.0632813
0 0.902954 0.53125 0.0460205 0.046875
1 0.21225 0.433594 0.0944214 0.0921875
0 0.928345 0.5125 0.0634766 0.0632813
0 0.902954 0.53125 0.0460205 0.046875
1 0.214977 0.430469 0.095314 0.09375
0 0.928345 0.510938 0.0634766 0.0617188
0 0.926758 0.500391 0.0634766 0.05625
0 0.428467 0.144971 0.0722046 0.0698242
0 0.407043 0.146094 0.0618896 0.065625
0 0.411011 0.139062 0.0507812 0.0570313
0 0.200001 0.451172 0.0665512 0.05
0 0.91803 0.505078 0.0650635 0.065625
