1 0.501465 0.18042 0.104736 0.0946289
0 0.421722 0.464844 0.843445 0.904688
0 0.375702 0.521875 0.751404 0.95625
1 0.401489 0.462891 0.802979 0.875781
0 0.302902 0.520703 0.605804 0.572656
0 0.270966 0.698438 0.0749817 0.06875
0 0.380463 0.40625 0.760925 0.703125
1 0.307861 0.441797 0.567322 0.592969
0 0.307861 0.441797 0.567322 0.592969
1 0.286041 0.34375 0.572083 0.570312
1 0.88324 0.0856445 0.233521 0.171289
0 0.288818 0.507812 0.577637 0.314844
1 0.868164 0.0578125 0.263672 0.115625
0 0.826782 0.314453 0.342773 0.239844
0 0.277115 0.0243164 0.412201 0.0486328
0 0.860901 0.0607422 0.249146 0.121484
0 0.691895 0.260547 0.603027 0.321094
0 0.69519 0.309766 0.609619 0.574219
1 0.156311 0.261719 0.312622 0.380469
0 0.20015 0.0410156 0.400299 0.0820312
0 0.23407 0.435937 0.46814 0.40625
0 0.369354 0.020459 0.437195 0.040918
1 0.964569 0.0546387 0.0708618 0.109277
0 0.156311 0.261719 0.312622 0.380469
0 0.40625 0.044043 0.441956 0.0880859
1 0.92688 0.079541 0.14624 0.159082
0 0.301117 0.350781 0.602234 0.51875
0 0.838409 0.689453 0.323181 0.313281
1 0.884033 0.133887 0.231934 0.260352
1 0.881256 0.202148 0.237488 0.359766
1 0.915771 0.162402 0.168457 0.286133
1 0.92926 0.291992 0.141479 0.375391
0 0.826584 0.7625 0.336823 0.41875
1 0.884827 0.276953 0.230347 0.467969
0 0.480934 0.0443359 0.385422 0.0886719
0 0.321152 0.243164 0.505035 0.387109
0 0.869629 0.0949219 0.222168 0.189844
0 0.227524 0.504297 0.455048 0.227344
0 0.747833 0.0256836 0.376892 0.0513672
1 0.920532 0.221094 0.158936 0.345313
0 0.950287 0.879687 0.0994263 0.240625
1 0.918945 0.110645 0.162109 0.217773
0 0.704193 0.208594 0.560974 0.325
0 0.836624 0.641016 0.326752 0.446094
0 0.799805 0.035791 0.391968 0.071582
0 0.838806 0.0428711 0.322388 0.0857422
0 0.66571 0.023584 0.411011 0.047168
0 0.628418 0.274805 0.474487 0.519141
1 0.92926 0.351367 0.141479 0.411328
0 0.331665 0.507812 0.644287 0.85
0 0.464966 0.596094 0.718872 0.807813
0 0.16861 0.0620117 0.337219 0.124023
0 0.964569 0.0546387 0.0708618 0.109277
0 0.692688 0.380078 0.46814 0.396875
1 0.949097 0.846875 0.101807 0.2875
0 0.18924 0.126953 0.378479 0.253906
0 0.349121 0.307227 0.468933 0.415234
1 0.812698 0.801758 0.307465 0.340234
1 0.872528 0.170508 0.254944 0.251563
0 0.870544 0.248437 0.258911 0.2625
1 0.824402 0.291211 0.345947 0.276953
0 0.793457 0.430859 0.371338 0.276563
1 0.833923 0.432031 0.314209 0.246094
1 0.939178 0.775195 0.121643 0.387109
0 0.0798416 0.0583984 0.159683 0.116797
0 0.346146 0.10127 0.399506 0.202539
1 0.870544 0.248437 0.258911 0.2625
0 0.534889 0.315234 0.717087 0.630469
0 0.192215 0.360938 0.38443 0.340625
0 0.503845 0.653809 0.585571 0.692383
0 0.146393 0.182373 0.292786 0.307129
0 0.884827 0.276953 0.230347 0.467969
0 0.720856 0.458984 0.445129 0.432031
0 0.604515 0.564941 0.508011 0.704492
0 0.224548 0.676562 0.445129 0.24375
0 0.717682 0.167969 0.507019 0.276563
0 0.881256 0.202148 0.237488 0.359766
0 0.267792 0.870898 0.535583 0.258203
1 0.3456 0.114648 0.402184 0.197266
0 0.872528 0.170508 0.254944 0.251563
1 0.900696 0.36875 0.198608 0.572656
0 0.831543 0.369531 0.330078 0.197656
1 0.912598 0.447266 0.174805 0.653906
0 0.267345 0.0977539 0.374611 0.195508
1 0.178032 0.901563 0.356064 0.196875
0 0.341782 0.130664 0.465363 0.218359
1 0.585968 0.560059 0.51178 0.614258
0 0.498688 0.687109 0.438782 0.425781
0 0.420631 0.723437 0.366379 0.332812
0 0.888 0.842188 0.223999 0.278125
1 0.685547 0.327539 0.610962 0.648047
1 0.828568 0.352734 0.339203 0.214062
1 0.302902 0.520703 0.605804 0.572656
1 0.835632 0.747266 0.328735 0.371094
0 0.344559 0.793945 0.21225 0.358984
0 0.216217 0.255859 0.432434 0.378906
1 0.628418 0.274805 0.474487 0.519141
1 0.288818 0.507812 0.577637 0.314844
1 0.838409 0.689453 0.323181 0.313281
0 0.164642 0.153223 0.329285 0.306445
0 0.307068 0.614062 0.474487 0.225
1 0.0502853 0.0856934 0.100571 0.171387
1 0.327301 0.0184082 0.435608 0.0368164
0 0.884033 0.133887 0.231934 0.260352
0 0.839478 0.488281 0.29834 0.201562
1 0.839005 0.619531 0.321991 0.3875
1 0.916168 0.595312 0.167664 0.578125
1 0.918152 0.705859 0.163696 0.382031
0 0.0502853 0.0856934 0.100571 0.171387
0 0.88324 0.0856445 0.233521 0.171289
1 0.740295 0.329492 0.503052 0.284766
1 0.349121 0.307227 0.468933 0.415234
0 0.740295 0.329492 0.503052 0.284766
0 0.555023 0.362305 0.340393 0.424609
1 0.689911 0.304688 0.481628 0.470313
1 0.344559 0.793945 0.21225 0.358984
1 0.839478 0.488281 0.29834 0.201562
1 0.202728 0.670313 0.405457 0.228125
0 0.885025 0.896094 0.22995 0.19375
1 0.0815277 0.128125 0.163055 0.25625
0 0.915771 0.162402 0.168457 0.286133
1 0.321152 0.243164 0.505035 0.387109
0 0.565735 0.451953 0.390381 0.601562
0 0.627625 0.409473 0.452271 0.513867
1 0.921326 0.770312 0.157349 0.351562
1 0.40625 0.044043 0.441956 0.0880859
0 0.759338 0.378223 0.458618 0.281055
1 0.369949 0.604297 0.739899 0.791406
0 0.355667 0.685938 0.711334 0.576563
0 0.221375 0.814062 0.442749 0.33125
1 0.12011 0.840234 0.240219 0.319531
0 0.900696 0.36875 0.198608 0.572656
1 0.710938 0.292773 0.566528 0.291016
0 0.217804 0.643359 0.435608 0.197656
0 0.83313 0.801562 0.315796 0.298438
0 0.144012 0.899219 0.288025 0.201562
0 0.936401 0.920313 0.127197 0.159375
0 0.920532 0.221094 0.158936 0.345313
1 0.692688 0.380078 0.46814 0.396875
0 0.319763 0.539062 0.506226 0.253125
0 0.248749 0.829492 0.417358 0.262891
0 0.12011 0.840234 0.240219 0.319531
1 0.20015 0.0410156 0.400299 0.0820312
0 0.572083 0.026709 0.420532 0.053418
0 0.92926 0.291992 0.141479 0.375391
1 0.90625 0.459766 0.1875 0.752344
1 0.420631 0.723437 0.366379 0.332812
1 0.291397 0.908203 0.578827 0.183594
1 0.0798416 0.0583984 0.159683 0.116797
0 0.447609 0.139648 0.640915 0.279297
0 0.659363 0.499316 0.550659 0.545117
0 0.747833 0.802344 0.226135 0.273438
1 0.66571 0.023584 0.411011 0.047168
1 0.838806 0.0428711 0.322388 0.0857422
0 0.517334 0.314453 0.38562 0.519531
0 0.249344 0.583594 0.498688 0.31875
1 0.936401 0.920313 0.127197 0.159375
1 0.583984 0.352734 0.828369 0.705469
0 0.689911 0.304688 0.481628 0.470313
0 0.136772 0.886328 0.273544 0.227344
1 0.869629 0.0949219 0.222168 0.189844
1 0.216217 0.255859 0.432434 0.378906
0 0.464966 0.240234 0.669678 0.457812
0 0.287678 0.80918 0.287132 0.203516
0 0.939178 0.775195 0.121643 0.387109
1 0.868561 0.953125 0.262878 0.09375
0 0.0815277 0.128125 0.163055 0.25625
1 0.799805 0.035791 0.391968 0.071582
0 0.439972 0.317187 0.559387 0.492188
0 0.92926 0.351367 0.141479 0.411328
1 0.747833 0.802344 0.226135 0.273438
1 0.16861 0.0620117 0.337219 0.124023
1 0.57605 0.657031 0.545898 0.685938
0 0.318176 0.892969 0.636353 0.214062
0 0.156212 0.405371 0.312424 0.412695
1 0.627625 0.409473 0.452271 0.513867
1 0.649445 0.513281 0.564148 0.514063
1 0.115746 0.793555 0.231491 0.412891
1 0.747833 0.0256836 0.376892 0.0513672
0 0.628021 0.131055 0.365784 0.244141
0 0.401489 0.63125 0.706177 0.7375
0 0.883636 0.705469 0.232727 0.301562
0 0.918152 0.705859 0.163696 0.382031
0 0.216019 0.8875 0.432037 0.20625
0 0.291397 0.908203 0.578827 0.183594
0 0.674438 0.10625 0.412598 0.2125
0 0.338409 0.800781 0.195984 0.207813
0 0.27533 0.861133 0.550659 0.277734
1 0.885025 0.896094 0.22995 0.19375
1 0.480934 0.0443359 0.385422 0.0886719
0 0.729584 0.0892578 0.400696 0.178516
0 0.502258 0.282422 0.523682 0.502344
0 0.510986 0.419922 0.405457 0.541406
1 0.464966 0.596094 0.718872 0.807813
1 0.319763 0.539062 0.506226 0.253125
0 0.752991 0.758594 0.253906 0.329688
0 0.495117 0.131445 0.630005 0.262891
0 0.918945 0.110645 0.162109 0.217773
1 0.517334 0.314453 0.38562 0.519531
0 0.227325 0.761719 0.454651 0.384375
1 0.0862885 0.16875 0.172577 0.3375
0 0.788895 0.0840332 0.389984 0.168066
0 0.282867 0.12207 0.335632 0.212891
0 0.824524 0.179297 0.350952 0.267578
1 0.555023 0.362305 0.340393 0.424609
1 0.759338 0.378223 0.458618 0.281055
0 0.925293 0.421484 0.149414 0.538281
0 0.916168 0.595312 0.167664 0.578125
1 0.485199 0.704297 0.40387 0.441406
0 0.496704 0.732422 0.371338 0.371094
1 0.216019 0.8875 0.432037 0.20625
0 0.520111 0.204688 0.673645 0.409375
0 0.90625 0.459766 0.1875 0.752344
1 0.401489 0.63125 0.706177 0.7375
1 0.752991 0.758594 0.253906 0.329688
1 0.572083 0.026709 0.420532 0.053418
0 0.92688 0.079541 0.14624 0.159082
1 0.146393 0.182373 0.292786 0.307129
1 0.136772 0.886328 0.273544 0.227344
0 0.764099 0.13584 0.42688 0.256445
1 0.0845032 0.375781 0.169006 0.61875
1 0.565735 0.451953 0.390381 0.601562
1 0.720856 0.458984 0.445129 0.432031
1 0.227524 0.504297 0.455048 0.227344
0 0.766479 0.536035 0.412598 0.541992
0 0.912598 0.517187 0.174805 0.6625
1 0.450684 0.902344 0.407837 0.171875
1 0.348923 0.396191 0.697845 0.629492
1 0.510986 0.419922 0.405457 0.541406
0 0.185867 0.800586 0.371735 0.398828
1 0.702606 0.190234 0.556213 0.380469
1 0.807739 0.44375 0.349121 0.31875
0 0.538757 0.686719 0.545898 0.557813
0 0.835632 0.978125 0.328735 0.04375
0 0.845947 0.135254 0.308105 0.259961
1 0.16861 0.767187 0.337219 0.421875
1 0.227325 0.761719 0.454651 0.384375
0 0.154625 0.882812 0.30925 0.2125
1 0.542328 0.253906 0.741882 0.507812
1 0.502258 0.282422 0.523682 0.502344
1 0.857452 0.489844 0.285095 0.288281
0 0.921326 0.770312 0.157349 0.351562
1 0.318176 0.892969 0.636353 0.214062
0 0.242054 0.188623 0.320457 0.304004
0 0.466553 0.120215 0.490356 0.24043
1 0.0826187 0.240039 0.165237 0.480078
1 0.357254 0.492188 0.629608 0.745313
1 0.439972 0.317187 0.559387 0.492188
0 0.152443 0.338672 0.304886 0.310937
0 0.450287 0.533594 0.641113 0.810938
1 0.907837 0.576563 0.184326 0.64375
1 0.883636 0.705469 0.232727 0.301562
1 0.648254 0.775781 0.445923 0.389062
1 0.0767174 0.775 0.153435 0.45
1 0.248749 0.829492 0.417358 0.262891
0 0.407837 0.797656 0.336426 0.24375
0 0.900696 0.758984 0.198608 0.438281
1 0.910217 0.686328 0.179565 0.453906
1 0.336823 0.807813 0.19281 0.232812
0 0.422119 0.848437 0.363403 0.240625
0 0.143219 0.838281 0.286438 0.323438
1 0.900696 0.758984 0.198608 0.438281
1 0.437195 0.919922 0.426086 0.160156
1 0.307068 0.614062 0.474487 0.225
0 0.861221 0.541406 0.277557 0.339063
1 0.862808 0.860937 0.274384 0.196875
0 0.115746 0.793555 0.231491 0.412891
0 0.437195 0.919922 0.426086 0.160156
0 0.0858917 0.197266 0.171783 0.394531
0 0.568512 0.14082 0.702209 0.281641
1 0.0800896 0.708203 0.160179 0.583594
1 0.293381 0.863281 0.586761 0.273438
0 0.868561 0.953125 0.262878 0.09375
1 0.242054 0.188623 0.320457 0.304004
1 0.450287 0.533594 0.641113 0.810938
1 0.249344 0.583594 0.498688 0.31875
0 0.907837 0.576563 0.184326 0.64375
1 0.835632 0.978125 0.328735 0.04375
0 0.725616 0.635938 0.443542 0.503125
1 0.143219 0.838281 0.286438 0.323438
1 0.355667 0.685938 0.711334 0.576563
0 0.438683 0.748438 0.293777 0.323438
0 0.0872803 0.770508 0.174561 0.458984
1 0.131912 0.146094 0.263824 0.292188
1 0.0844536 0.504785 0.168907 0.773242
1 0.561371 0.724219 0.521301 0.423438
1 0.629211 0.729688 0.507812 0.378125
1 0.888 0.842188 0.223999 0.278125
1 0.156212 0.405371 0.312424 0.412695
0 0.910217 0.686328 0.179565 0.453906
1 0.684753 0.246484 0.590332 0.492969
0 0.0846519 0.324414 0.169304 0.601172
0 0.186661 0.330273 0.373322 0.500391
0 0.836426 0.419922 0.327148 0.349219
1 0.60144 0.630078 0.588745 0.571094
1 0.154625 0.882812 0.30925 0.2125
1 0.489662 0.326562 0.666306 0.6125
1 0.824524 0.179297 0.350952 0.267578
1 0.766479 0.536035 0.412598 0.541992
0 0.571686 0.921094 0.443542 0.157813
1 0.503448 0.183252 0.0983887 0.0991211
0 0.271164 0.695312 0.0765686 0.075
0 0.413391 0.628906 0.0507812 0.0429688
0 0.411804 0.634375 0.0603027 0.0546875
1 0.0518723 0.315234 0.103745 0.116406
0 0.410217 0.634375 0.0507812 0.0453125
1 0.483612 0.178174 0.0983887 0.107715
1 0.778381 0.621094 0.14917 0.159375
1 0.0691299 0.345508 0.13826 0.176172
1 0.76886 0.597656 0.139648 0.124219
1 0.802979 0.628906 0.196777 0.161719
1 0.0405159 0.301562 0.0810318 0.0972656
0 0.31163 0.659766 0.0345154 0.0460938
0 0.699829 0.854688 0.347534 0.257812
0 0.291794 0.678906 0.059906 0.0515625
0 0.125961 0.919141 0.251923 0.161719
0 0.107117 0.745313 0.0416565 0.053125
0 0.798935 0.155469 0.40213 0.310937
1 0.276123 0.627344 0.155518 0.151562
0 0.219788 0.363477 0.439575 0.477734
0 0.705383 0.757031 0.471313 0.426562
0 0.252518 0.611719 0.279694 0.454688
0 0.0863876 0.932813 0.172775 0.134375
0 0.0954132 0.121973 0.190826 0.243945
0 0.968536 0.142285 0.0629272 0.28457
0 0.658569 0.214258 0.455444 0.383984
0 0.781677 0.215234 0.436646 0.430469
0 0.276123 0.627344 0.155518 0.151562
1 0.161667 0.920313 0.323334 0.159375
0 0.752594 0.123242 0.375305 0.246484
0 0.796432 0.844531 0.327301 0.264062
0 0.507019 0.155566 0.153931 0.116992
0 0.616516 0.154785 0.361816 0.15332
1 0.507019 0.155566 0.153931 0.116992
0 0.526855 0.19043 0.401489 0.179297
0 0.500771 0.589746 0.26799 0.43457
0 0.32016 0.630469 0.187256 0.153906
0 0.857254 0.911719 0.285492 0.176563
0 0.257675 0.692187 0.0837097 0.0851562
0 0.238434 0.316748 0.475281 0.349316
0 0.783936 0.739062 0.422119 0.453125
1 0.125961 0.919141 0.251923 0.161719
0 0.161667 0.920313 0.323334 0.159375
0 0.729187 0.183008 0.407837 0.366016
0 0.357056 0.599219 0.518921 0.465625
0 0.231243 0.616016 0.189735 0.467969
0 0.187206 0.632422 0.292091 0.15625
0 0.919739 0.915625 0.160522 0.16875
0 0.53479 0.522656 0.444336 0.517187
0 0.720459 0.545313 0.428467 0.371875
1 0.253113 0.626562 0.102356 0.153125
0 0.636353 0.839258 0.306274 0.280859
0 0.694672 0.874219 0.438782 0.221875
0 0.157799 0.161035 0.315598 0.32207
0 0.843567 0.191016 0.312866 0.382031
0 0.536377 0.264453 0.400696 0.292969
1 0.252518 0.611719 0.279694 0.454688
1 0.32016 0.630469 0.187256 0.153906
0 0.162659 0.295117 0.325317 0.517578
1 0.219788 0.363477 0.439575 0.477734
0 0.723236 0.417969 0.4245 0.446094
0 0.226879 0.635156 0.169899 0.164062
0 0.59668 0.812695 0.291992 0.230859
0 0.685547 0.151758 0.423706 0.303516
0 0.543121 0.323047 0.413391 0.259375
0 0.242004 0.580078 0.396729 0.424219
0 0.606995 0.540723 0.496704 0.41543
0 0.152344 0.863281 0.304688 0.273438
0 0.539551 0.710156 0.503052 0.35
0 0.230301 0.125977 0.429657 0.251953
0 0.247955 0.444141 0.495911 0.357031
0 0.253113 0.626562 0.102356 0.153125
1 0.857254 0.911719 0.285492 0.176563
0 0.728394 0.263281 0.407837 0.473437
0 0.59906 0.772656 0.487183 0.414062
0 0.821548 0.782031 0.356903 0.40625
0 0.530823 0.162598 0.165039 0.136133
0 0.592613 0.272461 0.458817 0.364453
1 0.238434 0.316748 0.475281 0.349316
0 0.613342 0.348437 0.460205 0.2875
0 0.9245 0.186523 0.151001 0.373047
0 0.781555 0.299219 0.433228 0.51875
0 0.249146 0.597754 0.498291 0.588867
0 0.410912 0.627734 0.111282 0.149219
1 0.410912 0.627734 0.111282 0.149219
0 0.439674 0.621484 0.153732 0.155469
1 0.705383 0.757031 0.471313 0.426562
1 0.616516 0.154785 0.361816 0.15332
1 0.658569 0.214258 0.455444 0.383984
0 0.524475 0.594531 0.398315 0.253125
0 0.72522 0.673828 0.453857 0.569531
0 0.502655 0.760938 0.520508 0.385938
0 0.131912 0.144824 0.263824 0.289648
0 0.203522 0.475 0.407043 0.244531
1 0.357056 0.599219 0.518921 0.465625
0 0.775208 0.614453 0.411011 0.386719
0 0.162262 0.640234 0.324524 0.150781
0 0.40387 0.625391 0.0610962 0.0648438
1 0.0954132 0.121973 0.190826 0.243945
0 0.709351 0.101758 0.387207 0.203516
1 0.153534 0.162988 0.307068 0.325977
0 0.666504 0.370313 0.466553 0.340625
0 0.151649 0.889063 0.303299 0.221875
0 0.836823 0.924219 0.326355 0.151562
0 0.283264 0.694531 0.0722046 0.059375
0 0.606995 0.463965 0.487183 0.392383
1 0.439674 0.621484 0.153732 0.155469
1 0.187206 0.632422 0.292091 0.15625
0 0.134094 0.100684 0.268188 0.201367
0 0.556213 0.111328 0.25708 0.222656
1 0.530823 0.162598 0.165039 0.136133
0 0.64032 0.138477 0.360229 0.225391
0 0.696259 0.446777 0.434021 0.339258
0 0.566528 0.792188 0.372925 0.204688
0 0.960999 0.895312 0.0780029 0.209375
0 0.287628 0.914844 0.445923 0.170312
0 0.16375 0.73125 0.327499 0.3125
0 0.395142 0.798633 0.332458 0.202734
0 0.828491 0.835156 0.343018 0.29375
0 0.472504 0.576563 0.191223 0.253125
0 0.658569 0.707812 0.507812 0.45
0 0.405853 0.761719 0.330872 0.290625
0 0.475182 0.0581055 0.471512 0.116211
0 0.918152 0.138477 0.163696 0.276953
0 0.178627 0.579687 0.357254 0.283594
0 0.122192 0.871484 0.244385 0.257031
0 0.836426 0.88125 0.327148 0.2
0 0.19043 0.924219 0.380859 0.151562
0 0.617706 0.305469 0.411804 0.267969
0 0.294571 0.117676 0.436005 0.235352
0 0.191422 0.180859 0.382843 0.326172
1 0.162361 0.369531 0.324722 0.469531
0 0.77243 0.502734 0.438782 0.449219
0 0.218597 0.495996 0.437195 0.406445
1 0.151649 0.889063 0.303299 0.221875
1 0.694672 0.874219 0.438782 0.221875
0 0.540741 0.0640625 0.442749 0.128125
0 0.42807 0.106055 0.448303 0.212109
0 0.506622 0.165039 0.114258 0.130078
0 0.956238 0.245898 0.0875244 0.405078
0 0.918152 0.521777 0.163696 0.431445
0 0.809647 0.589941 0.380707 0.463867
0 0.599854 0.647656 0.4729 0.417188
1 0.812225 0.775 0.375549 0.3875
1 0.752594 0.123242 0.375305 0.246484
1 0.226879 0.635156 0.169899 0.164062
1 0.182594 0.14375 0.365189 0.2875
0 0.92688 0.47334 0.14624 0.442383
0 0.654602 0.50166 0.496704 0.45293
0 0.916565 0.631641 0.16687 0.436719
0 0.174561 0.691016 0.349121 0.238281
0 0.38443 0.917578 0.457825 0.164844
1 0.685547 0.151758 0.423706 0.303516
0 0.860229 0.338086 0.279541 0.391016
0 0.146591 0.60625 0.293182 0.342187
0 0.818176 0.664062 0.363647 0.485938
0 0.624054 0.79043 0.346741 0.356641
1 0.230301 0.125977 0.429657 0.251953
1 0.64032 0.138477 0.360229 0.225391
0 0.143814 0.417285 0.287628 0.393555
1 0.59906 0.772656 0.487183 0.414062
1 0.828491 0.835156 0.343018 0.29375
0 0.861618 0.404004 0.276764 0.406055
0 0.7789 0.424609 0.4422 0.505469
0 0.349121 0.702734 0.452271 0.228906
1 0.636353 0.839258 0.306274 0.280859
1 0.687927 0.84668 0.369751 0.297266
0 0.392761 0.850195 0.369751 0.227734
1 0.836426 0.88125 0.327148 0.2
1 0.919739 0.915625 0.160522 0.16875
0 0.835632 0.276953 0.328735 0.528906
0 0.933624 0.328906 0.132751 0.425781
0 0.934021 0.777344 0.131958 0.415625
0 0.857056 0.821094 0.285889 0.357812
0 0.528046 0.761328 0.432434 0.311719
0 0.607094 0.0958984 0.56633 0.191797
1 0.798935 0.155469 0.40213 0.310937
0 0.450783 0.130469 0.26799 0.180469
0 0.138855 0.239648 0.27771 0.388672
1 0.526855 0.19043 0.401489 0.179297
0 0.497398 0.2375 0.420731 0.257031
0 0.183685 0.441797 0.367371 0.285937
1 0.295563 0.619434 0.542725 0.633008
0 0.444733 0.594531 0.527649 0.660937
0 0.922119 0.694531 0.155762 0.401563
0 0.397522 0.740234 0.469727 0.346094
0 0.559387 0.842383 0.413391 0.240234
0 0.693878 0.921094 0.462585 0.157813
0 0.862015 0.255469 0.27597 0.349219
0 0.868362 0.489746 0.263275 0.40957
1 0.231243 0.616016 0.189735 0.467969
0 0.856064 0.628125 0.287872 0.415625
0 0.858246 0.696875 0.283508 0.390625
0 0.428467 0.669922 0.461792 0.258594
1 0.539551 0.710156 0.503052 0.35
0 0.77124 0.871875 0.431641 0.215625
1 0.287628 0.914844 0.445923 0.170312
0 0.476471 0.155566 0.202332 0.115039
0 0.461891 0.188086 0.340988 0.163281
0 0.930054 0.394531 0.139893 0.428125
0 0.806076 0.462891 0.387848 0.475781
1 0.247955 0.444141 0.495911 0.357031
0 0.772034 0.81875 0.360229 0.329688
1 0.19043 0.924219 0.380859 0.151562
1 0.836823 0.924219 0.326355 0.151562
0 0.38076 0.0516602 0.392166 0.10332
0 0.603027 0.117969 0.331665 0.235938
1 0.500771 0.589746 0.26799 0.43457
0 0.747833 0.93125 0.464172 0.1375
0 0.62088 0.0709473 0.386414 0.141895
0 0.844559 0.121582 0.310883 0.243164
0 0.671661 0.273047 0.453064 0.291406
1 0.472504 0.576563 0.191223 0.253125
1 0.778778 0.835938 0.375305 0.2875
1 0.968536 0.142285 0.0629272 0.28457
1 0.556213 0.111328 0.25708 0.222656
1 0.729187 0.183008 0.407837 0.366016
1 0.726013 0.480859 0.428467 0.394531
1 0.53598 0.553125 0.409424 0.425
0 0.229309 0.681641 0.398315 0.196094
1 0.747833 0.93125 0.464172 0.1375
1 0.781555 0.299219 0.433228 0.51875
1 0.606995 0.540723 0.496704 0.41543
1 0.0863876 0.932813 0.172775 0.134375
0 0.821945 0.0960938 0.35611 0.192188
1 0.843567 0.191016 0.312866 0.382031
1 0.781677 0.215234 0.436646 0.430469
0 0.136475 0.544531 0.272949 0.357812
1 0.178627 0.579687 0.357254 0.283594
0 0.369354 0.657812 0.395142 0.220313
1 0.693878 0.921094 0.462585 0.157813
1 0.774811 0.557031 0.167419 0.196875
1 0.131912 0.144824 0.263824 0.289648
0 0.964172 0.18252 0.0716553 0.365039
1 0.709351 0.101758 0.387207 0.203516
0 0.141235 0.349414 0.282471 0.444922
0 0.835831 0.539062 0.328339 0.451562
1 0.162262 0.642969 0.324524 0.176563
1 0.658569 0.707812 0.507812 0.45
1 0.624054 0.79043 0.346741 0.356641
1 0.506622 0.165039 0.114258 0.130078
1 0.138855 0.239648 0.27771 0.388672
1 0.728394 0.263281 0.407837 0.473437
1 0.724426 0.407129 0.415771 0.44043
1 0.869156 0.427734 0.261688 0.423438
0 0.129333 0.845508 0.258667 0.308984
0 0.314407 0.844531 0.405853 0.1875
0 0.384033 0.885938 0.415771 0.228125
1 0.662933 0.44375 0.49115 0.342187
0 0.192215 0.791992 0.38443 0.203516
1 0.59668 0.812695 0.291992 0.230859
0 0.292786 0.891406 0.409424 0.217187
0 0.0935287 0.177637 0.187057 0.355273
0 0.234268 0.216406 0.461395 0.216406
1 0.528046 0.563672 0.342773 0.310156
0 0.314209 0.649219 0.212646 0.11875
0 0.277313 0.650391 0.168213 0.124219
0 0.191025 0.725 0.367767 0.225
0 0.937988 0.828711 0.124023 0.342578
0 0.862213 0.884766 0.275574 0.230469
1 0.860229 0.338086 0.279541 0.391016
1 0.536377 0.264453 0.400696 0.292969
1 0.143814 0.417285 0.287628 0.393555
0 0.132904 0.426465 0.265808 0.300195
0 0.503448 0.91875 0.464966 0.1625
0 0.195538 0.0562988 0.3881 0.112598
1 0.0943222 0.369922 0.188644 0.383594
1 0.666504 0.370313 0.466553 0.340625
1 0.132904 0.426465 0.265808 0.300195
1 0.859238 0.541504 0.281525 0.407617
0 0.113167 0.455078 0.226334 0.249219
0 0.285049 0.64375 0.223358 0.15
1 0.502655 0.760938 0.520508 0.385938
0 0.609375 0.88125 0.450684 0.2125
1 0.77124 0.871875 0.431641 0.215625
1 0.38443 0.917578 0.457825 0.164844
0 0.106621 0.758203 0.043045 0.0507812
0 0.13945 0.0629395 0.2789 0.125879
1 0.294571 0.117676 0.436005 0.235352
1 0.450783 0.130469 0.26799 0.180469
0 0.832458 0.378516 0.335083 0.496094
0 0.128937 0.391309 0.257874 0.42207
0 0.0912476 0.461719 0.182495 0.388281
1 0.772827 0.447266 0.439575 0.478906
1 0.720459 0.545313 0.428467 0.371875
0 0.145996 0.683594 0.291992 0.364062
1 0.122192 0.871484 0.244385 0.257031
1 0.9245 0.186523 0.151001 0.373047
1 0.835632 0.276953 0.328735 0.528906
1 0.775208 0.614453 0.411011 0.386719
1 0.857056 0.821094 0.285889 0.357812
0 0.613243 0.917578 0.50325 0.164844
0 0.274734 0.0573242 0.423309 0.114648
1 0.603027 0.117969 0.331665 0.235938
1 0.141235 0.313867 0.282471 0.469922
1 0.918152 0.521777 0.163696 0.431445
1 0.242004 0.580078 0.396729 0.424219
1 0.922119 0.694531 0.155762 0.401563
1 0.482422 0.148828 0.104736 0.0730469
0 0.0943222 0.369922 0.188644 0.383594
1 0.502258 0.181055 0.0880737 0.090625
0 0.269974 0.7 0.0591125 0.0609375
1 0.868042 0.472656 0.072998 0.071875
1 0.270172 0.700391 0.0622864 0.0625
1 0.106522 0.317773 0.070816 0.0691406
1 0.0627327 0.320508 0.0619888 0.0671875
1 0.491943 0.179102 0.0698242 0.0785156
1 0.871216 0.137109 0.0460205 0.0410156
0 0.276123 0.683594 0.0610962 0.046875
0 0.814606 0.141992 0.370789 0.283984
0 0.838211 0.162988 0.323578 0.325977
0 0.0596581 0.95625 0.119316 0.0875
0 0.743073 0.135547 0.392761 0.271094
0 0.15522 0.933984 0.31044 0.132031
1 0.836426 0.874219 0.327148 0.207813
0 0.129234 0.898438 0.258469 0.1625
0 0.72998 0.926953 0.409424 0.146094
1 0.840591 0.168848 0.318817 0.337695
0 0.26189 0.600391 0.241905 0.311719
1 0.495514 0.199414 0.107117 0.105859
0 0.0228367 0.0740723 0.0456734 0.148145
1 0.814606 0.141992 0.370789 0.283984
0 0.753784 0.895312 0.40625 0.140625
0 0.298737 0.616797 0.164246 0.302344
1 0.743073 0.135547 0.392761 0.271094
0 0.319019 0.558984 0.358543 0.415625
0 0.81012 0.875 0.27771 0.1625
0 0.21463 0.676953 0.327698 0.364844
0 0.66452 0.895312 0.381653 0.146875
0 0.22316 0.601562 0.347931 0.3625
0 0.836426 0.874219 0.327148 0.207813
0 0.0560379 0.0438477 0.112076 0.0876953
0 0.964172 0.0757812 0.0716553 0.151562
0 0.840393 0.714063 0.319214 0.4375
0 0.868164 0.898438 0.263672 0.203125
1 0.868164 0.898438 0.263672 0.203125
0 0.737518 0.152441 0.335632 0.300195
0 0.79425 0.152441 0.295166 0.29668
0 0.229309 0.935938 0.384033 0.128125
0 0.847534 0.164746 0.304932 0.326758
1 0.834717 0.876758 0.326904 0.246484
0 0.165535 0.896094 0.33107 0.1875
0 0.674835 0.12002 0.437195 0.240039
0 0.379669 0.574121 0.365784 0.43457
0 0.631989 0.933594 0.392761 0.132812
0 0.81163 0.933203 0.37674 0.133594
0 0.688721 0.600391 0.423706 0.474219
0 0.864197 0.166211 0.271606 0.332422
0 0.243393 0.546777 0.398712 0.414258
0 0.228317 0.629687 0.268982 0.234375
1 0.773621 0.878906 0.231689 0.14375
0 0.101364 0.938281 0.202728 0.123438
1 0.15522 0.933984 0.31044 0.132031
0 0.25827 0.707031 0.0460205 0.0484375
1 0.667297 0.556934 0.379272 0.489258
0 0.364594 0.644922 0.211853 0.366406
0 0.797546 0.641016 0.404907 0.435156
0 0.611359 0.602441 0.438782 0.468555
0 0.288223 0.639844 0.186859 0.2125
0 0.773621 0.878906 0.231689 0.14375
0 0.905457 0.913281 0.189087 0.173438
1 0.779175 0.928125 0.40625 0.14375
1 0.702209 0.512109 0.368164 0.390625
0 0.481728 0.590234 0.3759 0.424219
0 0.159882 0.713281 0.319763 0.440625
0 0.794174 0.716797 0.411652 0.450781
0 0.834717 0.876758 0.326904 0.246484
1 0.753784 0.895312 0.40625 0.140625
1 0.0228367 0.0740723 0.0456734 0.148145
0 0.145401 0.132812 0.290802 0.265625
1 0.737518 0.152441 0.335632 0.300195
1 0.129234 0.898438 0.258469 0.1625
0 0.593903 0.111719 0.359436 0.223438
1 0.81012 0.875 0.27771 0.1625
1 0.666901 0.429004 0.34198 0.349805
0 0.562561 0.896094 0.369751 0.154687
0 0.296753 0.939844 0.368164 0.120312
1 0.171387 1 0.125366 0
0 0.868958 0.272998 0.262085 0.358691
1 0.319019 0.558984 0.358543 0.415625
0 0.345551 0.714063 0.197571 0.36875
0 0.865784 0.910156 0.268433 0.179688
1 0.0596581 0.95625 0.119316 0.0875
1 0.944733 0.999609 0.110535 0.00078125
1 0.601837 0.472266 0.411804 0.449219
1 0.744263 0.591797 0.417358 0.447656
0 0.128937 0.155859 0.257874 0.311719
1 0.79425 0.152441 0.295166 0.29668
0 0.454254 0.526465 0.407837 0.445508
0 0.520905 0.5375 0.391174 0.440625
0 0.702209 0.512109 0.368164 0.390625
0 0.788498 0.562891 0.409821 0.371094
0 0.833252 0.805859 0.333496 0.388281
1 0.68158 0.928125 0.417358 0.14375
0 0.538658 0.105664 0.335037 0.211328
0 0.870743 0.212695 0.258514 0.327734
0 0.111084 0.435547 0.222168 0.292969
0 0.453857 0.658594 0.320557 0.401563
0 0.837418 0.239453 0.325165 0.378125
0 0.11396 0.48584 0.227921 0.298633
1 0.26189 0.600391 0.241905 0.311719
0 0.194 0.767187 0.388 0.465625
0 0.279694 0.771094 0.430847 0.44375
0 0.115746 0.899219 0.231491 0.201562
0 0.24498 0.880859 0.370148 0.238281
0 0.185223 0.108398 0.293678 0.216797
0 0.139153 0.889844 0.278305 0.220313
0 0.412697 0.878711 0.39653 0.242578
0 0.113564 0.337305 0.227127 0.292578
1 0.243393 0.546777 0.398712 0.414258
1 0.788498 0.562891 0.409821 0.371094
0 0.701813 0.71875 0.460999 0.45
0 0.86142 0.853711 0.277161 0.292578
0 0.193951 0.882031 0.34922 0.235938
1 0.721252 0.882812 0.271362 0.146875
1 0.66452 0.895312 0.381653 0.146875
1 0.229309 0.935938 0.384033 0.128125
0 0.365784 0.944141 0.347534 0.111719
0 0.562561 0.935156 0.349121 0.129688
0 0.112373 0.186719 0.224747 0.29375
0 0.178528 0.601172 0.357056 0.396094
0 0.843765 0.632812 0.312469 0.390625
0 0.420929 0.0970703 0.325317 0.194141
0 0.132904 0.285498 0.265808 0.37041
0 0.359436 0.77832 0.355469 0.415234
0 0.82869 0.892969 0.342621 0.154687
1 0.82869 0.892969 0.342621 0.154687
0 0.361023 0.105273 0.352295 0.210547
1 0.674835 0.12002 0.437195 0.240039
0 0.547882 0.482812 0.413391 0.467187
0 0.554626 0.0383789 0.255493 0.0767578
1 0.964172 0.0757812 0.0716553 0.151562
0 0.108505 0.0988281 0.21701 0.197656
0 0.27409 0.110352 0.314308 0.220703
1 0.847534 0.164746 0.304932 0.326758
1 0.755371 0.495996 0.369751 0.351758
1 0.22316 0.601562 0.347931 0.3625
1 0.298737 0.616797 0.164246 0.302344
1 0.159882 0.713281 0.319763 0.440625
0 0.118126 0.865234 0.236252 0.269531
1 0.115746 0.899219 0.231491 0.201562
0 0.479347 0.880469 0.358444 0.228125
0 0.0892639 0.0362305 0.178528 0.0724609
0 0.868759 0.351367 0.262482 0.325391
0 0.135483 0.389062 0.270966 0.3625
0 0.577637 0.660156 0.422119 0.432813
0 0.424896 0.947656 0.345947 0.104687
0 0.114159 0.0370605 0.227921 0.0741211
0 0.122192 0.538281 0.244385 0.30625
1 0.379669 0.574121 0.365784 0.43457
0 0.721252 0.882812 0.271362 0.146875
1 0.165535 0.896094 0.33107 0.1875
1 0.101364 0.938281 0.202728 0.123438
0 0.291992 0.677344 0.0436401 0.0359375
0 0.599854 0.0412109 0.268188 0.0824219
0 0.860825 0.7875 0.278351 0.409375
1 0.139153 0.889844 0.278305 0.220313
1 0.866379 0.17627 0.267242 0.352539
0 0.666901 0.429004 0.34198 0.349805
0 0.801514 0.78418 0.396973 0.412891
0 0.0301018 0.129785 0.0602036 0.25957
0 0.250137 0.13418 0.30191 0.268359
1 0.611359 0.602441 0.438782 0.468555
0 0.131714 0.607813 0.263428 0.340625
1 0.193951 0.882031 0.34922 0.235938
0 0.927673 0.896875 0.144653 0.203125
1 0.865784 0.910156 0.268433 0.179688
0 0.482819 0.950391 0.346741 0.0992187
1 0.587158 0.0362305 0.0793457 0.0724609
1 0.192215 0.999609 0.128143 0.00078125
0 0.505829 0.0368164 0.246765 0.0736328
0 0.755371 0.495996 0.369751 0.351758
1 0.806152 0.47666 0.350708 0.27793
1 0.21463 0.676953 0.327698 0.364844
0 0.395538 0.847656 0.337219 0.304688
1 0.86142 0.853711 0.277161 0.292578
1 0.24498 0.880859 0.370148 0.238281
0 0.160675 0.037793 0.231689 0.0755859
0 0.774414 0.213086 0.347534 0.326953
1 0.868958 0.272998 0.262085 0.358691
0 0.605804 0.723828 0.473694 0.460156
1 0.786911 0.892578 0.257477 0.214844
0 0.102455 0.911719 0.20491 0.176563
1 0.927673 0.896875 0.144653 0.203125
0 0.51297 0.89375 0.392761 0.171875
1 0.296753 0.939844 0.368164 0.120312
0 0.871933 0.40625 0.256134 0.328906
1 0.502159 0.468359 0.411209 0.441406
0 0.786911 0.892578 0.257477 0.214844
1 0.0491943 0.321875 0.0983887 0.0828125
1 0.797546 0.641016 0.404907 0.435156
0 0.867371 0.680469 0.265259 0.376563
0 0.115746 0.838867 0.231491 0.322266
0 0.799011 0.838867 0.398315 0.322266
1 0.119217 0.898438 0.238434 0.203125
0 0.0831642 0.928906 0.166328 0.142188
0 0.302258 0.136133 0.316689 0.272266
0 0.958618 0.289893 0.0827637 0.312402
1 0.454254 0.526465 0.407837 0.445508
0 0.431244 0.738281 0.36261 0.417188
0 0.712524 0.789844 0.484009 0.396875
1 0.570099 0.889844 0.345154 0.1875
1 0.905457 0.913281 0.189087 0.173438
0 0.654999 0.0456543 0.270569 0.0913086
0 0.94751 0.517969 0.10498 0.267188
1 0.178528 0.601172 0.357056 0.396094
0 0.953064 0.701563 0.0938721 0.289062
0 0.450287 0.0364746 0.2547 0.0729492
0 0.958618 0.232812 0.0827637 0.290625
0 0.950684 0.591797 0.0986328 0.292969
1 0.131714 0.607813 0.263428 0.340625
0 0.132507 0.682422 0.265015 0.369531
1 0.818573 0.716406 0.362854 0.457812
0 0.304688 0.842969 0.457825 0.314063
0 0.945923 0.825781 0.108154 0.332812
0 0.946716 0.858594 0.106567 0.282813
0 0.941956 0.147559 0.116089 0.295117
1 0.837418 0.239453 0.325165 0.378125
1 0.561768 0.54834 0.398315 0.454883
0 0.959412 0.641797 0.0811768 0.252344
1 0.132507 0.682422 0.265015 0.369531
1 0.288223 0.639844 0.186859 0.2125
0 0.740295 0.870313 0.357056 0.259375
1 0.941956 0.147559 0.116089 0.295117
1 0.870743 0.212695 0.258514 0.327734
1 0.697845 0.191406 0.364197 0.334766
0 0.174759 0.221143 0.279694 0.37959
0 0.237244 0.271094 0.288025 0.389062
0 0.960205 0.376172 0.0795898 0.270312
0 0.136475 0.488281 0.272949 0.364844
0 0.795044 0.863281 0.276123 0.273438
1 0.365784 0.944141 0.347534 0.111719
1 0.14917 0.432813 0.0603027 0.0617188
0 0.208084 0.0382324 0.239227 0.0764648
0 0.410614 0.133301 0.337219 0.266602
0 0.963379 0.332031 0.0732422 0.254687
1 0.70578 0.648438 0.414978 0.425
1 0.228317 0.629687 0.268982 0.234375
1 0.859238 0.824609 0.281525 0.350781
1 0.359238 0.879102 0.409821 0.241797
1 0.592712 0.928125 0.374512 0.14375
0 0.925293 0.967969 0.149414 0.0640625
0 0.402283 0.0369629 0.252319 0.0739258
0 0.882843 0.474902 0.234314 0.27832
0 0.960205 0.468359 0.0795898 0.241406
0 0.939575 0.789844 0.12085 0.345313
0 0.361618 0.865625 0.378876 0.26875
1 0.516541 0.891406 0.360229 0.217187
1 0.0301018 0.129785 0.0602036 0.25957
1 0.364594 0.644922 0.211853 0.366406
0 0.423309 0.792383 0.422119 0.396484
0 0.462189 0.835742 0.484802 0.328516
0 0.557007 0.836133 0.480835 0.327734
0 0.337219 0.862695 0.225342 0.274609
1 0.0560379 0.0438477 0.112076 0.0876953
1 0.114159 0.0370605 0.227921 0.0741211
1 0.554626 0.0383789 0.255493 0.0767578
1 0.593903 0.111719 0.359436 0.223438
0 0.177139 0.152344 0.259064 0.304688
0 0.292587 0.513281 0.432037 0.466406
0 0.806152 0.47666 0.350708 0.27793
0 0.523781 0.733203 0.453659 0.467969
1 0.359436 0.77832 0.355469 0.415234
0 0.531517 0.855859 0.387405 0.288281
1 0.945129 0.888281 0.109741 0.223438
1 0.0892639 0.0362305 0.178528 0.0724609
0 0.876892 0.541016 0.246216 0.326562
1 0.759338 0.889063 0.218994 0.1875
1 0.931519 0.999219 0.130127 0.0015625
0 0.253708 0.0381836 0.245575 0.0763672
0 0.348328 0.0369629 0.260254 0.0739258
0 0.717285 0.0491211 0.261841 0.0982422
1 0.14431 0.111328 0.28862 0.222656
1 0.128937 0.155859 0.257874 0.311719
0 0.81282 0.279492 0.374359 0.397266
0 0.444733 0.444141 0.40387 0.407031
0 0.14679 0.548535 0.293579 0.387305
1 0.345551 0.714063 0.197571 0.36875
1 0.279694 0.771094 0.430847 0.44375
0 0.441956 0.849219 0.40387 0.301562
1 0.424896 0.947656 0.345947 0.104687
1 0.599854 0.0412109 0.268188 0.0824219
0 0.23645 0.153711 0.245972 0.307422
1 0.481728 0.590234 0.3759 0.424219
1 0.505829 0.0368164 0.246765 0.0736328
0 0.501862 0.125 0.303101 0.25
0 0.130325 0.22207 0.260651 0.385547
0 0.182148 0.324414 0.298241 0.381641
1 0.444733 0.444141 0.40387 0.407031
0 0.868164 0.600391 0.263672 0.385156
0 0.166229 0.832617 0.332458 0.334766
1 0.945923 0.825781 0.108154 0.332812
1 0.404266 0.8625 0.350708 0.275
1 0.160675 0.037793 0.231689 0.0755859
0 0.301514 0.0367676 0.252319 0.0735352
0 0.779175 0.0515137 0.244385 0.103027
1 0.958618 0.232812 0.0827637 0.290625
1 0.835037 0.766016 0.329926 0.452344
0 0.657776 0.832031 0.496704 0.335938
1 0.538658 0.105664 0.335037 0.211328
0 0.271362 0.699219 0.0698242 0.06875
1 0.504242 0.183643 0.0968018 0.0952148
0 0.699036 0.643359 0.111084 0.0976562
0 0.279495 0.69375 0.0805359 0.0710938
0 0.27533 0.708594 0.0666504 0.0703125
1 0.491943 0.182422 0.092041 0.0851562
1 0.509399 0.194531 0.0825195 0.078125
1 0.402679 0.575 0.0563354 0.05625
1 0.483215 0.171289 0.130127 0.110547
0 0.271759 0.719141 0.0658569 0.0625
0 0.900574 0.0359375 0.072998 0.071875
0 0.256287 0.696875 0.0749817 0.0609375
0 0.879868 0.739844 0.240265 0.273438
0 0.282818 0.866797 0.353981 0.266406
0 0.289215 0.680078 0.074585 0.0632813
0 0.879074 0.788281 0.241852 0.271875
0 0.132904 0.142285 0.265808 0.28457
0 0.158295 0.857227 0.316589 0.285547
0 0.878677 0.674219 0.242645 0.23125
0 0.916565 0.0685059 0.16687 0.137012
0 0.345501 0.901563 0.350807 0.196875
0 0.879868 0.24375 0.240265 0.275
0 0.489464 0.531641 0.344559 0.28125
0 0.880661 0.597266 0.238678 0.296094
0 0.885818 0.138867 0.228363 0.273047
0 0.455048 0.48916 0.36499 0.32168
0 0.388 0.877148 0.38562 0.245703
1 0.293976 0.901563 0.345947 0.196875
0 0.422913 0.525 0.360229 0.295312
0 0.400597 0.903125 0.357254 0.19375
0 0.879074 0.339453 0.241852 0.286719
0 0.269032 0.567187 0.33474 0.265625
0 0.272552 0.844531 0.272156 0.209375
0 0.108505 0.872656 0.21701 0.251563
0 0.0663528 0.940625 0.132706 0.11875
0 0.879868 0.197461 0.240265 0.277734
0 0.881058 0.520312 0.237885 0.228125
0 0.702209 0.280469 0.368164 0.267969
0 0.525665 0.489453 0.337219 0.278906
1 0.198364 0.900781 0.337219 0.198437
0 0.243393 0.900781 0.344757 0.198437
0 0.546295 0.543359 0.335632 0.289844
0 0.188248 0.845312 0.328094 0.254687
0 0.105034 0.171289 0.210068 0.227734
0 0.512177 0.421094 0.357849 0.282031
0 0.192413 0.630469 0.318573 0.278125
1 0.151352 0.902344 0.302704 0.195312
0 0.109695 0.230469 0.219391 0.2875
0 0.692688 0.231592 0.34436 0.250098
0 0.244434 0.516797 0.356956 0.288281
0 0.364594 0.515527 0.366577 0.287695
0 0.151352 0.902344 0.302704 0.195312
0 0.501564 0.589844 0.339401 0.260938
0 0.102951 0.933984 0.205902 0.132031
0 0.711731 0.333398 0.369751 0.246484
0 0.445129 0.576563 0.326904 0.2375
0 0.878281 0.876953 0.243439 0.246094
0 0.4487 0.881836 0.361816 0.236328
0 0.138855 0.957812 0.27771 0.084375
1 0.282818 0.866797 0.353981 0.266406
0 0.117035 0.131836 0.23407 0.251953
0 0.879074 0.441504 0.241852 0.295117
0 0.386414 0.578516 0.338013 0.261719
0 0.389984 0.474316 0.378479 0.318555
0 0.179668 0.575391 0.346046 0.292969
0 0.732361 0.385938 0.353882 0.284375
1 0.244434 0.516797 0.356956 0.288281
1 0.916565 0.0685059 0.16687 0.137012
1 0.400597 0.903125 0.357254 0.19375
0 0.672852 0.384375 0.363403 0.302344
0 0.585175 0.428516 0.347534 0.284375
0 0.584381 0.490723 0.330872 0.251367
0 0.130722 0.646094 0.261444 0.271875
0 0.285198 0.64375 0.351601 0.303125
0 0.244385 0.740625 0.361816 0.379687
0 0.597473 0.576563 0.357056 0.353125
1 0.132904 0.142285 0.265808 0.28457
0 0.630402 0.277002 0.361023 0.263184
0 0.880066 0.812109 0.239868 0.375781
0 0.327698 0.861719 0.304688 0.259375
0 0.439575 0.41084 0.368164 0.273633
0 0.396332 0.658203 0.346741 0.302344
0 0.109894 0.309766 0.219788 0.232812
1 0.19519 0.859766 0.353088 0.280469
0 0.110291 0.905859 0.220581 0.188281
1 0.138855 0.957812 0.27771 0.084375
0 0.639526 0.326953 0.372925 0.253906
1 0.883636 0.173438 0.232727 0.346875
0 0.610168 0.384766 0.379272 0.322656
0 0.646667 0.42959 0.336426 0.273633
0 0.699829 0.424316 0.312622 0.24668
0 0.63913 0.490625 0.329285 0.229687
0 0.55423 0.610937 0.354675 0.295312
1 0.272552 0.844531 0.272156 0.209375
1 0.388 0.877148 0.38562 0.245703
0 0.157898 0.126074 0.315796 0.252148
0 0.621277 0.176758 0.299927 0.235547
0 0.154228 0.271924 0.308456 0.303809
0 0.877289 0.538184 0.245422 0.33457
1 0.364594 0.515527 0.366577 0.287695
1 0.269032 0.567187 0.33474 0.265625
0 0.88324 0.195508 0.233521 0.391016
0 0.626434 0.22793 0.319763 0.257422
1 0.154228 0.271924 0.308456 0.303809
0 0.123779 0.378027 0.247559 0.292383
1 0.389984 0.474316 0.378479 0.318555
1 0.455048 0.48916 0.36499 0.32168
0 0.874313 0.624219 0.251373 0.417188
0 0.500671 0.705469 0.368958 0.373437
0 0.410118 0.745313 0.368362 0.378125
0 0.499084 0.90625 0.338013 0.1875
0 0.873718 0.464941 0.252563 0.410742
0 0.882248 0.739062 0.235504 0.40625
1 0.879868 0.739844 0.240265 0.273438
0 0.131714 0.744141 0.263428 0.333594
0 0.508209 0.825 0.396729 0.35
0 0.0346146 0.0550293 0.0692291 0.110059
0 0.884033 0.279883 0.231934 0.408203
0 0.780762 0.291455 0.393555 0.307715
0 0.691895 0.49375 0.314209 0.215625
0 0.446815 0.684375 0.358444 0.339063
0 0.495117 0.883594 0.3396 0.228125
0 0.473595 0.962109 0.335037 0.0757812
1 0.272156 0.695312 0.0785522 0.0703125
0 0.410316 0.810156 0.369553 0.323438
0 0.372528 0.9625 0.336426 0.075
0 0.269379 0.689062 0.0825195 0.0703125
0 0.397919 0.0908203 0.353882 0.181641
0 0.544708 0.117676 0.310242 0.235352
0 0.7034 0.19292 0.364197 0.258691
0 0.533104 0.235352 0.35408 0.282422
1 0.179668 0.575391 0.346046 0.292969
1 0.879074 0.788281 0.241852 0.271875
0 0.321747 0.958594 0.333252 0.0828125
1 0.512177 0.421094 0.357849 0.282031
1 0.157104 0.84668 0.314209 0.294141
0 0.451378 0.100977 0.35408 0.201953
1 0.188843 0.123438 0.377686 0.246875
1 0.157898 0.126074 0.315796 0.252148
0 0.784729 0.335547 0.372925 0.267969
1 0.439575 0.41084 0.368164 0.273633
1 0.880661 0.597266 0.238678 0.296094
0 0.141632 0.527344 0.283264 0.305469
1 0.422913 0.525 0.360229 0.295312
0 0.602234 0.642969 0.380859 0.335938
0 0.54203 0.839258 0.388596 0.321484
1 0.0663528 0.940625 0.132706 0.11875
0 0.222961 0.953125 0.334839 0.09375
0 0.524475 0.953516 0.3396 0.0929687
0 0.785721 0.411719 0.383636 0.33125
1 0.878677 0.674219 0.242645 0.23125
0 0.249542 0.829687 0.28009 0.285937
1 0.533104 0.235352 0.35408 0.282422
1 0.170891 0.525 0.341782 0.301562
0 0.554527 0.77832 0.409622 0.387109
0 0.142029 0.814844 0.284058 0.357812
0 0.240864 0.804688 0.356163 0.320312
0 0.591125 0.820312 0.430054 0.334375
0 0.377686 0.844922 0.326904 0.310156
0 0.434814 0.841992 0.407837 0.316016
1 0.4487 0.881836 0.361816 0.236328
1 0.210861 0.181201 0.132111 0.116504
0 0.877884 0.365625 0.244232 0.420312
1 0.489464 0.531641 0.344559 0.28125
1 0.192413 0.630469 0.318573 0.278125
1 0.577637 0.272314 0.372925 0.269434
0 0.592712 0.714844 0.40625 0.389062
0 0.302109 0.83125 0.254303 0.265625
0 0.728394 0.911719 0.287231 0.176563
0 0.834839 0.183252 0.330322 0.359277
0 0.48996 0.104785 0.32373 0.20957
0 0.131912 0.470703 0.263824 0.295312
0 0.732361 0.507422 0.334839 0.248437
0 0.311382 0.0234375 0.287331 0.046875
0 0.188843 0.123438 0.377686 0.246875
1 0.117035 0.131836 0.23407 0.251953
1 0.881058 0.520312 0.237885 0.228125
1 0.451378 0.100977 0.35408 0.201953
0 0.101166 0.525781 0.202332 0.2375
0 0.819763 0.858398 0.360474 0.283203
1 0.327698 0.861719 0.304688 0.259375
0 0.701019 0.890625 0.364197 0.215625
0 0.264965 0.0231445 0.276222 0.0462891
0 0.299183 0.085498 0.349022 0.170996
0 0.524475 0.107446 0.239624 0.187451
1 0.879868 0.24375 0.240265 0.275
0 0.492737 0.370313 0.388794 0.317969
0 0.0880737 0.46875 0.176147 0.2125
1 0.880066 0.812109 0.239868 0.375781
0 0.363403 0.0239258 0.284058 0.0478516
1 0.879868 0.197461 0.240265 0.277734
1 0.877289 0.538184 0.245422 0.33457
0 0.280685 0.4625 0.378876 0.298438
0 0.0991821 0.578125 0.198364 0.265625
1 0.501564 0.589844 0.339401 0.260938
1 0.130722 0.646094 0.261444 0.271875
0 0.881058 0.903125 0.237885 0.19375
1 0.102951 0.933984 0.205902 0.132031
1 0.372528 0.9625 0.336426 0.075
0 0.813293 0.949219 0.34436 0.101562
0 0.705383 0.642187 0.0952148 0.0773437
0 0.0576248 0.0807617 0.11525 0.161523
1 0.879074 0.339453 0.241852 0.286719
0 0.0776596 0.421875 0.155319 0.210156
1 0.280685 0.4625 0.378876 0.298438
1 0.525665 0.489453 0.337219 0.278906
0 0.774811 0.5375 0.364197 0.301562
0 0.634766 0.774609 0.460205 0.400781
0 0.357056 0.797656 0.355469 0.3
0 0.806274 0.833594 0.387451 0.332812
1 0.473595 0.962109 0.335037 0.0757812
0 0.245525 0.0760254 0.343666 0.152051
0 0.846344 0.243555 0.307312 0.355078
1 0.105034 0.171289 0.210068 0.227734
0 0.528542 0.158374 0.317184 0.199658
0 0.0808334 0.372266 0.161667 0.205469
1 0.112076 0.85 0.224152 0.245312
1 0.270172 0.953125 0.334045 0.09375
1 0.321747 0.958594 0.333252 0.0828125
0 0.839005 0.194727 0.321991 0.360547
0 0.48391 0.177539 0.344559 0.239844
1 0.48391 0.177539 0.344559 0.239844
1 0.873718 0.464941 0.252563 0.410742
0 0.78215 0.449902 0.330475 0.239258
0 0.700226 0.604688 0.38324 0.403125
1 0.386414 0.578516 0.338013 0.261719
0 0.826904 0.686719 0.346191 0.348437
0 0.684753 0.725 0.439575 0.3875
0 0.838211 0.735156 0.323578 0.367188
1 0.882248 0.739062 0.235504 0.40625
0 0.80278 0.907812 0.282867 0.184375
1 0.524475 0.953516 0.3396 0.0929687
0 0.078701 0.102344 0.157402 0.204688
1 0.48996 0.104785 0.32373 0.20957
1 0.879074 0.441504 0.241852 0.295117
1 0.546295 0.543359 0.335632 0.289844
1 0.874313 0.624219 0.251373 0.417188
1 0.244385 0.740625 0.361816 0.379687
1 0.878281 0.876953 0.243439 0.246094
0 0.0695763 0.915625 0.139153 0.1625
0 0.706177 0.932422 0.347534 0.135156
1 0.0346146 0.0550293 0.0692291 0.110059
0 0.191174 0.0625 0.314308 0.125
1 0.397919 0.0908203 0.353882 0.181641
1 0.507912 0.119629 0.337814 0.239258
1 0.109695 0.230469 0.219391 0.2875
1 0.692688 0.231592 0.34436 0.250098
1 0.702209 0.280469 0.368164 0.267969
1 0.550262 0.381934 0.390381 0.325195
0 0.701813 0.672656 0.402283 0.360938
0 0.744659 0.786719 0.443542 0.379687
0 0.636353 0.884375 0.357056 0.20625
1 0.110291 0.905859 0.220581 0.188281
0 0.620483 0.949219 0.352295 0.101562
1 0.884033 0.231641 0.231934 0.405469
1 0.188892 0.219189 0.361717 0.322559
0 0.582397 0.313721 0.379272 0.278027
1 0.639526 0.326953 0.372925 0.253906
0 0.792664 0.626562 0.391968 0.389062
1 0.445129 0.576563 0.326904 0.2375
1 0.285198 0.64375 0.351601 0.303125
1 0.492737 0.370313 0.388794 0.317969
0 0.807068 0.439063 0.385864 0.392188
0 0.820557 0.481934 0.358887 0.268945
0 0.795837 0.741406 0.401489 0.36875
1 0.131714 0.744141 0.263428 0.333594
0 0.683167 0.818945 0.464966 0.330859
0 0.569702 0.880469 0.31897 0.215625
0 0.881454 0.108496 0.237091 0.216992
0 0.614136 0.124609 0.32373 0.249219
1 0.432831 0.124707 0.365784 0.249414
0 0.188892 0.219189 0.361717 0.322559
0 0.100174 0.646484 0.200348 0.250781
0 0.21339 0.0225586 0.274635 0.0451172
0 0.416664 0.0270752 0.290207 0.0541504
0 0.145401 0.0545898 0.285248 0.10918
0 0.741882 0.172168 0.411011 0.344336
1 0.109894 0.309766 0.219788 0.232812
1 0.157501 0.378516 0.315002 0.303125
1 0.585175 0.428516 0.347534 0.284375
0 0.735535 0.835547 0.441162 0.328906
0 0.790085 0.158789 0.330475 0.317578
0 0.864594 0.158105 0.270813 0.316211
1 0.435608 0.169531 0.380859 0.280859
1 0.626434 0.22793 0.319763 0.257422
1 0.495117 0.883594 0.3396 0.228125
0 0.878082 0.894531 0.243835 0.210938
0 0.723633 0.638281 0.0618896 0.0640625
1 0.311382 0.0234375 0.287331 0.046875
0 0.125763 0.062207 0.251526 0.124414
0 0.432831 0.124707 0.365784 0.249414
0 0.435608 0.169531 0.380859 0.280859
0 0.818573 0.35 0.362854 0.3
1 0.160873 0.475391 0.321747 0.310156
1 0.597473 0.576563 0.357056 0.353125
0 0.852097 0.164355 0.295807 0.328711
1 0.834839 0.183252 0.330322 0.359277
0 0.778381 0.238477 0.414185 0.333984
1 0.881454 0.316016 0.237091 0.413281
0 0.0741882 0.320898 0.148376 0.181641
1 0.503845 0.184375 0.0904541 0.0910156
0 0.270569 0.698438 0.0678406 0.065625
0 0.260254 0.700781 0.0603027 0.0609375
1 0.494324 0.183203 0.0777588 0.0789063
1 0.270569 0.698438 0.0678406 0.065625
0 0.285049 0.680469 0.0618896 0.0515625
0 0.593506 0.691406 0.0396729 0.040625
1 0.875977 0.978125 0.111084 0.04375
0 0.284653 0.689062 0.0610962 0.0453125
1 0.92041 0.978125 0.114258 0.04375
1 0.21582 1 0.103943 0
1 0.887878 0.986328 0.111084 0.0273438
1 0.927551 0.989062 0.112671 0.021875
0 0.98877 0 0.0224609 0
1 0.925171 1 0.10791 0
0 0.550659 0.271484 0.345947 0.253906
0 0.545006 0.332227 0.35408 0.233984
0 0.55056 0.402441 0.363602 0.316992
0 0.548279 0.217187 0.326904 0.237891
1 0.852966 0.989844 0.0999756 0.0203125
0 0.250732 0.716406 0.0428467 0.0429688
0 0.103745 0.105664 0.207489 0.211328
0 0.607788 0.115039 0.314209 0.228125
1 0.18924 1 0.102356 0
0 0.886017 0.143359 0.227966 0.263281
0 0.603027 0.267578 0.280884 0.24375
0 0.552246 0.158496 0.325317 0.204883
0 0.767273 0.0474609 0.0412598 0.0417969
0 0.672058 0.118945 0.291992 0.235547
0 0.608582 0.161914 0.328491 0.224609
0 0.620087 0.413379 0.334045 0.343555
0 0.0444832 0.950781 0.0889664 0.0984375
0 0.929657 0.0811035 0.140686 0.162207
0 0.490257 0.276367 0.363602 0.272266
1 0.87439 1 0.104736 0
0 0.601044 0.216406 0.297546 0.25
0 0.501366 0.423047 0.363602 0.267188
0 0.609375 0.327344 0.304688 0.216406
0 0.502655 0.479297 0.346741 0.266406
0 0.284454 0.876758 0.331665 0.246484
0 0.880737 0.139551 0.0396729 0.0396484
1 0.238831 1 0.0999756 0
0 0.485992 0.335938 0.364197 0.275
0 0.88443 0.968359 0.23114 0.0632813
0 0.554626 0.119629 0.318176 0.239258
0 0.564148 0.47959 0.342773 0.24707
0 0.657379 0.123145 0.381653 0.246289
1 0.936279 1 0.103149 0
0 0.0877762 0.105664 0.175552 0.20625
0 0.0335236 0.0472168 0.0670471 0.0944336
0 0.728394 0.113672 0.325317 0.227344
0 0.8396 0.14707 0.320801 0.270703
0 0.68277 0.168262 0.278503 0.247461
0 0.68396 0.22417 0.272949 0.254785
0 0.683167 0.277686 0.284058 0.244629
0 0.690704 0.428027 0.324524 0.36582
0 0.87439 0.137305 0.0380859 0.0378906
1 0.942749 0.885938 0.114502 0.146875
0 0.799011 0.118945 0.331665 0.237891
0 0.644287 0.641016 0.276123 0.25625
0 0.054451 0.0394531 0.108902 0.0789063
0 0.61731 0.485547 0.334839 0.270312
0 0.591125 0.632812 0.268188 0.232031
0 0.186859 0.874609 0.329285 0.250781
0 0.592316 0.115527 0.389587 0.231055
0 0.874908 0.188281 0.250183 0.248828
0 0.87471 0.242773 0.25058 0.264453
0 0.87471 0.595312 0.25058 0.276563
0 0.414581 0.520312 0.34198 0.282813
0 0.677612 0.589844 0.320557 0.267188
1 0.247559 0.328125 0.0769653 0.0679687
0 0.0325317 0.101367 0.0650635 0.202734
0 0.735138 0.126758 0.268982 0.234375
0 0.747437 0.255078 0.307861 0.301562
0 0.872726 0.345313 0.254547 0.271875
0 0.102158 0.417188 0.204315 0.260156
0 0.87352 0.741406 0.25296 0.2625
1 0.944214 0.978125 0.10791 0.04375
1 0.550659 0.271484 0.345947 0.253906
0 0.872528 0.39541 0.254944 0.270117
0 0.874313 0.645312 0.251373 0.26875
0 0.615326 0.578906 0.288818 0.264062
0 0.886414 0.896094 0.227173 0.207813
0 0.849716 0.166797 0.300568 0.333594
0 0.0881729 0.143945 0.176346 0.220703
0 0.873322 0.295312 0.253357 0.275
0 0.872925 0.444141 0.25415 0.271875
0 0.874512 0.542188 0.250977 0.26875
0 0.116043 0.477344 0.232086 0.307813
0 0.441063 0.484766 0.365189 0.309375
0 0.256088 0.585938 0.329681 0.279687
0 0.873322 0.693359 0.253357 0.264844
0 0.487976 0.691797 0.217407 0.232031
0 0.641113 0.6875 0.31897 0.253125
0 0.873917 0.791406 0.252167 0.264062
1 0.929657 0.0811035 0.140686 0.162207
0 0.751007 0.179883 0.294373 0.256641
0 0.0971985 0.359766 0.194397 0.257031
0 0.689911 0.504687 0.337219 0.291406
0 0.873322 0.84043 0.253357 0.262891
0 0.872925 0.880469 0.25415 0.239063
0 0.798218 0.301562 0.384033 0.390625
1 0.545006 0.332227 0.35408 0.233984
0 0.74704 0.451172 0.361023 0.379687
0 0.116043 0.529688 0.232086 0.282813
0 0.0995789 0.575 0.199158 0.248437
0 0.544312 0.693359 0.249146 0.230469
0 0.520905 0.776563 0.220581 0.210938
0 0.14193 0.872852 0.283859 0.254297
1 0.886414 0.896094 0.227173 0.207813
1 0.0444832 0.950781 0.0889664 0.0984375
0 0.0945206 0.935938 0.189041 0.128125
1 0.882843 0.175488 0.234314 0.350977
0 0.316589 0.58125 0.299927 0.263281
0 0.832336 0.875 0.31897 0.210938
1 0.103745 0.105664 0.207489 0.211328
0 0.49115 0.173828 0.336426 0.25625
1 0.548279 0.217187 0.326904 0.237891
0 0.677216 0.32793 0.289612 0.219141
0 0.754974 0.466797 0.338806 0.273438
0 0.622467 0.554297 0.346741 0.346875
0 0.859436 0.725 0.281128 0.38125
0 0.559387 0.765234 0.247559 0.217969
1 0.284454 0.876758 0.331665 0.246484
0 0.382843 0.877344 0.328491 0.245312
0 0.14064 0.966797 0.281281 0.0664062
0 0.858643 0.269922 0.282715 0.358594
0 0.811707 0.494531 0.371338 0.3
0 0.469032 0.78125 0.248947 0.221875
0 0.883636 0.950781 0.232727 0.0984375
0 0.748627 0.306641 0.348328 0.260156
0 0.0870819 0.307227 0.174164 0.226953
0 0.687927 0.576172 0.371338 0.380469
0 0.74585 0.620313 0.380859 0.3
0 0.835632 0.677734 0.328735 0.372656
0 0.216267 0.683594 0.345848 0.296875
0 0.606995 0.759766 0.288818 0.238281
0 0.756561 0.870313 0.327698 0.204688
0 0.810913 0.902344 0.312622 0.195312
0 0.0549469 0.0737793 0.109894 0.147559
0 0.866577 0.17041 0.266846 0.284961
0 0.827698 0.466406 0.344604 0.390625
0 0.801193 0.561719 0.374908 0.360938
0 0.371338 0.58125 0.290405 0.246875
0 0.670868 0.761719 0.32135 0.24375
0 0.241608 0.843555 0.311829 0.294141
0 0.175751 0.952344 0.341583 0.0953125
1 0.886017 0.143359 0.227966 0.263281
0 0.800003 0.222998 0.358246 0.307129
1 0.490257 0.276367 0.363602 0.272266
1 0.55056 0.402441 0.363602 0.316992
0 0.743469 0.533984 0.357056 0.323438
0 0.198166 0.587109 0.351105 0.288281
0 0.103249 0.632422 0.206497 0.297656
0 0.718475 0.666406 0.343567 0.303125
0 0.528046 0.741406 0.202332 0.175
0 0.864197 0.891797 0.271606 0.216406
0 0.233078 0.953906 0.339203 0.0921875
1 0.88443 0.968359 0.23114 0.0632813
0 0.855545 0.155371 0.263031 0.310742
0 0.824524 0.244873 0.350952 0.358691
1 0.552246 0.158496 0.325317 0.204883
0 0.857452 0.580469 0.285095 0.378125
0 0.883041 0.636719 0.233917 0.434375
0 0.260254 0.652344 0.328491 0.309375
0 0.780563 0.714063 0.412994 0.276563
0 0.477562 0.739844 0.206497 0.18125
0 0.332855 0.958203 0.343567 0.0835937
0 0.154228 0.124707 0.308456 0.249414
0 0.793457 0.167383 0.315796 0.259766
0 0.524574 0.530469 0.344162 0.289062
0 0.0886688 0.200977 0.177338 0.259375
1 0.501366 0.423047 0.363602 0.267188
0 0.103745 0.691406 0.207489 0.289062
0 0.829483 0.750781 0.341034 0.320312
0 0.885818 0.228516 0.228363 0.365625
0 0.0863876 0.250781 0.172775 0.227734
0 0.437294 0.688281 0.214035 0.220313
0 0.570892 0.735156 0.258667 0.196875
0 0.4487 0.901563 0.337219 0.196875
0 0.752197 0.902344 0.31897 0.195312
0 0.429657 0.967188 0.332458 0.065625
0 0.441162 0.230469 0.368164 0.289062
0 0.499084 0.627344 0.242004 0.240625
0 0.806473 0.730078 0.387054 0.408594
0 0.865784 0.804883 0.268433 0.315234
0 0.863205 0.839453 0.27359 0.321094
1 0.607788 0.115039 0.314209 0.228125
0 0.830673 0.361719 0.338654 0.333594
1 0.485992 0.335938 0.364197 0.275
0 0.757751 0.785156 0.353882 0.273438
0 0.479347 0.825 0.306076 0.260938
0 0.812622 0.322266 0.374756 0.425781
0 0.862808 0.379687 0.274384 0.35
0 0.88443 0.407813 0.23114 0.404687
0 0.0904541 0.739062 0.180908 0.24375
0 0.1577 0.172852 0.315399 0.278125
0 0.159683 0.227734 0.319366 0.299219
0 0.432434 0.333203 0.36261 0.299219
0 0.15641 0.389453 0.31282 0.297656
0 0.437592 0.423047 0.376892 0.285156
0 0.574463 0.540234 0.342773 0.311719
0 0.884827 0.742969 0.230347 0.410937
0 0.391174 0.68125 0.218201 0.217187
0 0.198315 0.735156 0.295265 0.26875
0 0.370148 0.738281 0.207886 0.210938
0 0.423012 0.735937 0.225143 0.195312
0 0.410217 0.773438 0.266602 0.204688
0 0.664124 0.804492 0.309448 0.231641
0 0.0847015 0.845508 0.169403 0.233984
0 0.289562 0.9 0.34446 0.2
1 0.502655 0.479297 0.346741 0.266406
0 0.811234 0.575098 0.377533 0.431055
0 0.836029 0.81875 0.327942 0.321875
1 0.193604 0.840625 0.308258 0.28125
0 0.435608 0.873633 0.347534 0.252734
0 0.817383 0.883594 0.365234 0.232812
0 0.851379 0.909375 0.290405 0.18125
0 0.495514 0.13252 0.342773 0.265039
0 0.155914 0.273877 0.311829 0.278809
0 0.805084 0.407715 0.389832 0.389258
0 0.152542 0.332812 0.305084 0.289062
0 0.884033 0.494531 0.231934 0.414062
0 0.46328 0.571484 0.2668 0.246094
0 0.525269 0.820117 0.268188 0.244141
0 0.68396 0.864062 0.320557 0.19375
0 0.0992813 0.897656 0.198563 0.204688
1 0.883636 0.950781 0.232727 0.0984375
0 0.790482 0.392871 0.399506 0.32207
0 0.304291 0.522656 0.359436 0.29375
0 0.35527 0.771875 0.241608 0.2125
1 0.554626 0.119629 0.318176 0.239258
0 0.737122 0.355469 0.347534 0.251563
0 0.806671 0.482812 0.386658 0.404687
0 0.383339 0.487891 0.385422 0.333594
0 0.88443 0.809766 0.23114 0.380469
0 0.614532 0.803125 0.292786 0.225
0 0.827103 0.929688 0.345795 0.140625
1 0.867249 0.987109 0.104736 0.0257812
0 0.163353 0.53125 0.326706 0.307813
0 0.158691 0.650781 0.317383 0.320312
0 0.318573 0.626953 0.261047 0.242969
1 0.316788 1 0.101959 0
0 0.0336723 0.144141 0.0673447 0.207031
1 0.157104 0.118555 0.314209 0.237109
1 0.8396 0.14707 0.320801 0.270703
0 0.334888 0.178467 0.345848 0.30791
0 0.441063 0.181689 0.358841 0.286621
0 0.285248 0.279297 0.358643 0.296875
0 0.449097 0.633203 0.230103 0.252344
0 0.328491 0.741016 0.23645 0.247656
0 0.191967 0.788867 0.290504 0.278516
0 0.813019 0.832031 0.373962 0.335938
0 0.424103 0.820117 0.30072 0.247266
0 0.88562 0.860547 0.22876 0.278906
0 0.525269 0.957031 0.333252 0.0859375
0 0.533203 0.0566406 0.32373 0.113281
0 0.786911 0.144824 0.257477 0.289648
1 0.603027 0.267578 0.280884 0.24375
0 0.528442 0.572656 0.29834 0.260938
0 0.0840073 0.807813 0.168015 0.217187
0 0.324921 0.836719 0.268982 0.260938
0 0.564941 0.807813 0.276123 0.226562
0 0.490257 0.874219 0.346146 0.251563
0 0.505035 0.179736 0.0983887 0.0975586
1 0.855545 0.155371 0.263031 0.310742
0 0.334641 0.231836 0.352692 0.310547
0 0.387604 0.27793 0.357849 0.292578
0 0.0550461 0.400781 0.110092 0.179688
1 0.441063 0.484766 0.365189 0.309375
1 0.883041 0.636719 0.233917 0.434375
0 0.0565338 0.604688 0.113068 0.173438
0 0.352692 0.671875 0.238037 0.234375
1 0.14193 0.872852 0.283859 0.254297
1 0.382843 0.877344 0.328491 0.245312
0 0.148872 0.900781 0.297745 0.198437
0 0.18924 0.899219 0.333252 0.201562
0 0.477661 0.0574219 0.322144 0.114844
0 0.0331516 0.453906 0.0663033 0.228906
0 0.0558395 0.350391 0.111679 0.16875
0 0.360626 0.624219 0.240417 0.23125
0 0.40139 0.63125 0.228714 0.24375
0 0.366776 0.824219 0.265411 0.246875
1 0.0335236 0.0472168 0.0670471 0.0944336
0 0.863205 0.0670898 0.27359 0.13418
1 0.0549469 0.0737793 0.109894 0.147559
0 0.176544 0.116602 0.353088 0.233203
0 0.286636 0.133887 0.336029 0.267773
0 0.392761 0.136914 0.342773 0.273828
1 0.885818 0.228516 0.228363 0.365625
0 0.0335732 0.246875 0.0671463 0.209375
1 0.608582 0.161914 0.328491 0.224609
0 0.0560379 0.450098 0.112076 0.173242
1 0.414581 0.520312 0.34198 0.282813
1 0.644287 0.641016 0.276123 0.25625
0 0.318573 0.781445 0.251526 0.246484
0 0.485199 0.122949 0.388794 0.245898
1 0.874908 0.188281 0.250183 0.248828
0 0.0333748 0.200586 0.0667496 0.210547
1 0.690704 0.428027 0.324524 0.36582
1 0.503845 0.184326 0.0944214 0.0930664
0 0.271362 0.699219 0.0718079 0.0703125
0 0.261841 0.702344 0.0626831 0.0640625
1 0.48877 0.185156 0.0714111 0.0765625
0 0.289215 0.692187 0.0603027 0.0515625
0 0.2547 0.708594 0.0531616 0.0585938
1 0.270767 0.699219 0.074585 0.0671875
1 1 0 0 0
1 0.502258 0.184326 0.0968018 0.0961914
0 0.271561 0.698438 0.0694275 0.06875
0 0.258469 0.698438 0.0543518 0.0578125
0 0.293579 0.678125 0.0484009 0.0554687
0 0.309448 0.669531 0.0349121 0.0515625
1 0.883911 0.105884 0.111084 0.112451
1 0.238434 0.321094 0.103546 0.0976562
0 0.283066 0.694922 0.0757751 0.065625
0 0.311035 0.661328 0.0329285 0.04375
0 0.248947 0.714844 0.0349121 0.046875
1 0.248352 0.32207 0.0785522 0.0816406
0 0.250336 0.747656 0.0420532 0.0429688
0 0.238831 0.735937 0.0317383 0.0390625
0 0.265213 0.688281 0.0638733 0.0671875
1 0.234863 0.333398 0.0960083 0.0714844
0 0.253113 0.75625 0.0436401 0.040625
0 0.247757 0.692969 0.0456238 0.05
0 0.232483 0.742969 0.0317383 0.0453125
0 0.502655 0.182373 0.0952148 0.0930664
0 0.173569 0.426562 0.0662537 0.0609375
0 0.267792 0.760547 0.0388794 0.0492188
0 0.256683 0.723828 0.0452271 0.0453125
1 0.272751 0.696875 0.074585 0.071875
0 0.419342 0.627344 0.046814 0.0484375
0 0.699036 0.633594 0.0428467 0.0484375
1 0.730774 0.711719 0.12854 0.103125
0 0.23764 0.744531 0.036499 0.04375
0 0.410217 0.634766 0.0444336 0.0507812
1 0.502258 0.183936 0.0952148 0.0938477
0 0.268188 0.700781 0.0678406 0.065625
0 0.286438 0.691016 0.0535583 0.0601562
0 0.258072 0.141406 0.0452271 0.05
0 0.266205 0.135937 0.0507812 0.0503906
0 0.275131 0.707031 0.0634766 0.0640625
0 0.250931 0.146484 0.0436401 0.0466797
0 0.307465 0.673828 0.0388794 0.0460938
0 0.282471 0.682813 0.0507812 0.0515625
1 0.239029 0.319531 0.108307 0.1125
0 0.299133 0.678516 0.0372925 0.04375
0 0.662537 0.646094 0.0460205 0.05
0 0.654999 0.647656 0.046814 0.0484375
1 0.239227 0.328906 0.100769 0.084375
0 0.25351 0.692187 0.0603027 0.05625
0 0.270966 0.7 0.0658569 0.0640625
1 0.504639 0.185107 0.0952148 0.0930664
0 0.285645 0.691016 0.0579224 0.059375
0 0.261047 0.697656 0.0610962 0.0625
0 0.309448 0.671094 0.036499 0.0460938
0 0.29953 0.678906 0.0452271 0.0421875
1 0.887878 0.102441 0.123779 0.122266
0 0.283264 0.682422 0.0523682 0.0476562
1 0.233723 0.318555 0.133202 0.126953
1 0.755768 0.939062 0.12616 0.10625
0 0.312622 0.660156 0.0341187 0.0460938
0 0.261047 0.138477 0.0547485 0.0546875
0 0.252716 0.691016 0.0547485 0.0539063
0 0.599457 0.689844 0.0563354 0.0546875
1 0.500671 0.185352 0.0968018 0.090625
0 0.272751 0.698828 0.0674438 0.0671875
0 0.282471 0.689453 0.0726013 0.0726563
1 0.250732 0.32793 0.0825195 0.0804688
0 0.259262 0.696094 0.068634 0.065625
1 0.271759 0.698438 0.0666504 0.065625
0 0.203125 0.0546875 0.0420532 0.0371094
1 0.256485 0.326172 0.068634 0.0671875
0 0.311432 0.666406 0.046814 0.053125
1 0.502655 0.1875 0.0936279 0.0898438
0 0.267395 0.698047 0.0595093 0.0585938
0 0.280884 0.690625 0.0587158 0.0570313
0 0.312424 0.660937 0.0368958 0.040625
0 0.309845 0.671094 0.0420532 0.04375
0 0.274933 0.703516 0.0579224 0.0585938
1 0.503052 0.187061 0.0960083 0.0946289
0 0.271561 0.7 0.0674438 0.0640625
0 0.279297 0.695312 0.0658569 0.06875
0 0.2789 0.70625 0.06427 0.0625
1 0.500671 0.183154 0.0960083 0.0946289
0 0.270569 0.699219 0.0690308 0.0671875
0 0.280289 0.692187 0.0654602 0.065625
1 0.270966 0.7 0.0678406 0.065625
1 0.87915 0.10459 0.117432 0.124023
1 0.502258 0.186279 0.0944214 0.0907227
0 0.270569 0.701563 0.0662537 0.065625
0 0.696655 0.642187 0.0968018 0.0890625
0 0.261444 0.698438 0.0626831 0.0640625
1 0.503845 0.186328 0.0936279 0.09375
0 0.271561 0.700781 0.0682373 0.0648438
0 0.281677 0.69375 0.06427 0.065625
0 0.262039 0.699219 0.059906 0.0609375
1 0.503052 0.185889 0.0936279 0.0922852
0 0.27037 0.698438 0.0741882 0.071875
0 0.279694 0.69375 0.0706177 0.0742188
1 0.268784 0.696094 0.0718079 0.071875
1 0.504639 0.184814 0.0968018 0.0936523
0 0.269577 0.7 0.0690308 0.0671875
0 0.283661 0.691406 0.0618896 0.0609375
1 0.501862 0.184424 0.0960083 0.0959961
0 0.272156 0.7 0.0710144 0.0679687
0 0.261444 0.698828 0.0626831 0.0609375
1 0.0143814 1 0.0287628 0
0 0.645874 0.639844 0.0523682 0.0546875
0 0.285645 0.694531 0.0698242 0.0632813
1 0.502258 0.183789 0.0944214 0.09375
0 0.270569 0.7 0.068634 0.0671875
1 0.501862 0.182764 0.0944214 0.0899414
0 0.269379 0.701172 0.0666504 0.065625
0 0.28009 0.69375 0.0674438 0.065625
1 0.503052 0.183398 0.0952148 0.0917969
0 0.271957 0.698438 0.0706177 0.071875
0 0.260452 0.697656 0.0622864 0.065625
1 0.499878 0.186377 0.0952148 0.0944336
0 0.271362 0.698438 0.0666504 0.0671875
0 0.258667 0.698438 0.0587158 0.0625
0 0.27037 0.700781 0.0678406 0.0671875
1 0.501465 0.185205 0.0904541 0.0913086
1 0.501465 0.187549 0.0912476 0.0889648
0 0.270767 0.700391 0.0670471 0.0648438
1 0.404663 0.571875 0.0523682 0.05625
1 0.503845 0.185596 0.0983887 0.0952148
0 0.272156 0.700781 0.0714111 0.065625
0 0.25827 0.698828 0.0563354 0.0609375
1 0.502258 0.185596 0.0952148 0.0920898
0 0.272949 0.700781 0.072998 0.0695312
0 0.25708 0.696875 0.0575256 0.0609375
0 0.285645 0.694922 0.0698242 0.0671875
1 0.501465 0.184424 0.092041 0.0920898
0 0.270767 0.700781 0.0658569 0.0640625
1 0.0287628 0.305859 0.0575256 0.103125
1 0.503052 0.184961 0.0936279 0.0925781
0 0.270966 0.7 0.0690308 0.065625
1 0.0197868 0.308203 0.0395737 0.0777344
1 0.501465 0.18418 0.0936279 0.0921875
0 0.269577 0.699219 0.0674438 0.0640625
1 0.501465 0.185156 0.0944214 0.0921875
0 0.27037 0.699219 0.0662537 0.065625
0 0.279297 0.695312 0.0634766 0.0625
1 0.161469 0.425781 0.0710144 0.0640625
0 0.849792 0.417969 0.0396729 0.03125
0 0.905334 0.0414551 0.0539551 0.0556641
1 0.502258 0.183594 0.0952148 0.0945313
0 0.269775 0.699219 0.0658569 0.0640625
0 1 0.989844 0 0.0203125
0 1 0.977734 0 0.0445312
0 0.99234 1 0.0153198 0
1 0.501465 0.182764 0.0936279 0.0915039
0 0.27037 0.698438 0.0658569 0.0664062
0 0.27771 0.692969 0.0666504 0.0664062
0 0.288025 0.69375 0.0610962 0.0640625
0 0.267792 0.700391 0.0626831 0.0601562
1 0.502258 0.184766 0.0968018 0.096875
1 0.503448 0.182422 0.0944214 0.0914062
0 0.271362 0.7 0.0674438 0.0671875
0 0.272156 0.697656 0.074585 0.06875
1 0.504639 0.183008 0.0936279 0.0902344
1 0.0231342 0.304102 0.0462685 0.106641
1 0.0180511 0.970312 0.0361023 0.059375
1 0.503052 0.183398 0.0968018 0.0933594
0 0.268585 0.699219 0.0626831 0.0609375
1 0.500671 0.184814 0.0936279 0.0936523
0 0.269974 0.698438 0.0678406 0.0671875
1 0.503052 0.182812 0.0952148 0.0929687
0 0.271362 0.698438 0.0658569 0.0640625
1 0.504639 0.182764 0.0944214 0.0930664
0 0.271759 0.699219 0.0690308 0.065625
1 0.501068 0.183398 0.0928345 0.0925781
0 0.272552 0.699219 0.0698242 0.0671875
0 0.262238 0.700391 0.0575256 0.0609375
1 0.502258 0.185352 0.0936279 0.0957031
0 0.269974 0.698047 0.0682373 0.0648438
1 0.503845 0.183252 0.0936279 0.0920898
0 0.269379 0.699219 0.06427 0.0625
0 0.301117 0.677734 0.0412598 0.0445312
0 0.307068 0.673047 0.0412598 0.0476562
0 0.291595 0.687891 0.0476074 0.0554687
0 0.313812 0.664062 0.0499878 0.0578125
1 0.502258 0.183594 0.0952148 0.09375
0 0.271561 0.699219 0.0662537 0.065625
0 0.263031 0.701563 0.0563354 0.0578125
1 0.500671 0.183643 0.0936279 0.0944336
0 0.272354 0.698828 0.0654602 0.0648438
1 0.864868 0.0494141 0.120605 0.0988281
1 0.504639 0.184375 0.0944214 0.0945313
0 0.269974 0.698438 0.0630798 0.0625
1 0.503845 0.183594 0.0968018 0.0960938
0 0.271561 0.699609 0.0630798 0.0617188
1 0.502258 0.184766 0.0952148 0.0949219
0 0.271759 0.698438 0.0666504 0.0625
0 0.645874 0.639453 0.0650635 0.0625
0 0.637543 0.692969 0.0610962 0.0578125
1 0.503052 0.183984 0.0991821 0.0941406
0 0.270569 0.7 0.0614929 0.059375
1 0.503845 0.182812 0.0968018 0.0957031
0 0.270966 0.699219 0.0650635 0.0640625
1 0.501862 0.183936 0.0936279 0.0922852
0 0.270172 0.7 0.06427 0.0625
0 0.445129 0.166406 0.0428467 0.04375
0 0.268188 0.714844 0.0595093 0.04375
1 0.503845 0.187549 0.0968018 0.0959961
0 0.270569 0.699609 0.0666504 0.0640625
1 0.503052 0.185352 0.0936279 0.0910156
0 0.270966 0.700781 0.0658569 0.0640625
1 0.502258 0.184033 0.0952148 0.0905273
0 0.271759 0.7 0.0650635 0.0632813
0 0.44632 0.166602 0.0476074 0.05
1 0.503845 0.183203 0.0936279 0.0921875
0 0.270172 0.699609 0.0626831 0.0601562
0 0.204117 0.0473633 0.0583191 0.0560547
1 0.502258 0.184961 0.0912476 0.0902344
0 0.271164 0.700781 0.0630798 0.0609375
1 0.502258 0.18457 0.0944214 0.0910156
0 0.269974 0.698438 0.0658569 0.0640625
0 0.313217 0.651953 0.0436401 0.0539063
1 0.503052 0.182373 0.0904541 0.0907227
0 0.270569 0.699219 0.0626831 0.0617188
0 0.260254 0.697656 0.0507812 0.059375
1 0.500671 0.185156 0.092041 0.0910156
0 0.270966 0.698828 0.0630798 0.0609375
0 0.291 0.687109 0.0591125 0.0515625
1 0.502258 0.183545 0.0952148 0.0922852
0 0.270767 0.7 0.0626831 0.0609375
1 0.502655 0.184717 0.0936279 0.0930664
0 0.272156 0.701172 0.06427 0.0625
1 0.503052 0.183008 0.0936279 0.0894531
0 0.271362 0.699609 0.0626831 0.0609375
1 0.501465 0.181641 0.092041 0.0886719
0 0.271561 0.698438 0.0638733 0.0625
1 0.502258 0.181445 0.0944214 0.0941406
0 0.269577 0.699219 0.0638733 0.0625
1 0.502655 0.18418 0.0936279 0.0917969
0 0.271164 0.697656 0.0654602 0.0640625
1 0.503052 0.184033 0.0936279 0.0920898
0 0.271957 0.698438 0.0670471 0.0640625
1 0.504639 0.184375 0.0936279 0.0921875
0 0.273346 0.699219 0.0682373 0.0648438
1 0.501862 0.185205 0.0952148 0.0952148
0 0.272156 0.698828 0.0650635 0.0632813
1 0.503052 0.190674 0.0944214 0.0920898
0 0.272354 0.698047 0.0662537 0.0640625
1 0.503052 0.184375 0.0952148 0.09375
0 0.268585 0.699219 0.06427 0.0640625
1 0.502258 0.183203 0.0952148 0.0921875
0 0.271164 0.698438 0.0666504 0.065625
1 0.502258 0.185937 0.0960083 0.09375
0 0.271164 0.700391 0.0662537 0.065625
1 0.502258 0.184033 0.092041 0.0913086
0 0.272552 0.699219 0.0674438 0.065625
1 0.503052 0.185547 0.0952148 0.0929687
0 0.271759 0.7 0.0682373 0.065625
1 0.503448 0.185547 0.0952148 0.0929687
0 0.272156 0.697656 0.0682373 0.0664062
1 0.501465 0.181982 0.0952148 0.0954102
0 0.270767 0.698438 0.0654602 0.0648438
0 0.270569 0.699219 0.0666504 0.0625
1 0.502258 0.185547 0.0952148 0.096875
0 0.27037 0.699219 0.0646667 0.0609375
1 0.501862 0.185156 0.0944214 0.0929687
1 0.499878 0.183789 0.092041 0.0898438
0 0.270966 0.7 0.06427 0.0609375
1 0.501465 0.180859 0.0952148 0.0898438
0 0.270172 0.700391 0.0650635 0.0625
1 0.00738907 0.309766 0.0147781 0.104687
1 0.503052 0.182812 0.0928345 0.0914062
0 0.271362 0.700781 0.06427 0.0625
1 0.501068 0.184375 0.0928345 0.0910156
0 0.272156 0.700781 0.0658569 0.0625
1 0.500275 0.18418 0.0928345 0.0925781
0 0.270767 0.700391 0.0662537 0.0632813
1 0.501068 0.184961 0.0928345 0.0929687
0 0.271759 0.698438 0.0674438 0.0640625
1 0.501465 0.185352 0.0968018 0.0933594
0 0.271957 0.698438 0.0662537 0.0625
1 0.502258 0.183203 0.0952148 0.0917969
0 0.271759 0.699609 0.0674438 0.0632813
1 0.502258 0.185547 0.0952148 0.0929687
0 0.274139 0.699609 0.0658569 0.0648438
1 0.502258 0.182227 0.0936279 0.0910156
0 0.272156 0.7 0.0658569 0.0632813
1 0.501465 0.187109 0.0936279 0.0929687
0 0.272949 0.7 0.0674438 0.065625
0 0.271759 0.700781 0.0658569 0.0625
1 0.501465 0.185547 0.092041 0.0898438
1 0.501068 0.186328 0.0944214 0.090625
0 0.273346 0.700781 0.06427 0.0640625
1 0.501862 0.185156 0.0944214 0.0929687
0 0.268387 0.697656 0.0622864 0.0625
1 0.499878 0.183252 0.0928345 0.0913086
0 0.269775 0.698828 0.0650635 0.0632813
1 0.498291 0.1875 0.0888672 0.0894531
0 0.270569 0.699219 0.06427 0.0625
1 0.498291 0.183545 0.092041 0.0891602
0 0.270569 0.698828 0.0650635 0.0632813
1 0.501465 0.185498 0.0936279 0.0915039
0 0.269775 0.697656 0.0654602 0.0640625
1 0.499481 0.185156 0.092041 0.090625
0 0.269775 0.698047 0.0666504 0.0640625
1 0.499481 0.185547 0.0928345 0.0917969
0 0.270172 0.7 0.0634766 0.0625
1 0.502258 0.184766 0.092041 0.090625
0 0.268982 0.697656 0.0634766 0.0609375
1 0 0.305469 0 0.103125
1 0.501068 0.18457 0.0944214 0.0917969
0 0.271561 0.697656 0.0646667 0.0632813
1 0.498291 0.183594 0.092041 0.090625
0 0.271759 0.7 0.0650635 0.0625
1 0.497894 0.183398 0.092041 0.0917969
0 0.271362 0.7 0.0650635 0.0640625
1 0.499084 0.183545 0.0904541 0.0907227
0 0.270569 0.699219 0.0658569 0.0640625
1 0.499084 0.183984 0.0904541 0.0898438
0 0.271164 0.699219 0.0638733 0.0617188
1 0.496704 0.183252 0.0936279 0.0928711
0 0.272552 0.698438 0.0650635 0.0632813
1 0.498291 0.183252 0.0904541 0.0928711
0 0.271759 0.697656 0.0650635 0.0640625
1 0.498291 0.18457 0.0904541 0.0929687
0 0.271759 0.698047 0.0658569 0.0632813
1 0.498688 0.185742 0.0952148 0.0917969
0 0.269577 0.699219 0.0638733 0.0617188
1 0.498688 0.185156 0.092041 0.0929687
0 0.269379 0.698047 0.0634766 0.0609375
1 0.501465 0.185498 0.0968018 0.0930664
0 0.270966 0.699219 0.0662537 0.0625
1 0.499878 0.180908 0.0936279 0.0913086
0 0.272354 0.697656 0.0666504 0.0640625
1 0.499481 0.185352 0.0944214 0.0925781
0 0.272552 0.698438 0.0658569 0.0640625
1 0.498291 0.185937 0.0952148 0.0933594
0 0.272751 0.699219 0.0654602 0.0640625
1 0.497498 0.183643 0.092041 0.0944336
0 0.271759 0.698438 0.0666504 0.0640625
1 0.495911 0.187305 0.0880737 0.0910156
0 0.270767 0.698438 0.0658569 0.0632813
1 0.497498 0.184766 0.0936279 0.0910156
0 0.272156 0.697656 0.0662537 0.0625
1 0.498291 0.183398 0.092041 0.090625
0 0.270966 0.698047 0.0650635 0.0640625
1 0.499084 0.185547 0.0936279 0.090625
0 0.273346 0.694531 0.0658569 0.0648438
1 0.499878 0.184717 0.092041 0.0899414
0 0.272354 0.697656 0.0654602 0.0640625
1 0.501862 0.182031 0.0944214 0.090625
0 0.273544 0.696484 0.0666504 0.0640625
1 0.502655 0.187891 0.0960083 0.0933594
0 0.271362 0.698438 0.0670471 0.065625
1 0.499481 0.1875 0.0928345 0.0925781
0 0.273346 0.698047 0.0650635 0.0632813
1 0.500671 0.183008 0.092041 0.0917969
0 0.272949 0.698438 0.0650635 0.0640625
1 0.500671 0.187695 0.0928345 0.0886719
0 0.272949 0.698047 0.0654602 0.0632813
0 0.272156 0.698047 0.0650635 0.0632813
1 0.494324 0.189014 0.0888672 0.0883789
1 0.496704 0.189063 0.0904541 0.0898438
0 0.272552 0.698047 0.0650635 0.0640625
1 0.499481 0.188086 0.0928345 0.090625
0 0.272751 0.698047 0.0646667 0.0625
1 0.499084 0.185156 0.0936279 0.0921875
0 0.272552 0.696875 0.06427 0.0625
1 0.499878 0.184961 0.0904541 0.090625
0 0.272949 0.696875 0.06427 0.0625
1 0.498688 0.186719 0.0928345 0.090625
0 0.271362 0.698438 0.0650635 0.0625
1 0.498291 0.186133 0.0904541 0.0910156
0 0.272156 0.696875 0.0634766 0.0625
1 0.496307 0.18457 0.0888672 0.0878906
0 0.272552 0.697656 0.0650635 0.0625
1 0.497498 0.185205 0.0904541 0.0913086
0 0.272354 0.698828 0.0658569 0.0625
1 0.498291 0.184424 0.092041 0.0913086
0 0.272156 0.698047 0.06427 0.0617188
1 0.00741386 0.305859 0.0148277 0.110156
1 0.497498 0.186914 0.0904541 0.090625
0 0.271957 0.698047 0.0638733 0.0625
1 0.499878 0.186523 0.0936279 0.0914062
0 0.273743 0.698438 0.06427 0.0625
1 0.499481 0.186377 0.0936279 0.0928711
0 0.271957 0.698438 0.06427 0.0625
1 0.499481 0.186523 0.0936279 0.0910156
0 0.272949 0.697266 0.06427 0.0625
1 0.499481 0.186133 0.0928345 0.0898438
0 0.271362 0.698438 0.0658569 0.0640625
1 0.498688 0.188086 0.0928345 0.0925781
0 0.272156 0.696875 0.0650635 0.0625
1 0.502258 0.184961 0.0952148 0.0921875
0 0.273148 0.697656 0.0638733 0.0617188
1 0.500671 0.186328 0.0936279 0.0929687
0 0.271362 0.696875 0.0646667 0.0625
1 0.499878 0.187549 0.0928345 0.0928711
0 0.271759 0.698438 0.0658569 0.0640625
1 0.497498 0.183789 0.0904541 0.0917969
0 0.272552 0.698438 0.0658569 0.0640625
1 0.497498 0.182764 0.092041 0.0915039
0 0.272949 0.697656 0.0666504 0.065625
1 0.496704 0.182471 0.0904541 0.0928711
0 0.271561 0.697656 0.0662537 0.065625
1 0.495117 0.18457 0.0904541 0.090625
0 0.272156 0.697266 0.0650635 0.0632813
1 0.494324 0.186133 0.0896606 0.0917969
0 0.271759 0.696875 0.06427 0.0625
1 0.495514 0.188867 0.0896606 0.0914062
0 0.271759 0.698438 0.0650635 0.0625
1 0.498688 0.184766 0.0928345 0.0914062
0 0.272354 0.697656 0.0658569 0.0625
1 0.496704 0.185107 0.092041 0.0899414
0 0.271759 0.697266 0.0650635 0.0625
1 0.496307 0.186377 0.0912476 0.0928711
0 0.273148 0.697656 0.0646667 0.0625
1 0.495117 0.184766 0.092041 0.0929687
0 0.272552 0.696875 0.0658569 0.0640625
1 0.496704 0.186523 0.092041 0.0917969
0 0.271362 0.696484 0.0650635 0.0632813
1 0.495911 0.185596 0.0936279 0.0920898
0 0.273346 0.696875 0.0650635 0.0640625
1 0.497498 0.187891 0.092041 0.0921875
0 0.271362 0.696094 0.0650635 0.0632813
1 0.496307 0.188477 0.0912476 0.0914062
0 0.271957 0.697656 0.0658569 0.0640625
1 0.496704 0.190039 0.0936279 0.090625
0 0.271759 0.696094 0.0654602 0.0640625
0 0.271759 0.696875 0.0646667 0.0625
1 0.496704 0.19043 0.0936279 0.090625
1 0.495911 0.190234 0.092041 0.0914062
0 0.27037 0.696875 0.0646667 0.0625
1 0.497894 0.187695 0.0936279 0.0917969
0 0.271362 0.696875 0.06427 0.0625
1 0.494324 0.1875 0.0912476 0.0914062
0 0.272552 0.696094 0.06427 0.0625
1 0.496307 0.186719 0.0928345 0.0921875
0 0.272552 0.697656 0.06427 0.0625
1 0.49353 0.188232 0.092041 0.0907227
0 0.272156 0.697656 0.0650635 0.0625
1 0.495117 0.188281 0.0904541 0.0910156
0 0.271759 0.697266 0.0634766 0.0617188
1 0.496307 0.189648 0.0928345 0.0925781
0 0.272552 0.696875 0.06427 0.0625
1 0.498291 0.189258 0.092041 0.0910156
0 0.272156 0.697656 0.06427 0.0625
1 0.495911 0.188672 0.092041 0.0910156
0 0.272552 0.696875 0.0634766 0.0625
1 0.496704 0.190674 0.092041 0.0913086
0 0.272156 0.697656 0.0646667 0.0625
1 0.497894 0.19043 0.0928345 0.090625
0 0.271362 0.696484 0.06427 0.0625
1 0.495911 0.190283 0.092041 0.0920898
0 0.270966 0.696094 0.0650635 0.0632813
1 0.497894 0.190039 0.0928345 0.0917969
0 0.271164 0.695703 0.06427 0.0625
1 0.495911 0.188867 0.092041 0.0914062
0 0.271759 0.695703 0.0634766 0.0625
1 0.495117 0.189648 0.0936279 0.0910156
0 0.272552 0.696094 0.0650635 0.0625
1 0.495911 0.19082 0.092041 0.0910156
0 0.272949 0.696875 0.0650635 0.0632813
1 0.495117 0.189648 0.0912476 0.090625
0 0.272156 0.696875 0.0650635 0.0625
1 0.495911 0.189795 0.092041 0.0915039
0 0.272156 0.696094 0.06427 0.0625
1 0.499084 0.189258 0.0936279 0.090625
0 0.272156 0.696875 0.0650635 0.0625
1 0.497101 0.189063 0.0928345 0.0910156
0 0.272156 0.696094 0.0650635 0.0625
1 0.497101 0.190625 0.0928345 0.0917969
0 0.272354 0.696875 0.0654602 0.0625
1 0.496704 0.190234 0.092041 0.0914062
0 0.272552 0.696875 0.0658569 0.0640625
1 0.496704 0.19082 0.092041 0.0914062
0 0.272354 0.697266 0.0654602 0.0632813
1 0.497498 0.190186 0.0936279 0.0915039
0 0.271759 0.696875 0.0658569 0.0640625
1 0.497498 0.188281 0.0936279 0.0914062
0 0.271759 0.696875 0.0658569 0.0640625
1 0.497894 0.187891 0.0936279 0.0910156
0 0.272156 0.696484 0.0650635 0.0632813
1 0.498688 0.189404 0.0944214 0.0915039
0 0.272156 0.696094 0.0650635 0.0632813
1 0.497894 0.189502 0.0936279 0.0920898
0 0.272156 0.695312 0.0650635 0.0640625
1 0.498291 0.189453 0.0936279 0.0921875
0 0.271759 0.695703 0.0650635 0.0632813
1 0.497498 0.190039 0.0936279 0.0917969
0 0.271957 0.696094 0.0654602 0.0632813
1 0.498291 0.189795 0.0936279 0.0922852
0 0.272751 0.695703 0.0646667 0.0632813
1 0.497498 0.190039 0.0936279 0.0921875
0 0.272552 0.696094 0.0650635 0.0632813
1 0.499481 0.18833 0.0944214 0.0920898
0 0.272949 0.696484 0.06427 0.0632813
1 0.871216 0.0476562 0.136475 0.0953125
1 0.499084 0.188721 0.0952148 0.0928711
0 0.273743 0.696484 0.0634766 0.0625
1 0.498291 0.188672 0.0944214 0.0921875
0 0.273346 0.696875 0.0638733 0.0625
1 0.497894 0.188477 0.0944214 0.0925781
0 0.273743 0.696484 0.0634766 0.0625
1 0.496704 0.188672 0.0936279 0.0921875
0 0.273346 0.696484 0.0638733 0.0625
1 0.497498 0.189063 0.0936279 0.0921875
0 0.273346 0.696875 0.06427 0.0625
1 0.497101 0.189014 0.0936279 0.0922852
0 0.273346 0.696484 0.06427 0.0632813
1 0.496704 0.189453 0.0936279 0.0921875
0 0.273148 0.696094 0.06427 0.0625
1 0.497498 0.189453 0.0936279 0.0921875
0 0.272949 0.696094 0.06427 0.0625
1 0.497498 0.189404 0.0936279 0.0922852
0 0.272949 0.696094 0.06427 0.0625
1 0.503448 0.185742 0.0944214 0.0925781
0 0.268585 0.699219 0.0626831 0.0609375
0 0.281281 0.691406 0.0634766 0.059375
0 0.303497 0.664062 0.0499878 0.0453125
0 0.313812 0.660156 0.0444336 0.0484375
