1 0.106621 0.925 0.102158 0.096875
1 0.901489 0.0683594 0.197021 0.136719
1 0.158592 0.283936 0.317184 0.339941
0 0.166824 0.0254883 0.333649 0.0509766
0 0.7034 0.464941 0.338806 0.385742
1 0.953857 0.0993164 0.0922852 0.198633
0 0.7276 0.362109 0.366577 0.242969
0 0.358047 0.720312 0.373322 0.278125
0 0.200348 0.0209961 0.359436 0.0419922
0 0.40873 0.0305664 0.426682 0.0611328
1 0.186066 0.245508 0.249146 0.262109
0 0.312622 0.251172 0.381653 0.299219
1 0.964172 0.375391 0.0716553 0.553125
0 0.174362 0.158496 0.348724 0.316992
0 0.158989 0.23457 0.308853 0.333984
0 0.189041 0.197705 0.242004 0.231934
1 0.248154 0.239063 0.309052 0.265625
0 0.747437 0.317969 0.376099 0.265625
0 0.267841 0.191846 0.337914 0.282715
0 0.121201 0.239453 0.242401 0.382031
1 0.955444 0.170312 0.0891113 0.122656
0 0.279346 0.0229492 0.366478 0.0458984
0 0.537964 0.20708 0.487183 0.213965
1 0.741486 0.368945 0.368958 0.233203
0 0.139648 0.0428223 0.279297 0.0856445
0 0.346691 0.0269531 0.402382 0.0539063
0 0.160873 0.169531 0.295563 0.289453
0 0.581604 0.158496 0.345947 0.207227
1 0.719666 0.43291 0.358643 0.32168
1 0.267841 0.191846 0.337914 0.282715
1 0.174759 0.83457 0.311432 0.255859
0 0.527252 0.0263672 0.367371 0.0527344
1 0.189041 0.197705 0.242004 0.231934
1 0.941956 0.417578 0.116089 0.646094
0 0.656982 0.0262695 0.331665 0.0525391
0 0.819962 0.0531738 0.360077 0.106348
0 0.186066 0.245508 0.249146 0.262109
0 0.2061 0.158984 0.267792 0.282422
1 0.966949 0.0532227 0.0661011 0.106445
0 0.687927 0.0276123 0.241211 0.0552246
0 0.901489 0.0683594 0.197021 0.136719
1 0.353683 0.744531 0.387604 0.284375
1 0.0874786 0.798047 0.174957 0.403906
0 0.894745 0.414062 0.21051 0.457812
0 0.423706 0.233008 0.390381 0.280859
1 0.290207 0.915234 0.259857 0.169531
0 0.335434 0.785156 0.444733 0.184375
0 0.754974 0.0300293 0.343567 0.0600586
0 0.0874786 0.798047 0.174957 0.403906
1 0.166824 0.0254883 0.333649 0.0509766
0 0.847931 0.121289 0.304138 0.242578
1 0.0788002 0.12832 0.1576 0.256641
0 0.213638 0.147168 0.345551 0.294336
1 0.632385 0.537598 0.369751 0.429492
1 0.940369 0.614844 0.119263 0.535937
0 0.0993805 0.0882813 0.198761 0.176563
0 0.472107 0.189014 0.40625 0.242285
1 0.970917 0.314063 0.0581665 0.429688
1 0.0993805 0.0882813 0.198761 0.176563
0 0.261791 0.273779 0.380959 0.340723
0 0.310242 0.395703 0.479248 0.617969
1 0.287628 0.916406 0.426086 0.167187
1 0.121201 0.239453 0.242401 0.382031
0 0.151649 0.305469 0.303299 0.441406
0 0.248154 0.239063 0.309052 0.265625
0 0.622864 0.187305 0.477661 0.184766
0 0.157898 0.292383 0.315796 0.305078
1 0.261791 0.273779 0.380959 0.340723
1 0.419739 0.709375 0.289612 0.2875
1 0.332855 0.897656 0.34436 0.182812
1 0.964966 0.0800293 0.0700684 0.160059
0 0.85527 0.915625 0.289459 0.153125
1 0.312622 0.251172 0.381653 0.299219
1 0.414185 0.903125 0.42688 0.1875
1 0.429657 0.749609 0.369751 0.289844
0 0.290207 0.915234 0.259857 0.169531
1 0.380463 0.917188 0.326111 0.165625
0 0.0788002 0.12832 0.1576 0.256641
0 0.683167 0.418359 0.417358 0.447656
1 0.690308 0.523828 0.349121 0.457812
0 0.350311 0.818555 0.519714 0.219141
0 0.923706 0.915625 0.152588 0.16875
0 0.535187 0.166113 0.438782 0.292383
1 0.78215 0.325781 0.403473 0.265625
0 0.436401 0.14082 0.363403 0.281641
1 0.537964 0.20708 0.487183 0.213965
0 0.779968 0.378125 0.411011 0.257812
1 0.332062 0.894531 0.526062 0.179688
1 0.0837097 0.875586 0.167419 0.248828
1 0.139648 0.0428223 0.279297 0.0856445
1 0.0842056 0.196875 0.168411 0.39375
1 0.894745 0.414062 0.21051 0.457812
0 0.940369 0.917578 0.119263 0.164844
0 0.411011 0.194092 0.329285 0.28291
0 0.899109 0.91875 0.201782 0.15
1 0.226135 0.921094 0.452271 0.157813
0 0.966949 0.0532227 0.0661011 0.106445
1 0.926483 0.427344 0.147034 0.71875
1 0.911011 0.458203 0.177979 0.802344
0 0.165039 0.798437 0.293579 0.28125
0 0.0837097 0.875586 0.167419 0.248828
1 0.160873 0.169531 0.295563 0.289453
1 0.572876 0.166797 0.377686 0.239063
0 0.61731 0.601562 0.315796 0.4375
0 0.667297 0.584766 0.393555 0.591406
1 0.200348 0.0209961 0.359436 0.0419922
1 0.185669 0.767187 0.332855 0.367188
1 0.214432 0.817969 0.397919 0.235938
0 0.380463 0.917188 0.326111 0.165625
1 0.819962 0.0531738 0.360077 0.106348
1 0.955444 0.132397 0.0891113 0.171143
0 0.964172 0.375391 0.0716553 0.553125
0 0.941956 0.417578 0.116089 0.646094
0 0.632385 0.537598 0.369751 0.429492
1 0.61731 0.601562 0.315796 0.4375
1 0.423706 0.233008 0.390381 0.280859
1 0.458717 0.642578 0.334641 0.536719
0 0.417358 0.696875 0.317383 0.35625
0 0.72998 0.512598 0.368164 0.468555
1 0.776398 0.450781 0.416565 0.392188
0 0.487579 0.241406 0.456238 0.239844
0 0.776398 0.450781 0.416565 0.392188
0 0.885025 0.482031 0.22995 0.545313
1 0.0830154 0.705078 0.166031 0.566406
0 0.273346 0.803906 0.505432 0.225
1 0.384033 0.8375 0.478455 0.229687
0 0.953857 0.0993164 0.0922852 0.198633
1 0.084404 0.307813 0.168808 0.615625
0 0.667297 0.139258 0.423706 0.178906
1 0.964172 0.143262 0.0716553 0.176367
0 0.960205 0.307813 0.0795898 0.414062
0 0.96933 0.254687 0.0613403 0.314063
0 0.185669 0.767187 0.332855 0.367188
0 0.214432 0.817969 0.397919 0.235938
0 0.827301 0.0875977 0.345398 0.175195
0 0.926483 0.427344 0.147034 0.71875
1 0.933228 0.524902 0.133545 0.737695
0 0.328045 0.118359 0.330971 0.236719
0 0.160675 0.427734 0.32135 0.622656
0 0.404663 0.766797 0.484802 0.319531
1 0.923706 0.915625 0.152588 0.16875
0 0.581207 0.116602 0.407043 0.233203
1 0.683167 0.418359 0.417358 0.447656
0 0.316589 0.830469 0.57605 0.29375
1 0.40873 0.0305664 0.426682 0.0611328
0 0.271412 0.124414 0.35537 0.248828
0 0.859039 0.397656 0.281921 0.597656
0 0.232086 0.463965 0.417358 0.79707
1 0.378082 0.782031 0.474487 0.217187
0 0.414185 0.903125 0.42688 0.1875
0 0.287628 0.916406 0.426086 0.167187
0 0.691895 0.197217 0.4729 0.253223
0 0.314011 0.496094 0.51059 0.910937
0 0.429657 0.749609 0.369751 0.289844
0 0.958618 0.166797 0.0827637 0.114453
0 0.44265 0.917188 0.412796 0.165625
0 0.737518 0.15791 0.441956 0.213867
1 0.432037 0.808594 0.520508 0.357812
0 0.141731 0.910937 0.283463 0.178125
1 0.843369 0.920703 0.313263 0.158594
1 0.279346 0.0229492 0.366478 0.0458984
0 0.0878754 0.173047 0.175751 0.346094
0 0.690704 0.0796875 0.407043 0.159375
0 0.745453 0.242773 0.448303 0.341016
1 0.310242 0.395703 0.479248 0.617969
0 0.59906 0.68125 0.29834 0.484375
0 0.276917 0.740625 0.411011 0.282813
1 0.141731 0.910937 0.283463 0.178125
1 0.963776 0.103711 0.0724487 0.207422
0 0.954651 0.793555 0.0906982 0.341016
0 0.176247 0.921094 0.352493 0.157813
1 0.527252 0.0263672 0.367371 0.0527344
0 0.316788 0.162598 0.32016 0.291992
1 0.507812 0.594629 0.407043 0.487305
0 0.814209 0.510938 0.371582 0.673437
1 0.950684 0.702734 0.0986328 0.428906
1 0.951477 0.894531 0.0970459 0.192188
0 0.124771 0.879687 0.239227 0.196875
0 0.0832634 0.223242 0.166527 0.446484
0 0.089859 0.407031 0.179718 0.795313
0 0.146591 0.83457 0.268585 0.249609
0 0.444336 0.848437 0.491943 0.303125
1 0.124771 0.879687 0.239227 0.196875
1 0.44265 0.917188 0.412796 0.165625
0 0.963776 0.103711 0.0724487 0.207422
1 0.153831 0.338086 0.307663 0.495703
0 0.709351 0.25918 0.425293 0.274609
0 0.442749 0.663281 0.326111 0.440625
1 0.2061 0.158984 0.267792 0.282422
0 0.583984 0.120703 0.347534 0.186719
0 0.084404 0.307813 0.168808 0.615625
0 0.912598 0.411621 0.174805 0.61582
0 0.884827 0.463281 0.230347 0.826563
0 0.564545 0.614844 0.320557 0.454688
1 0.180313 0.70625 0.315399 0.260938
1 0.346691 0.0269531 0.402382 0.0539063
1 0.174362 0.158496 0.348724 0.316992
1 0.635162 0.552246 0.440369 0.554883
0 0.624451 0.0996094 0.434814 0.199219
1 0.472107 0.189014 0.40625 0.242285
0 0.164047 0.498828 0.302704 0.417969
0 0.964172 0.143262 0.0716553 0.176367
0 0.911804 0.229102 0.176392 0.188672
1 0.0868835 0.5125 0.173767 0.867188
0 0.950684 0.702734 0.0986328 0.428906
1 0.754974 0.0300293 0.343567 0.0600586
1 0.156807 0.28833 0.297745 0.241309
1 0.564545 0.614844 0.320557 0.454688
1 0.110886 0.840625 0.214233 0.265625
0 0.951477 0.894531 0.0970459 0.192188
1 0.726807 0.298242 0.380859 0.266016
0 0.460205 0.571094 0.333252 0.510938
1 0.622864 0.187305 0.477661 0.184766
1 0.859039 0.397656 0.281921 0.597656
1 0.428864 0.582031 0.335632 0.4875
1 0.564545 0.549316 0.368958 0.48418
0 0.788696 0.569434 0.376099 0.561133
0 0.0830154 0.705078 0.166031 0.566406
0 0.332855 0.897656 0.34436 0.182812
1 0.0958099 0.759375 0.19162 0.4125
1 0.656982 0.0262695 0.331665 0.0525391
1 0.687927 0.0276123 0.241211 0.0552246
1 0.28009 0.714453 0.390381 0.263281
1 0.954651 0.793555 0.0906982 0.341016
1 0.517731 0.667188 0.44989 0.553125
0 0.108704 0.84082 0.214233 0.280859
0 0.894348 0.726172 0.211304 0.508594
1 0.756958 0.288867 0.407837 0.351953
1 0.885025 0.482031 0.22995 0.545313
1 0.511879 0.754297 0.434616 0.300781
0 0.955444 0.132397 0.0891113 0.171143
1 0.411011 0.194092 0.329285 0.28291
0 0.787308 0.337891 0.424896 0.475781
1 0.827896 0.517969 0.344208 0.582812
0 0.933228 0.524902 0.133545 0.737695
0 0.739502 0.100684 0.380859 0.164648
1 0.691895 0.197217 0.4729 0.253223
1 0.847931 0.121289 0.304138 0.242578
0 0.616119 0.282422 0.568909 0.288281
1 0.59906 0.68125 0.29834 0.484375
0 0.940369 0.614844 0.119263 0.535937
0 0.321747 0.896094 0.572083 0.179688
0 0.528343 0.91875 0.444534 0.1625
0 0.162163 0.535937 0.324326 0.579687
1 0.787903 0.555566 0.40625 0.557617
0 0.168411 0.573047 0.297943 0.388281
1 0.186859 0.623828 0.255493 0.278906
0 0.702606 0.654688 0.392761 0.615625
1 0.487579 0.241406 0.456238 0.239844
1 0.153336 0.496875 0.306671 0.88125
0 0.564545 0.549316 0.368958 0.48418
1 0.499481 0.148438 0.42926 0.296875
0 0.787231 0.115039 0.425537 0.211719
1 0.296356 0.696484 0.430847 0.369531
1 0.157005 0.900781 0.283463 0.1625
1 0.213638 0.147168 0.345551 0.294336
0 0.903076 0.16709 0.193848 0.118164
1 0.406647 0.329883 0.416565 0.388672
0 0.153336 0.496875 0.306671 0.88125
1 0.367371 0.573047 0.434814 0.503906
0 0.495514 0.621777 0.368958 0.512695
1 0.899109 0.91875 0.201782 0.15
1 0.528343 0.91875 0.444534 0.1625
1 0.787308 0.337891 0.424896 0.475781
0 0.406647 0.329883 0.416565 0.388672
0 0.639923 0.233398 0.519714 0.242578
0 0.16861 0.692187 0.313416 0.253125
0 0.785248 0.175781 0.429504 0.244141
0 0.0860901 0.602734 0.17218 0.783594
0 0.904663 0.615625 0.190674 0.620313
0 0.0958099 0.759375 0.19162 0.4125
1 0.940369 0.917578 0.119263 0.164844
1 0.911804 0.229102 0.176392 0.188672
1 0.532013 0.253857 0.49115 0.189941
1 0.337814 0.516797 0.500275 0.846094
1 0.874313 0.52041 0.251373 0.74043
0 0.837219 0.590723 0.325562 0.631055
1 0.273346 0.803906 0.505432 0.225
1 0.470123 0.513281 0.357056 0.4875
0 0.186859 0.623828 0.255493 0.278906
0 0.716095 0.919531 0.481628 0.160938
1 0.467346 0.499121 0.435608 0.679883
0 0.614929 0.503027 0.503052 0.604883
0 0.296356 0.696484 0.430847 0.369531
1 0.709351 0.25918 0.425293 0.274609
1 0.570099 0.491016 0.500671 0.608594
1 0.904663 0.593359 0.190674 0.633594
0 0.964966 0.0800293 0.0700684 0.160059
0 0.157005 0.900781 0.283463 0.1625
1 0.716095 0.919531 0.481628 0.160938
1 0.862213 0.749219 0.275574 0.501562
0 0.82254 0.920703 0.354919 0.158594
0 0.731171 0.647656 0.332458 0.498437
0 0.150757 0.710938 0.301514 0.41875
1 0.600647 0.140649 0.391968 0.179639
0 0.532013 0.253857 0.49115 0.189941
1 0.163452 0.454004 0.326904 0.610742
1 0.150757 0.710938 0.301514 0.41875
0 0.518028 0.500781 0.358841 0.445312
1 0.680389 0.631641 0.432434 0.700781
1 0.105133 0.927344 0.0922394 0.0875
0 0.955322 0.185156 0.0634766 0.0621094
0 0.945801 0.184766 0.0761719 0.0707031
1 0.0951157 0.923437 0.114456 0.1125
1 0.163452 0.644531 0.221375 0.1875
0 0.847412 0.166992 0.0412598 0.0402344
1 0.135979 0.664844 0.193008 0.151562
0 0.902954 0.127148 0.0507812 0.0519531
0 0.954529 0.194531 0.0698242 0.06875
0 0.740295 0.510938 0.401489 0.49375
1 0.170494 0.666797 0.254898 0.20625
0 0.695862 0.569922 0.366577 0.403906
1 0.0652618 0.137012 0.130524 0.210352
0 0.825317 0.463184 0.349365 0.475195
0 0.543518 0.616406 0.412598 0.420312
0 0.741486 0.363086 0.376892 0.430078
0 0.562958 0.736719 0.36261 0.25
1 0.0793457 0.926562 0.110886 0.103125
0 0.610565 0.625391 0.378479 0.405469
0 0.651428 0.537891 0.376099 0.491406
0 0.628418 0.744531 0.377686 0.248437
0 0.484009 0.593359 0.409424 0.416406
0 0.700623 0.444629 0.388794 0.470117
1 0.740295 0.510938 0.401489 0.49375
0 0.719666 0.758594 0.420532 0.292188
1 0.543518 0.616406 0.412598 0.420312
0 0.81282 0.376172 0.374359 0.445312
1 0.174561 0.478516 0.349121 0.432813
0 0.781555 0.771875 0.418945 0.279687
0 0.801117 0.806445 0.397766 0.358984
0 0.490456 0.728906 0.415573 0.296875
1 0.695862 0.569922 0.366577 0.403906
1 0.203125 0.54375 0.40625 0.410156
0 0.174362 0.303174 0.348724 0.301465
0 0.698639 0.635156 0.386414 0.370313
1 0.156708 0.523535 0.313416 0.416992
0 0.174561 0.478516 0.349121 0.432813
0 0.548973 0.520703 0.423904 0.508594
0 0.203125 0.54375 0.40625 0.410156
0 0.390282 0.578027 0.396927 0.437695
1 0.484009 0.593359 0.409424 0.416406
1 0.915771 0.915625 0.168457 0.16875
0 0.156708 0.523535 0.313416 0.416992
1 0.168411 0.565625 0.336823 0.366406
1 0.610565 0.625391 0.378479 0.405469
1 0.651428 0.537891 0.376099 0.491406
0 0.276123 0.240674 0.453857 0.239746
0 0.801514 0.539453 0.396973 0.492969
0 0.308655 0.205029 0.416565 0.315723
0 0.21701 0.241992 0.434021 0.229297
0 0.78215 0.256299 0.42569 0.231152
1 0.825317 0.463184 0.349365 0.475195
1 0.741486 0.363086 0.376892 0.430078
1 0.548973 0.520703 0.423904 0.508594
0 0.168411 0.565625 0.336823 0.366406
0 0.266602 0.173047 0.438782 0.346094
1 0.390282 0.578027 0.396927 0.437695
0 0.356857 0.689844 0.409821 0.307813
0 0.414581 0.710547 0.384827 0.307031
0 0.845154 0.824805 0.309692 0.350391
0 0.171188 0.921094 0.342377 0.157813
0 0.0952148 0.129492 0.19043 0.258984
0 0.244385 0.310742 0.425293 0.301953
0 0.256287 0.230029 0.419739 0.325879
0 0.148773 0.38125 0.297546 0.370313
0 0.960999 0.903125 0.0780029 0.19375
0 0.351898 0.147656 0.405457 0.295312
0 0.164246 0.80332 0.328491 0.246484
0 0.0711136 0.927344 0.142227 0.145313
0 0.441063 0.522559 0.417557 0.561133
0 0.190628 0.729688 0.381256 0.289062
0 0.213043 0.921875 0.426086 0.15625
1 0.700623 0.444629 0.388794 0.470117
1 0.801514 0.539453 0.396973 0.492969
0 0.173767 0.754687 0.347534 0.225
1 0.351898 0.147656 0.405457 0.295312
0 0.416168 0.182471 0.44989 0.32334
0 0.414185 0.132617 0.428467 0.265234
0 0.286438 0.530469 0.428467 0.409375
1 0.628418 0.744531 0.377686 0.248437
1 0.81282 0.376172 0.374359 0.445312
1 0.562958 0.736719 0.36261 0.25
1 0.845154 0.824805 0.309692 0.350391
0 0.870148 0.897656 0.259705 0.204688
1 0.313019 0.203125 0.418152 0.365625
1 0.719666 0.758594 0.420532 0.292188
0 0.803497 0.807617 0.393005 0.266016
0 0.760132 0.158301 0.399902 0.316602
0 0.890381 0.206689 0.219238 0.266309
1 0.414185 0.132617 0.428467 0.265234
0 0.21463 0.150098 0.398315 0.300195
0 0.382545 0.243555 0.463181 0.280859
0 0.92688 0.921094 0.14624 0.157813
0 0.714508 0.164551 0.307068 0.282617
0 0.945923 0.442187 0.108154 0.457812
1 0.441063 0.522559 0.417557 0.561133
1 0.698639 0.635156 0.386414 0.370313
0 0.250336 0.710938 0.500671 0.339063
0 0.351154 0.105664 0.386314 0.211328
0 0.813889 0.167187 0.359039 0.328125
1 0.870148 0.897656 0.259705 0.204688
1 0.266602 0.173047 0.438782 0.346094
0 0.965759 0.398535 0.0684814 0.431055
0 0.345551 0.494141 0.438782 0.547656
0 0.124945 0.833594 0.177784 0.25625
0 0.219391 0.589063 0.430054 0.328125
1 0.775604 0.775 0.416565 0.31875
0 0.884827 0.419629 0.230347 0.474805
0 0.209076 0.789844 0.418152 0.215625
0 0.201538 0.922266 0.403076 0.155469
0 0.282471 0.11416 0.435608 0.22832
1 0.286438 0.530469 0.428467 0.409375
0 0.145996 0.603125 0.269379 0.221875
0 0.538757 0.698438 0.434814 0.434375
0 0.965759 0.0780762 0.0684814 0.156152
0 0.837219 0.149023 0.325562 0.298047
0 0.751404 0.217578 0.253906 0.193359
0 0.914185 0.482812 0.171631 0.49375
0 0.205505 0.444141 0.411011 0.414062
0 0.891174 0.627344 0.217651 0.429688
0 0.188049 0.9 0.376099 0.1125
0 0.206696 0.714844 0.413391 0.396875
1 0.213043 0.921875 0.426086 0.15625
1 0.0683365 0.105371 0.136673 0.191992
0 0.845825 0.161523 0.0460205 0.046875
0 0.895935 0.7125 0.20813 0.371875
0 0.184479 0.249951 0.368958 0.292285
0 0.798218 0.227539 0.217407 0.194531
0 0.353088 0.294482 0.431641 0.328223
0 0.897522 0.538184 0.204956 0.45957
0 0.330872 0.640625 0.439575 0.409375
1 0.518227 0.727734 0.428268 0.319531
0 0.132507 0.769531 0.265015 0.204688
1 0.801117 0.806445 0.397766 0.358984
0 0.726013 0.801758 0.398315 0.249609
1 0.87114 0.558594 0.257721 0.410156
0 0.438385 0.664062 0.405457 0.403125
0 0.907837 0.757031 0.184326 0.351562
0 0.754578 0.137207 0.439575 0.274414
0 0.242798 0.742188 0.469727 0.257812
0 0.102158 0.853125 0.204315 0.29375
0 0.751007 0.232812 0.407043 0.183594
1 0.205505 0.444141 0.411011 0.414062
0 0.777588 0.75625 0.434814 0.409375
0 0.109497 0.871094 0.1698 0.182812
1 0.201538 0.922266 0.403076 0.155469
1 0.0952148 0.129492 0.19043 0.258984
0 0.127846 0.154687 0.255692 0.309375
0 0.213837 0.226611 0.418945 0.395996
1 0.78215 0.256299 0.42569 0.231152
1 0.148773 0.633594 0.297546 0.16875
1 0.92688 0.921094 0.14624 0.157813
0 0.934418 0.221875 0.131165 0.235156
1 0.145996 0.603125 0.269379 0.221875
1 0.416168 0.182471 0.44989 0.32334
1 0.256287 0.230029 0.419739 0.325879
0 0.914185 0.43916 0.171631 0.341992
1 0.538757 0.698438 0.434814 0.434375
0 0.917755 0.789844 0.16449 0.353125
1 0.188049 0.9 0.376099 0.1125
0 0.131119 0.113965 0.262238 0.22793
0 0.874313 0.514063 0.251373 0.421875
1 0.861023 0.622266 0.277954 0.408594
1 0.190628 0.729688 0.381256 0.289062
0 0.359436 0.891406 0.484009 0.217187
0 0.483215 0.166992 0.458618 0.282813
1 0.276123 0.240674 0.453857 0.239746
1 0.960999 0.903125 0.0780029 0.19375
0 0.470421 0.89375 0.515945 0.2125
0 0.0914459 0.185547 0.182892 0.371094
0 0.17218 0.175684 0.34436 0.351367
0 0.967346 0.30293 0.0653076 0.459766
0 0.363403 0.739844 0.414185 0.240625
0 0.87915 0.226562 0.176147 0.240625
0 0.955841 0.307617 0.0883179 0.375391
0 0.119614 0.438281 0.239227 0.407813
1 0.219391 0.589063 0.430054 0.328125
1 0.171188 0.921094 0.342377 0.157813
1 0.117035 0.64375 0.218597 0.178125
0 0.473 0.106836 0.379074 0.213672
0 0.694672 0.126953 0.457825 0.253906
1 0.760132 0.158301 0.399902 0.316602
0 0.140045 0.309424 0.28009 0.326465
1 0.37838 0.656641 0.423904 0.413281
0 0.856262 0.708203 0.287476 0.371094
1 0.857849 0.753125 0.284302 0.353125
1 0.0757256 0.349805 0.151451 0.183203
1 0.75061 0.173633 0.242798 0.273828
0 0.902283 0.364062 0.195435 0.498437
0 0.148773 0.633594 0.297546 0.16875
0 0.693085 0.703125 0.427673 0.41875
0 0.865387 0.780469 0.269226 0.325
0 0.8396 0.918359 0.320801 0.163281
1 0.390381 0.10957 0.352295 0.219141
0 0.956238 0.182031 0.0875244 0.217578
0 0.707764 0.319727 0.393555 0.393359
1 0.861816 0.935156 0.276367 0.129688
1 0.345551 0.494141 0.438782 0.547656
0 0.861023 0.622266 0.277954 0.408594
0 0.564049 0.890234 0.519119 0.219531
0 0.759064 0.896875 0.481873 0.20625
1 0.213837 0.226611 0.418945 0.395996
0 0.297943 0.440234 0.4245 0.435937
0 0.786835 0.662109 0.426331 0.400781
0 0.95108 0.386816 0.0978394 0.335742
0 0.614136 0.403027 0.417358 0.401758
0 0.934814 0.826367 0.130371 0.325391
0 0.253906 0.9125 0.479248 0.175
1 0.816986 0.138281 0.366028 0.276563
0 0.0938263 0.268555 0.187653 0.379297
1 0.148773 0.38125 0.297546 0.370313
0 0.961792 0.863281 0.076416 0.273438
0 0.38681 0.0507812 0.526855 0.101562
1 0.813889 0.167187 0.359039 0.328125
0 0.458618 0.228857 0.409424 0.279785
1 0.884827 0.419629 0.230347 0.474805
1 0.164246 0.80332 0.328491 0.246484
0 0.861816 0.935156 0.276367 0.129688
0 0.188049 0.0530762 0.376099 0.106152
0 0.955444 0.234375 0.0891113 0.274609
0 0.585968 0.735156 0.430847 0.4
0 0.859039 0.87207 0.281921 0.255859
1 0.359436 0.891406 0.484009 0.217187
1 0.754578 0.137207 0.439575 0.274414
1 0.921326 0.423047 0.157349 0.521094
0 0.197174 0.346875 0.394348 0.314844
1 0.414581 0.710547 0.384827 0.307031
1 0.102158 0.853125 0.204315 0.29375
0 0.108902 0.890625 0.217804 0.140625
1 0.890381 0.206689 0.219238 0.266309
0 0.092041 0.766406 0.184082 0.401563
0 0.089859 0.881445 0.179718 0.237109
0 0.670471 0.892969 0.503052 0.214062
0 0.264023 0.0560547 0.524872 0.112109
0 0.658569 0.14707 0.415771 0.294141
1 0.0938263 0.268555 0.187653 0.379297
0 0.163948 0.226172 0.327896 0.359375
1 0.174362 0.303174 0.348724 0.301465
1 0.126755 0.492969 0.25351 0.415625
1 0.0914459 0.185547 0.182892 0.371094
1 0.324524 0.100391 0.411804 0.200781
1 0.802185 0.214453 0.196777 0.201562
0 0.838608 0.307471 0.322784 0.389746
1 0.902283 0.364062 0.195435 0.498437
1 0.895935 0.7125 0.20813 0.371875
0 0.0912476 0.838281 0.182495 0.323438
1 0.0912476 0.838281 0.182495 0.323438
0 0.42688 0.788281 0.4245 0.225
1 0.127846 0.154687 0.255692 0.309375
1 0.87915 0.226562 0.176147 0.240625
1 0.0930328 0.730078 0.186066 0.405469
1 0.733948 0.740625 0.434814 0.4125
1 0.859039 0.87207 0.281921 0.255859
1 0.190628 0.169434 0.381256 0.338867
0 0.954651 0.172559 0.0906982 0.145508
1 0.244385 0.310742 0.425293 0.301953
1 0.707764 0.319727 0.393555 0.393359
0 0.107216 0.800195 0.214432 0.262109
1 0.132507 0.769531 0.265015 0.204688
0 0.630005 0.804883 0.409424 0.280859
1 0.522888 0.889844 0.510986 0.220313
1 0.473 0.106836 0.379074 0.213672
1 0.173767 0.754687 0.347534 0.225
1 0.0810318 0.827344 0.162064 0.245312
1 0.751404 0.217578 0.253906 0.193359
1 0.297943 0.440234 0.4245 0.435937
1 0.356857 0.689844 0.409821 0.307813
0 0.310242 0.787305 0.437988 0.206641
1 0.694672 0.126953 0.457825 0.253906
1 0.751007 0.232812 0.407043 0.183594
0 0.0912476 0.626562 0.182495 0.390625
0 0.127747 0.595312 0.255493 0.39375
0 0.0928345 0.698438 0.185669 0.4
1 0.868958 0.824805 0.262085 0.297266
1 0.0711136 0.927344 0.142227 0.145313
0 0.917358 0.110742 0.165283 0.221484
1 0.643494 0.707812 0.409424 0.421875
1 0.907837 0.757031 0.184326 0.351562
0 0.953064 0.170605 0.0938721 0.341211
0 0.520905 0.109961 0.453064 0.219922
1 0.21701 0.241992 0.434021 0.229297
1 0.0912476 0.626562 0.182495 0.390625
1 0.135284 0.746875 0.270569 0.295312
0 0.813812 0.851562 0.372375 0.296875
1 0.8396 0.918359 0.320801 0.163281
0 0.116837 0.339648 0.233673 0.408203
1 0.965759 0.398535 0.0684814 0.431055
0 0.49839 0.394531 0.41716 0.364062
1 0.786835 0.662109 0.426331 0.400781
1 0.148178 0.623438 0.296356 0.240625
0 0.530823 0.800781 0.414185 0.2625
0 0.856934 0.173047 0.0523682 0.0375
1 0.934418 0.221875 0.131165 0.235156
1 0.184479 0.249951 0.368958 0.292285
0 0.148178 0.623438 0.296356 0.240625
1 0.320953 0.68125 0.435608 0.403125
1 0.206696 0.714844 0.413391 0.396875
1 0.803497 0.807617 0.393005 0.266016
0 0.482422 0.0960938 0.679199 0.192188
1 0.382545 0.243555 0.463181 0.280859
1 0.104315 0.926562 0.0885201 0.084375
0 0.953735 0.186328 0.0507812 0.0554687
1 0.842651 0.871875 0.0841064 0.084375
0 0.960876 0.181641 0.0460205 0.0496094
1 0.103249 0.9125 0.0807343 0.065625
1 0.092041 0.921875 0.0690308 0.078125
1 0.953735 0.186133 0.0507812 0.0511719
1 0.758942 0.714063 0.0944214 0.08125
1 0.53479 0.542578 0.0753784 0.0875
0 0.158493 0.940234 0.316986 0.119531
1 0.853088 0.133301 0.293823 0.266602
0 0.028614 0.08125 0.0572281 0.1625
0 0.133797 0.934375 0.267593 0.13125
0 0.044136 0.945312 0.0882721 0.109375
0 0.853088 0.133301 0.293823 0.266602
0 0.465065 0.717969 0.317184 0.364062
0 0.940369 0.646094 0.119263 0.210156
0 0.936005 0.702344 0.127991 0.2375
0 0.944336 0.762109 0.111328 0.224219
0 0.941956 0.509375 0.116089 0.257812
0 0.931641 0.0662598 0.136719 0.13252
0 0.154427 0.165332 0.308853 0.330664
0 0.943542 0.558203 0.112915 0.244531
0 0.953735 0.199219 0.0507812 0.0535156
0 0.9487 0.801562 0.1026 0.215625
0 0.946716 0.608594 0.106567 0.220313
1 0.158493 0.940234 0.316986 0.119531
0 0.113861 0.501562 0.227722 0.311719
0 0.545898 0.595312 0.330078 0.334375
0 0.598663 0.599219 0.294373 0.326562
0 0.962585 0.922266 0.0748291 0.155469
0 0.468536 0.761719 0.288025 0.296875
0 0.0644684 0.0528809 0.128937 0.105762
0 0.25946 0.0381836 0.242004 0.0763672
0 0.526459 0.688281 0.324524 0.364062
0 0.117233 0.397559 0.234467 0.318945
0 0.660156 0.599219 0.295166 0.334375
0 0.217854 0.0374756 0.223656 0.0749512
0 0.88562 0.281641 0.22876 0.388281
0 0.174957 0.933594 0.349915 0.132812
0 0.302704 0.0378906 0.253906 0.0757812
0 0.0552444 0.144824 0.110489 0.289648
1 0.133797 0.934375 0.267593 0.13125
1 0.154427 0.165332 0.308853 0.330664
0 0.816467 0.292383 0.342773 0.326172
0 0.865982 0.306836 0.268036 0.328516
1 0.028614 0.08125 0.0572281 0.1625
0 0.114258 0.344922 0.228516 0.298438
1 0.940369 0.646094 0.119263 0.210156
0 0.173569 0.0381348 0.21701 0.0762695
1 0.936005 0.702344 0.127991 0.2375
1 0.944336 0.762109 0.111328 0.224219
0 0.144608 0.899219 0.224152 0.128125
0 0.877686 0.486035 0.244629 0.357617
0 0.580811 0.683594 0.317383 0.332812
0 0.957825 0.878125 0.0843506 0.228125
0 0.149963 0.116895 0.299927 0.233789
0 0.171684 0.102734 0.343369 0.205469
0 0.143616 0.444922 0.287231 0.33125
0 0.524475 0.767578 0.247559 0.299219
0 0.569702 0.770312 0.287231 0.321875
0 0.346146 0.0376953 0.260651 0.0753906
0 0.115845 0.142578 0.231689 0.285156
0 0.247162 0.101758 0.317383 0.203516
0 0.816788 0.114355 0.366425 0.228711
0 0.873322 0.20918 0.253357 0.293359
0 0.816467 0.35 0.349121 0.329688
0 0.114655 0.590625 0.229309 0.290625
0 0.631592 0.675 0.303101 0.31875
0 0.29834 0.108398 0.326904 0.216797
0 0.143021 0.55 0.286041 0.342187
0 0.472107 0.813281 0.284058 0.3
0 0.366974 0.107227 0.340393 0.214453
0 0.949097 0.471094 0.101807 0.275781
1 0.113861 0.501562 0.227722 0.311719
1 0.660156 0.599219 0.295166 0.334375
1 0.441162 0.80625 0.301514 0.30625
0 0.128738 0.0393555 0.223755 0.0787109
0 0.879272 0.390234 0.241455 0.386719
0 0.55899 0.733984 0.398315 0.392969
1 0.9487 0.801562 0.1026 0.215625
1 0.931641 0.0662598 0.136719 0.13252
0 0.633179 0.114258 0.338013 0.228516
0 0.598663 0.544531 0.373718 0.389062
0 0.483315 0.589844 0.315598 0.348437
1 0.598663 0.599219 0.294373 0.326562
1 0.719666 0.595703 0.404663 0.35625
1 0.946716 0.608594 0.106567 0.220313
0 0.118622 0.751562 0.237244 0.31875
0 0.639526 0.76875 0.423706 0.354688
0 0.481628 0.113086 0.340393 0.226172
0 0.150459 0.229492 0.300919 0.380078
1 0.545898 0.595312 0.330078 0.334375
0 0.143021 0.639063 0.286041 0.348437
0 0.70459 0.670313 0.350708 0.339063
1 0.465065 0.717969 0.317184 0.364062
1 0.25946 0.0381836 0.242004 0.0763672
1 0.240467 0.147656 0.328392 0.295312
1 0.138458 0.352344 0.276917 0.325
0 0.719666 0.595703 0.404663 0.35625
0 0.118126 0.689062 0.236252 0.301562
0 0.139153 0.807813 0.278305 0.340625
1 0.144608 0.899219 0.224152 0.128125
1 0.302704 0.0378906 0.253906 0.0757812
0 0.396332 0.0382324 0.262634 0.0764648
1 0.816788 0.114355 0.366425 0.228711
1 0.941956 0.509375 0.116089 0.257812
1 0.943542 0.558203 0.112915 0.244531
1 0.217854 0.0374756 0.223656 0.0749512
0 0.742279 0.117285 0.357849 0.23457
0 0.957825 0.275586 0.0843506 0.372266
0 0.145798 0.30332 0.291595 0.337891
1 0.117233 0.397559 0.234467 0.318945
0 0.0961075 0.0416504 0.192215 0.0833008
0 0.445526 0.0394531 0.272156 0.0789063
0 0.55423 0.0397949 0.257874 0.0795898
1 0.206745 0.135937 0.40139 0.271875
1 0.664124 0.551172 0.412598 0.402344
0 0.502159 0.0394531 0.260452 0.0789063
0 0.600647 0.0392578 0.263428 0.0785156
0 0.206745 0.135937 0.40139 0.271875
0 0.664124 0.551172 0.412598 0.402344
1 0.483315 0.589844 0.315598 0.348437
1 0.433922 0.753125 0.327103 0.29375
0 0.149864 0.848242 0.236649 0.303516
1 0.962585 0.922266 0.0748291 0.155469
0 0.0950165 0.178516 0.190033 0.320703
1 0.598663 0.544531 0.373718 0.389062
0 0.68396 0.719531 0.444336 0.379687
1 0.173569 0.0381348 0.21701 0.0762695
0 0.654602 0.0390625 0.253906 0.078125
0 0.933228 0.151465 0.133545 0.30293
0 0.932037 0.315039 0.135925 0.410547
1 0.816467 0.292383 0.342773 0.326172
1 0.877686 0.486035 0.244629 0.357617
1 0.590332 0.843359 0.291992 0.313281
1 0.644287 0.841797 0.266602 0.316406
1 0.922119 0.914844 0.155762 0.170312
1 0.346146 0.0376953 0.260651 0.0753906
0 0.964172 0.151758 0.0716553 0.225
0 0.205704 0.155664 0.365387 0.311328
0 0.857651 0.394629 0.284698 0.335742
1 0.114655 0.590625 0.229309 0.290625
1 0.70459 0.670313 0.350708 0.339063
0 0.635956 0.798437 0.289612 0.321875
0 0.705383 0.0401367 0.255493 0.0802734
1 0.0552444 0.144824 0.110489 0.289648
0 0.898315 0.130859 0.203369 0.261719
1 0.866379 0.249805 0.267242 0.337891
0 0.590332 0.843359 0.291992 0.313281
1 0.957825 0.878125 0.0843506 0.228125
0 0.130896 0.85625 0.175404 0.171875
0 0.902283 0.919531 0.195435 0.160938
0 0.964172 0.154883 0.0716553 0.118359
0 0.101761 0.899219 0.203522 0.1375
1 0.174957 0.933594 0.349915 0.132812
0 0.748627 0.0426758 0.278503 0.0853516
1 0.150459 0.229492 0.300919 0.380078
1 0.166229 0.2875 0.332458 0.346094
1 0.114456 0.803125 0.228912 0.30625
1 0.863205 0.0602539 0.27359 0.120508
1 0.898315 0.130859 0.203369 0.261719
0 0.12973 0.182324 0.25946 0.364648
1 0.12973 0.182324 0.25946 0.364648
1 0.964172 0.154883 0.0716553 0.118359
1 0.873322 0.20918 0.253357 0.293359
1 0.816467 0.35 0.349121 0.329688
1 0.631592 0.675 0.303101 0.31875
1 0.697449 0.796875 0.34436 0.346875
1 0.044136 0.945312 0.0882721 0.109375
1 0.143021 0.55 0.286041 0.342187
0 0.88205 0.899219 0.235901 0.201562
1 0.143616 0.444922 0.287231 0.33125
0 0.899109 0.938281 0.201782 0.123438
1 0.128738 0.0393555 0.223755 0.0787109
1 0.88562 0.281641 0.22876 0.388281
1 0.949097 0.471094 0.101807 0.275781
1 0.68396 0.719531 0.444336 0.379687
0 0.112671 0.852344 0.225342 0.2875
1 0.149864 0.848242 0.236649 0.303516
1 0.101761 0.899219 0.203522 0.1375
1 0.396332 0.0382324 0.262634 0.0764648
1 0.223011 0.186719 0.307762 0.320703
1 0.526459 0.688281 0.324524 0.364062
1 0.118622 0.751562 0.237244 0.31875
1 0.445526 0.0394531 0.272156 0.0789063
1 0.600647 0.0392578 0.263428 0.0785156
1 0.11644 0.301953 0.23288 0.30625
1 0.580811 0.683594 0.317383 0.332812
1 0.130896 0.85625 0.175404 0.171875
1 0.55423 0.0397949 0.257874 0.0795898
0 0.113663 0.24668 0.227325 0.302734
1 0.878082 0.421973 0.243835 0.381055
1 0.143021 0.639063 0.286041 0.348437
1 0.118126 0.689062 0.236252 0.301562
1 0.639526 0.76875 0.423706 0.354688
1 0.574463 0.801562 0.25708 0.303125
1 0.502159 0.0394531 0.260452 0.0789063
1 0.171684 0.102734 0.343369 0.205469
1 0.530029 0.8 0.266602 0.282813
1 0.112671 0.852344 0.225342 0.2875
0 0.492836 0.845312 0.352097 0.309375
1 0.0644684 0.0528809 0.128937 0.105762
1 0.654602 0.0390625 0.253906 0.078125
1 0.247162 0.101758 0.317383 0.203516
0 0.0910492 0.280078 0.182098 0.307031
0 0.844757 0.198096 0.310486 0.343652
1 0.492836 0.845312 0.352097 0.309375
0 0.863205 0.0602539 0.27359 0.120508
1 0.933228 0.151465 0.133545 0.30293
0 0.965363 0.370313 0.0692749 0.313281
1 0.759735 0.341064 0.361023 0.350684
0 0.804764 0.0519531 0.316986 0.103906
1 0.149963 0.116895 0.299927 0.233789
1 0.29834 0.108398 0.326904 0.216797
0 0.969727 0.323779 0.0605469 0.325879
1 0.88205 0.899219 0.235901 0.201562
1 0.366974 0.107227 0.340393 0.214453
1 0.113663 0.24668 0.227325 0.302734
1 0.434418 0.653125 0.36499 0.390625
1 0.0961075 0.0416504 0.192215 0.0833008
1 0.964172 0.151758 0.0716553 0.225
0 0.0900574 0.370313 0.180115 0.295312
1 0.808533 0.642969 0.379272 0.357812
1 0.745453 0.755078 0.400696 0.363281
1 0.702209 0.837695 0.299927 0.324609
1 0.705383 0.0401367 0.255493 0.0802734
1 0.55899 0.733984 0.398315 0.392969
1 0.770844 0.997656 0.134094 0.0046875
1 0.827576 0.999609 0.125366 0.00078125
1 0.115845 0.142578 0.231689 0.285156
0 0.0849991 0.459473 0.169998 0.30918
1 0.8517 0.516797 0.2966 0.378906
0 0.697449 0.796875 0.34436 0.346875
1 0.748627 0.0426758 0.278503 0.0853516
0 0.760132 0.28667 0.353882 0.348535
0 0.873917 0.582031 0.252167 0.325
1 0.533104 0.112891 0.336624 0.225781
1 0.593903 0.114258 0.330872 0.228516
1 0.68515 0.11582 0.346741 0.231641
0 0.491943 0.529004 0.379272 0.37168
1 0.902283 0.919531 0.195435 0.160938
0 0.721649 0.924219 0.334045 0.151562
1 0.85376 1 0.130127 0
0 0.223011 0.186719 0.307762 0.320703
1 0.869156 0.361719 0.261688 0.3375
0 0.880859 0.857813 0.238281 0.284375
1 0.844757 0.198096 0.310486 0.343652
1 0.957825 0.275586 0.0843506 0.372266
0 0.0845032 0.514844 0.169006 0.285156
0 0.434418 0.653125 0.36499 0.390625
1 0.281479 0.233594 0.314606 0.354688
1 0.238831 0.282422 0.328491 0.313281
0 0.0884705 0.563281 0.176941 0.310937
1 0.491943 0.529004 0.379272 0.37168
1 0.560181 0.8625 0.331665 0.275
0 0.61731 0.927344 0.353882 0.145313
0 0.831268 0.924219 0.337463 0.151562
1 0.899109 0.938281 0.201782 0.123438
1 0.804764 0.0519531 0.316986 0.103906
1 0.932037 0.315039 0.135925 0.410547
1 0.962189 0.405566 0.0756226 0.306055
1 0.975677 0.484375 0.048645 0.0796875
0 0.597473 0.132812 0.34436 0.265625
0 0.853683 0.928125 0.292633 0.14375
1 0.969727 0.323779 0.0605469 0.325879
0 0.154823 0.393066 0.309647 0.351367
0 0.827499 0.444531 0.345001 0.348437
1 0.405357 0.837305 0.344559 0.312891
1 0.94342 0.197852 0.0698242 0.0820312
1 0.479149 0.76875 0.22554 0.146875
1 0.74823 0.542969 0.430054 0.364062
0 0.401489 0.79043 0.330078 0.334766
0 0.255692 0.929688 0.351898 0.140625
1 0.0950165 0.178516 0.190033 0.320703
0 0.8517 0.516797 0.2966 0.378906
0 0.745453 0.755078 0.400696 0.363281
1 0.163055 0.79375 0.32135 0.354688
0 0.880066 0.832812 0.239868 0.315625
0 0.309795 0.934375 0.356361 0.13125
1 0.873917 0.582031 0.252167 0.325
0 0.513763 0.933984 0.361023 0.132031
0 0.463776 0.936719 0.356262 0.126563
0 0.865189 0.932813 0.269623 0.134375
0 0.286835 0.140625 0.302307 0.28125
0 0.876297 0.776758 0.247406 0.308984
1 0.192413 0.236914 0.347137 0.353516
0 0.762512 0.381348 0.368164 0.362305
0 0.0841064 0.663281 0.168213 0.292188
0 0.883636 0.673437 0.232727 0.298438
0 0.41349 0.93125 0.339401 0.1375
0 0.702209 0.837695 0.299927 0.324609
1 0.880859 0.857813 0.238281 0.284375
0 0.0733948 0.707031 0.14679 0.295312
1 0.340393 0.1875 0.347534 0.349219
1 0.19519 0.349609 0.34436 0.353906
1 0.824127 0.499121 0.351746 0.370508
1 0.762115 0.834961 0.335632 0.330078
0 0.699432 0.133398 0.361023 0.266797
1 0.0910492 0.280078 0.182098 0.307031
1 0.104935 0.927344 0.0977936 0.090625
0 0.956116 0.186914 0.0603027 0.0613281
1 0.843445 0.878125 0.0983887 0.0953125
0 0.332855 0.604297 0.110291 0.103906
1 0.108803 0.94375 0.0841064 0.071875
1 0.107315 0.914844 0.0888672 0.0828125
0 0.945801 0.184375 0.0761719 0.0726563
0 0.948975 0.186719 0.0539551 0.0535156
0 0.898987 0.12832 0.0634766 0.059375
0 0.956909 0.20332 0.0587158 0.0519531
0 0.359436 0.6 0.115845 0.0960938
0 0.343964 0.592969 0.0968018 0.0929687
1 0.2547 0.448438 0.0960083 0.0921875
0 0.347733 0.614844 0.0971985 0.0859375
1 0.0975704 0.934375 0.0805855 0.078125
1 0.544312 0.64375 0.126953 0.14375
0 0.626831 0.833594 0.350708 0.295312
0 0.570099 0.828906 0.367371 0.273438
0 0.668884 0.793945 0.371338 0.315234
0 0.878281 0.487891 0.243439 0.288281
0 0.879272 0.5375 0.241455 0.303125
0 0.542328 0.869141 0.308655 0.261719
0 0.606995 0.787305 0.338013 0.244141
0 0.595886 0.864648 0.315796 0.270703
0 0.0694275 0.0662109 0.138855 0.132422
0 0.68634 0.836719 0.345947 0.307813
0 0.413788 0.269922 0.0658569 0.0664062
0 0.0540543 0.948438 0.108109 0.103125
0 0.740692 0.7875 0.365784 0.33125
0 0.882843 0.525879 0.234314 0.438867
0 0.878281 0.636719 0.243439 0.284375
0 0.531616 0.908594 0.279297 0.182812
0 0.479645 0.911328 0.266602 0.177344
0 0.728394 0.738672 0.415771 0.322656
1 0.68634 0.836719 0.345947 0.307813
0 0.674438 0.742188 0.358643 0.284375
0 0.876892 0.613281 0.246216 0.41875
0 0.912201 0.0473633 0.175598 0.0947266
0 0.876892 0.394434 0.246216 0.29082
0 0.876495 0.339844 0.247009 0.275781
1 0.531616 0.908594 0.279297 0.182812
0 0.819565 0.798633 0.36087 0.305859
1 0.626831 0.833594 0.350708 0.295312
0 0.482521 0.875 0.298141 0.25
0 0.876495 0.242773 0.247009 0.264453
0 0.558594 0.925391 0.345947 0.149219
0 0.103447 0.281982 0.206894 0.305566
0 0.137566 0.948828 0.275131 0.102344
0 0.0930328 0.0429688 0.186066 0.0859375
0 0.814209 0.871094 0.371582 0.257812
0 0.254898 0.925781 0.348724 0.148438
0 0.107414 0.379004 0.214828 0.313867
1 0.740692 0.7875 0.365784 0.33125
1 0.595886 0.864648 0.315796 0.270703
0 0.106621 0.93125 0.213242 0.1375
0 0.890182 0.150293 0.219635 0.300586
0 0.10672 0.577344 0.21344 0.321875
0 0.501465 0.924219 0.348328 0.151562
0 0.881653 0.423047 0.236694 0.441406
0 0.107811 0.477734 0.215622 0.317969
0 0.668091 0.717969 0.418945 0.351562
0 0.881653 0.733594 0.236694 0.292188
0 0.431641 0.9125 0.284058 0.175
0 0.618896 0.928516 0.347534 0.142969
0 0.881851 0.278125 0.236298 0.420312
0 0.0914459 0.88125 0.182892 0.2
0 0.171387 0.90625 0.313416 0.184375
0 0.589539 0.905469 0.309448 0.189063
1 0.558594 0.925391 0.345947 0.149219
0 0.878677 0.198193 0.242645 0.283301
0 0.108604 0.679688 0.217209 0.3125
0 0.816391 0.734766 0.367218 0.328906
1 0.589539 0.905469 0.309448 0.189063
0 0.874908 0.196484 0.250183 0.392969
1 0.882843 0.525879 0.234314 0.438867
0 0.116241 0.877344 0.216614 0.190625
0 0.52993 0.281299 0.435013 0.378809
1 0.876892 0.613281 0.246216 0.41875
0 0.231243 0.905078 0.311928 0.189844
0 0.856064 0.907812 0.287872 0.153125
0 0.57724 0.323633 0.440369 0.376172
1 0.821152 0.796094 0.357697 0.317187
1 0.570099 0.828906 0.367371 0.273438
1 0.812622 0.842188 0.374756 0.303125
0 0.802307 0.337061 0.395386 0.371191
1 0.668884 0.793945 0.371338 0.315234
0 0.351898 0.923047 0.347534 0.153906
0 0.851501 0.923437 0.296997 0.153125
1 0.0694275 0.0662109 0.138855 0.132422
0 0.793579 0.289404 0.412842 0.368848
0 0.470421 0.595703 0.465164 0.355469
0 0.580116 0.735937 0.442551 0.375
1 0.479645 0.911328 0.266602 0.177344
1 0.501465 0.924219 0.348328 0.151562
0 0.674438 0.929688 0.342773 0.140625
1 0.912201 0.0473633 0.175598 0.0947266
0 0.571686 0.587891 0.468933 0.346094
0 0.57605 0.646094 0.444336 0.360938
0 0.888992 0.832422 0.222015 0.335156
0 0.143913 0.867969 0.258072 0.234375
0 0.773621 0.93125 0.331665 0.1375
0 0.143318 0.253516 0.286636 0.328906
0 0.437294 0.282764 0.429855 0.378223
0 0.650238 0.276123 0.410217 0.371191
0 0.703003 0.327686 0.398315 0.375098
0 0.435509 0.792969 0.452469 0.354688
0 0.445526 0.823242 0.418152 0.266016
0 0.430153 0.876367 0.306076 0.247266
0 0.104637 0.909375 0.209274 0.18125
0 0.291992 0.905859 0.309448 0.188281
1 0.618896 0.928516 0.347534 0.142969
0 0.38562 0.328076 0.44751 0.378223
0 0.786041 0.424609 0.427917 0.380469
0 0.338013 0.79375 0.437988 0.359375
0 0.22316 0.870313 0.341583 0.259375
1 0.542328 0.869141 0.308655 0.261719
0 0.57486 0.0476074 0.312622 0.0952148
0 0.628418 0.0466797 0.312622 0.0933594
0 0.804291 0.244873 0.391418 0.366504
0 0.487183 0.330664 0.437988 0.375391
0 0.826508 0.374805 0.346985 0.383984
0 0.430054 0.547266 0.442749 0.367969
1 0.0540543 0.948438 0.108109 0.103125
0 0.518028 0.0472656 0.322342 0.0945313
0 0.184578 0.302783 0.369156 0.38584
0 0.636353 0.375098 0.44751 0.395117
0 0.749023 0.379785 0.42688 0.387305
0 0.805481 0.471973 0.389038 0.391992
0 0.525665 0.533594 0.460999 0.378125
1 0.879272 0.5375 0.241455 0.303125
0 0.109695 0.781055 0.219391 0.312891
0 0.341187 0.817383 0.411804 0.249609
0 0.383141 0.910937 0.292191 0.178125
0 0.455048 0.0455078 0.303101 0.0910156
0 0.474586 0.432813 0.453659 0.365625
0 0.739899 0.47041 0.453064 0.40293
0 0.739899 0.667578 0.430847 0.344531
1 0.877686 0.667188 0.244629 0.348437
0 0.478851 0.736328 0.44989 0.377344
0 0.291595 0.82832 0.415771 0.283984
0 0.886017 0.792969 0.227966 0.36875
0 0.286438 0.869141 0.36261 0.261719
1 0.254898 0.925781 0.348724 0.148438
0 0.147087 0.454688 0.294174 0.345313
1 0.878281 0.487891 0.243439 0.288281
0 0.149467 0.603125 0.298935 0.367188
0 0.534691 0.791406 0.458817 0.364062
0 0.775208 0.710156 0.449097 0.332812
0 0.481232 0.853125 0.354675 0.29375
0 0.32869 0.262158 0.4487 0.378027
0 0.272751 0.297266 0.405853 0.372656
0 0.442352 0.392969 0.436401 0.342187
0 0.702606 0.431152 0.418152 0.367383
0 0.626831 0.775195 0.428467 0.371484
0 0.101959 0.859375 0.203918 0.28125
1 0.606995 0.787305 0.338013 0.244141
0 0.845154 0.896875 0.309692 0.184375
1 0.159286 0.948047 0.318573 0.103906
0 0.396034 0.0450684 0.312424 0.0901367
0 0.434021 0.65 0.42688 0.35625
0 0.68158 0.632422 0.457031 0.389844
0 0.207439 0.830469 0.39286 0.325
1 0.890182 0.150293 0.219635 0.300586
0 0.100769 0.181445 0.201538 0.303516
0 0.815002 0.176563 0.369995 0.353125
0 0.531517 0.382422 0.44136 0.377344
0 0.240219 0.624219 0.414581 0.39375
0 0.147781 0.351172 0.295563 0.350781
1 0.881653 0.423047 0.236694 0.441406
0 0.819763 0.618359 0.360474 0.397656
0 0.149368 0.698047 0.298737 0.380469
0 0.818573 0.835156 0.362854 0.296875
0 0.82016 0.33208 0.35968 0.393652
1 0.88324 0.326562 0.233521 0.435937
0 0.806274 0.658203 0.387451 0.289844
0 0.380066 0.739062 0.440369 0.378125
0 0.878082 0.726562 0.243835 0.407813
1 0.845154 0.896875 0.309692 0.184375
0 0.728394 0.0460938 0.314209 0.0921875
0 0.228516 0.233936 0.404663 0.337598
0 0.219986 0.349023 0.378876 0.328516
0 0.27533 0.729688 0.430054 0.370313
1 0.674438 0.929688 0.342773 0.140625
0 0.33107 0.0430664 0.294769 0.0861328
0 0.744263 0.228125 0.420532 0.39375
0 0.334839 0.642187 0.431641 0.36875
0 0.774734 0.625 0.450531 0.398438
0 0.2061 0.687109 0.38443 0.344531
0 0.523582 0.698438 0.458817 0.360938
0 0.242203 0.773438 0.429657 0.4
1 0.856064 0.907812 0.287872 0.153125
1 0.829956 0.927344 0.333252 0.145313
0 0.847137 0.924219 0.305725 0.151562
0 0.379173 0.4375 0.438187 0.357812
0 0.279495 0.585156 0.416962 0.364062
1 0.879074 0.673437 0.241852 0.245312
1 0.674438 0.742188 0.358643 0.284375
1 0.773621 0.93125 0.331665 0.1375
0 0.139847 0.0435547 0.279694 0.0871094
0 0.0759239 0.142285 0.151848 0.28457
1 0.874908 0.196484 0.250183 0.392969
0 0.572479 0.473437 0.464172 0.385938
0 0.84079 0.537109 0.31842 0.38125
0 0.19276 0.573438 0.384132 0.371875
0 0.383636 0.596094 0.435608 0.360938
1 0.881653 0.733594 0.236694 0.292188
0 0.147881 0.79375 0.295761 0.345313
0 0.886414 0.813281 0.227173 0.260938
1 0.829285 0.857813 0.341431 0.273438
1 0.171387 0.90625 0.313416 0.184375
0 0.890778 0.917969 0.218445 0.164062
0 0.188446 0.411816 0.376892 0.379492
1 0.728394 0.738672 0.415771 0.322656
0 0.891174 0.880273 0.217651 0.239453
1 0.0930328 0.0429688 0.186066 0.0859375
0 0.815002 0.486328 0.369995 0.410937
0 0.254253 0.528125 0.384926 0.341406
0 0.270172 0.0397461 0.258667 0.0794922
0 0.258072 0.133203 0.377289 0.266406
0 0.375404 0.157227 0.391769 0.314453
0 0.747437 0.167871 0.361816 0.334961
1 0.876495 0.242773 0.247009 0.264453
0 0.330673 0.378125 0.447906 0.328906
1 0.482521 0.875 0.298141 0.25
0 0.645874 0.901563 0.330078 0.196875
1 0.878677 0.198193 0.242645 0.283301
0 0.23288 0.45459 0.422913 0.401758
0 0.343567 0.544141 0.415771 0.363281
0 0.7789 0.527246 0.4422 0.401758
0 0.139847 0.848633 0.279694 0.302734
1 0.431641 0.9125 0.284058 0.175
1 0.351898 0.923047 0.347534 0.153906
0 0.774414 0.156055 0.279297 0.312109
0 0.151947 0.173145 0.303894 0.346289
0 0.632385 0.223242 0.433228 0.386328
1 0.686737 0.739844 0.414978 0.39375
1 0.231243 0.905078 0.311928 0.189844
0 0.766876 0.0393555 0.265808 0.0787109
0 0.83075 0.156445 0.311035 0.312891
0 0.333252 0.476953 0.436401 0.378125
0 0.164841 0.534766 0.329681 0.363281
0 0.826111 0.673437 0.347778 0.265625
0 0.0816269 0.885742 0.163254 0.228516
0 0.218647 0.0391602 0.245079 0.0783203
1 0.143318 0.253516 0.286636 0.328906
1 0.82016 0.33208 0.35968 0.393652
0 0.62088 0.526465 0.487976 0.389258
1 0.878082 0.726562 0.243835 0.407813
1 0.788696 0.831055 0.377686 0.297266
0 0.0603027 0.915625 0.120605 0.159375
0 0.291992 0.151172 0.301514 0.302344
0 0.473595 0.156445 0.322342 0.312891
0 0.528046 0.154785 0.32135 0.30957
0 0.586365 0.152539 0.317383 0.305078
0 0.477264 0.232861 0.428467 0.382715
1 0.876892 0.394434 0.246216 0.29082
0 0.818176 0.575 0.363647 0.4125
1 0.106621 0.93125 0.213242 0.1375
0 0.233673 0.143848 0.265808 0.287695
1 0.79425 0.166016 0.357056 0.330078
1 0.104637 0.32832 0.209274 0.321484
1 0.876495 0.339844 0.247009 0.275781
0 0.266998 0.407031 0.414978 0.340625
1 0.645874 0.901563 0.330078 0.196875
0 0.374313 0.222852 0.447113 0.394922
0 0.820557 0.25293 0.358887 0.366016
1 0.749023 0.334961 0.414185 0.375391
0 0.742676 0.573438 0.442749 0.38125
1 0.638733 0.694531 0.415771 0.325
1 0.481232 0.853125 0.354675 0.29375
1 0.116241 0.877344 0.216614 0.190625
0 0.689117 0.159277 0.335632 0.318555
0 0.635559 0.163281 0.38562 0.326562
1 0.578827 0.277539 0.445129 0.376953
1 0.802307 0.337061 0.395386 0.371191
1 0.107811 0.477734 0.215622 0.317969
1 0.147087 0.454688 0.294174 0.345313
1 0.10672 0.577344 0.21344 0.321875
1 0.571686 0.587891 0.468933 0.346094
1 0.57605 0.646094 0.444336 0.360938
1 0.151947 0.173145 0.303894 0.346289
1 0.793579 0.289404 0.412842 0.368848
1 0.430054 0.547266 0.442749 0.367969
1 0.149467 0.603125 0.298935 0.367188
1 0.0914459 0.88125 0.182892 0.2
1 0.143913 0.867969 0.258072 0.234375
1 0.823334 0.183008 0.353333 0.366016
1 0.641907 0.323828 0.414185 0.374219
1 0.470421 0.595703 0.465164 0.355469
0 0.819046 0.671875 0.348724 0.245312
1 0.815399 0.766016 0.369202 0.328906
1 0.291992 0.905859 0.309448 0.188281
1 0.518028 0.0472656 0.322342 0.0945313
1 0.57486 0.0476074 0.312622 0.0952148
1 0.628418 0.0466797 0.312622 0.0933594
1 0.774414 0.156055 0.279297 0.312109
1 0.155617 0.320508 0.311234 0.382422
1 0.530426 0.326367 0.435608 0.375391
1 0.149368 0.698047 0.298737 0.380469
1 0.580116 0.735937 0.442551 0.375
1 0.106819 0.925 0.0880737 0.0875
0 0.955322 0.183008 0.0507812 0.0539063
1 0.351105 0.539062 0.0785522 0.0867188
0 0.945801 0.183984 0.055542 0.0523437
0 0.668091 0.288281 0.0507812 0.040625
0 0.901367 0.128711 0.0476074 0.0492188
1 0.954529 0.183008 0.0539551 0.0539063
0 0.950562 0.175049 0.0571289 0.0499023
0 0.26561 0.420312 0.0432434 0.0390625
1 0.389984 0.361328 0.109497 0.103125
1 0.393555 0.370313 0.092041 0.0835937
0 0.764893 0.725391 0.0380859 0.0414063
1 0.542725 0.77832 0.0872803 0.0683594
0 0.770844 0.726953 0.0484009 0.0484375
1 0.115845 0.928906 0.0694275 0.0734375
0 0.725616 0.979688 0.0547485 0.040625
1 0.0902557 0.919531 0.0569305 0.0671875
1 0.17099 0.725781 0.0809326 0.0703125
0 0.98877 0 0.0224609 0
0 0.66095 0.288672 0.0412598 0.0382813
0 0.712524 0.815625 0.0349121 0.0390625
0 0.581604 0.869141 0.285645 0.261719
0 0.0416565 0.952344 0.083313 0.0953125
0 0.0968018 0.190039 0.193604 0.173438
0 0.842453 0.323242 0.30191 0.223828
0 0.633972 0.870313 0.279297 0.240625
1 0.541931 0.765625 0.0952148 0.103125
0 0.0391769 0.0484375 0.0783539 0.096875
0 0.0982895 0.0859375 0.196579 0.171875
0 0.80159 0.192578 0.348724 0.269141
0 0.849197 0.268945 0.288422 0.238672
0 0.572876 0.813867 0.272949 0.231641
0 0.802979 0.283594 0.345947 0.269531
0 0.0619888 0.472266 0.123978 0.164844
0 0.065361 0.378125 0.130722 0.192969
0 0.0618896 0.422656 0.123779 0.167969
0 0.804565 0.424902 0.360229 0.262695
0 0.637939 0.815625 0.282471 0.240625
0 0.0727997 0.176172 0.145599 0.169531
0 0.845154 0.382129 0.309692 0.274805
0 0.466156 0.436816 0.337219 0.306055
0 0.0578232 0.524219 0.115646 0.175
0 0.027957 0.367383 0.0474339 0.0550781
0 0.219738 0.250439 0.363503 0.32334
0 0.795044 0.340039 0.34436 0.255859
0 0.0826187 0.438281 0.165237 0.154687
0 0.617706 0.769531 0.273743 0.23125
0 0.695068 0.828125 0.317383 0.273438
0 0.112373 0.929688 0.224747 0.140625
0 0.0744362 0.228125 0.148872 0.190625
0 0.742279 0.136523 0.36261 0.273047
0 0.802185 0.133008 0.349121 0.266016
0 0.216564 0.183008 0.373024 0.277734
0 0.83551 0.186523 0.255493 0.246484
0 0.105331 0.28125 0.210663 0.284375
0 0.0746841 0.331055 0.149368 0.196484
0 0.0835114 0.478125 0.167023 0.157813
0 0.169006 0.544531 0.311829 0.330469
0 0.076767 0.571875 0.153534 0.128125
0 0.441261 0.717188 0.261642 0.310937
0 0.68396 0.785937 0.312622 0.275
0 0.521698 0.870117 0.268982 0.259766
0 0.145401 0.970312 0.290802 0.059375
0 0.0988102 0.927344 0.0725517 0.090625
0 0.0788498 0.664453 0.1577 0.225781
0 0.0565338 0.0450195 0.113068 0.0900391
0 0.0795937 0.420703 0.159187 0.280469
0 0.538063 0.346289 0.358444 0.302734
0 0.0739899 0.472266 0.14798 0.276563
0 0.0712128 0.521094 0.142426 0.270312
0 0.0688324 0.569531 0.137665 0.279687
0 0.841187 0.808008 0.317627 0.265234
0 0.0363998 0.124023 0.0727997 0.248047
0 0.0718575 0.226123 0.143715 0.279004
0 0.0872803 0.123828 0.174561 0.187109
0 0.078701 0.370703 0.157402 0.277344
0 0.105728 0.358398 0.211456 0.235547
0 0.0617905 0.620313 0.123581 0.271875
0 0.0558395 0.566016 0.111679 0.153906
0 0.199902 0.398438 0.357155 0.335938
0 0.0798416 0.604688 0.159683 0.158594
0 0.0802383 0.710156 0.160477 0.16875
0 0.741882 0.188672 0.36499 0.280859
0 0.424896 0.336523 0.305481 0.273828
0 0.0551949 0.666406 0.11039 0.2625
0 0.491249 0.711719 0.293381 0.304688
0 0.161964 0.190625 0.323929 0.264062
0 0.077858 0.278516 0.155716 0.189844
0 0.188446 0.286914 0.337219 0.248047
0 0.160675 0.427344 0.270569 0.207813
0 0.151749 0.471191 0.303497 0.210742
0 0.51535 0.474609 0.327698 0.278125
0 0.808533 0.469629 0.338013 0.23418
0 0.282471 0.539062 0.27533 0.309375
0 0.767273 0.505859 0.31897 0.246094
0 0.147186 0.571094 0.219788 0.195312
0 0.891174 0.833789 0.217651 0.332422
1 0.618103 0.392188 0.117432 0.116406
0 0.168312 0.273047 0.336624 0.329688
0 0.884033 0.378809 0.231934 0.256445
0 0.495216 0.398828 0.358444 0.317187
0 0.332062 0.421484 0.31897 0.263281
0 0.0561371 0.609375 0.112274 0.15625
0 0.562561 0.764453 0.235657 0.180469
0 0.738312 0.791406 0.330872 0.292188
0 0.850906 0.851562 0.298187 0.28125
0 0.480438 0.160352 0.241211 0.214453
0 0.883041 0.329688 0.233917 0.248437
0 0.397621 0.399902 0.358444 0.337695
0 0.226334 0.54375 0.313812 0.329688
0 0.120407 0.441016 0.240814 0.202344
0 0.0474091 0.709375 0.0948181 0.259375
0 0.833847 0.950781 0.332306 0.0984375
0 0.674835 0.130566 0.414978 0.261133
0 0.301712 0.238672 0.329681 0.301562
0 0.395042 0.708594 0.292191 0.31875
0 0.889984 0.913281 0.220032 0.173438
1 0.0416565 0.952344 0.083313 0.0953125
0 0.357452 0.921875 0.368958 0.15625
0 0.484406 0.230029 0.327698 0.304785
0 0.739502 0.241602 0.366577 0.304297
0 0.545105 0.291406 0.352295 0.317969
0 0.883636 0.428906 0.232727 0.267188
0 0.427773 0.755469 0.166428 0.164062
0 0.62088 0.716797 0.253113 0.238281
0 0.298687 0.177148 0.334938 0.245703
0 0.426186 0.168652 0.250534 0.230273
0 0.179222 0.349023 0.358444 0.304297
0 0.365387 0.322266 0.284851 0.221094
0 0.258072 0.411719 0.285248 0.239063
0 0.74942 0.469629 0.354675 0.281055
0 0.582001 0.519531 0.316589 0.2625
0 0.209026 0.56875 0.2183 0.210938
0 0.269577 0.571094 0.236847 0.21875
0 0.423012 0.607813 0.239426 0.175
0 0.47052 0.755859 0.185669 0.161719
1 0.633972 0.870313 0.279297 0.240625
0 0.542328 0.906641 0.297546 0.186719
0 0.566528 0.936328 0.368164 0.127344
0 0.625244 0.946484 0.355469 0.107031
0 0.735138 0.944922 0.353088 0.110156
0 0.68158 0.517578 0.336426 0.264844
0 0.463478 0.871875 0.248947 0.25625
0 0.0550461 0.165332 0.110092 0.260742
0 0.641907 0.133203 0.352295 0.266406
0 0.38205 0.176367 0.283264 0.226172
0 0.538757 0.164062 0.309448 0.241406
0 0.245922 0.285156 0.357948 0.269531
0 0.429359 0.276758 0.287033 0.278516
0 0.144707 0.607813 0.24617 0.160156
0 0.332855 0.700781 0.294373 0.323438
0 0.529236 0.689844 0.279297 0.295312
0 0.902283 0.930859 0.195435 0.138281
0 0.316788 0.939062 0.351105 0.121875
0 0.255295 0.475781 0.311432 0.271875
0 0.104935 0.580469 0.209076 0.165625
0 0.0415573 0.755469 0.0831146 0.24375
0 0.570892 0.727734 0.199158 0.205469
0 0.59906 0.905469 0.311035 0.189063
0 0.886017 0.959375 0.227966 0.08125
1 0.538361 0.757812 0.120605 0.120312
0 0.836823 0.195508 0.326355 0.266016
0 0.125168 0.482812 0.250336 0.211719
0 0.887207 0.569141 0.225586 0.25
0 0.120804 0.555078 0.241608 0.311719
0 0.268784 0.692187 0.291595 0.321875
0 0.682373 0.725781 0.304688 0.26875
1 0.695068 0.828125 0.317383 0.273438
1 1 0 0 0
0 0.82135 0.162207 0.3573 0.324414
1 0.0968018 0.190039 0.193604 0.173438
0 0.739502 0.336328 0.353882 0.28125
0 0.278553 0.380078 0.31411 0.3125
0 0.743866 0.421094 0.365784 0.278125
0 0.891174 0.607031 0.217651 0.20625
1 0.076767 0.571875 0.153534 0.128125
0 0.475281 0.606641 0.234863 0.166406
0 0.516541 0.741016 0.204712 0.189844
0 0.375999 0.867969 0.296951 0.264062
0 0.399109 0.907031 0.297546 0.185937
0 0.873322 0.967578 0.253357 0.0648438
1 0.809128 1 0.0987854 0
0 0.201538 0.135937 0.376099 0.271875
0 0.539551 0.116992 0.287231 0.233984
1 0.0826187 0.438281 0.165237 0.154687
0 0.203125 0.415234 0.269775 0.221875
0 0.191818 0.474121 0.32016 0.243945
0 0.343914 0.485547 0.351601 0.297656
0 0.418152 0.485938 0.361023 0.304688
0 0.351303 0.534375 0.300323 0.29375
0 0.156013 0.678125 0.26799 0.29375
0 0.570892 0.663281 0.229309 0.253125
0 0.256634 0.719141 0.216713 0.214844
0 0.315399 0.729688 0.202332 0.196875
0 0.828888 0.759375 0.342224 0.278125
0 0.5093 0.813281 0.273148 0.232812
0 0.891968 0.883984 0.216064 0.232031
0 0.349518 0.905469 0.317383 0.189063
0 0.163254 0.0939453 0.326508 0.187891
0 0.779175 0.133789 0.415771 0.267578
1 0.0618896 0.422656 0.123779 0.167969
0 0.886017 0.514063 0.227966 0.23125
0 0.806152 0.505469 0.27771 0.21875
0 0.30687 0.757031 0.236847 0.145313
0 0.651428 0.903125 0.328491 0.19375
0 0.0628815 0.084082 0.125763 0.168164
1 0.105331 0.28125 0.210663 0.284375
0 0.367569 0.234375 0.297943 0.303125
0 0.324921 0.281641 0.281677 0.258594
1 0.105728 0.358398 0.211456 0.235547
0 0.312424 0.32832 0.280487 0.234766
1 0.883636 0.428906 0.232727 0.267188
1 0.466156 0.436816 0.337219 0.306055
1 0.0619888 0.472266 0.123978 0.164844
1 0.0835114 0.478125 0.167023 0.157813
0 0.470123 0.519531 0.273743 0.264062
1 0.0798416 0.604688 0.159683 0.158594
0 0.11277 0.611719 0.22554 0.157813
0 0.198959 0.605469 0.263824 0.179688
0 0.0549469 0.65625 0.109894 0.171875
0 0.0356064 0.797656 0.0712128 0.220313
0 0.835831 0.793945 0.328339 0.290234
1 0.637939 0.815625 0.282471 0.240625
1 0.581604 0.869141 0.285645 0.261719
0 0.839478 0.864062 0.288818 0.271875
0 0.86142 0.903906 0.277161 0.192188
0 0.503845 0.921875 0.38324 0.15625
1 0.0727997 0.176172 0.145599 0.169531
1 0.802979 0.283594 0.345947 0.269531
1 0.884033 0.378809 0.231934 0.256445
0 0.375404 0.744531 0.177536 0.178125
0 0.739502 0.864062 0.315796 0.267188
0 0.909424 0.0459961 0.181152 0.0919922
1 0.0982895 0.0859375 0.196579 0.171875
0 0.148376 0.129883 0.296753 0.259766
0 0.492638 0.124121 0.241409 0.248242
1 0.80159 0.192578 0.348724 0.269141
0 0.88443 0.267383 0.23114 0.218359
1 0.538063 0.346289 0.358444 0.302734
1 0.795044 0.340039 0.34436 0.255859
1 0.065361 0.378125 0.130722 0.192969
1 0.0791473 0.552344 0.158295 0.229687
0 0.439178 0.571875 0.21582 0.223438
1 0.0561371 0.609375 0.112274 0.15625
1 0.0788498 0.664453 0.1577 0.225781
0 0.11763 0.685547 0.23526 0.305469
0 0.209522 0.679297 0.281578 0.297656
0 0.256683 0.755078 0.252319 0.152344
0 0.64032 0.184766 0.361816 0.285156
1 0.0945206 0.417188 0.189041 0.251563
1 0.804565 0.424902 0.360229 0.262695
1 0.0578232 0.524219 0.115646 0.175
1 0.0558395 0.566016 0.111679 0.153906
0 0.380859 0.610937 0.290405 0.184375
0 0.528442 0.60625 0.231689 0.160938
0 0.610962 0.653125 0.249146 0.246875
0 0.892761 0.761328 0.214478 0.275781
0 0.893158 0.141113 0.213684 0.282227
1 0.0744362 0.228125 0.148872 0.190625
0 0.589142 0.243164 0.372131 0.318359
0 0.370941 0.273779 0.264221 0.257129
0 0.641907 0.280273 0.363403 0.287891
1 0.0746841 0.331055 0.149368 0.196484
0 0.540443 0.433496 0.374313 0.29707
1 0.51535 0.474609 0.327698 0.278125
0 0.260849 0.611328 0.290802 0.204688
1 0.68396 0.785937 0.312622 0.275
0 0.271362 0.95625 0.345947 0.0875
1 0.674835 0.130566 0.414978 0.261133
1 0.742279 0.136523 0.36261 0.273047
0 0.418053 0.525781 0.311234 0.275
1 0.572876 0.813867 0.272949 0.231641
1 0.521698 0.870117 0.268982 0.259766
0 0.17337 0.957812 0.346741 0.084375
0 0.583984 0.116602 0.401489 0.233203
1 0.0872803 0.123828 0.174561 0.187109
0 0.455544 0.14248 0.294968 0.284961
1 0.883041 0.329688 0.233917 0.248437
0 0.830475 0.308789 0.33905 0.354297
0 0.395836 0.571094 0.274734 0.228125
0 0.895935 0.636719 0.20813 0.171094
0 0.334045 0.615625 0.322144 0.20625
0 0.0331268 0.851758 0.0662537 0.224609
1 0.463478 0.871875 0.248947 0.25625
0 0.60144 0.473828 0.34436 0.279687
0 0.487877 0.908594 0.281082 0.182812
1 0.59906 0.905469 0.311035 0.189063
0 0.847931 0.898438 0.304138 0.203125
0 0.342972 0.145508 0.327301 0.282422
1 0.741882 0.188672 0.36499 0.280859
1 0.077858 0.278516 0.155716 0.189844
1 0.842453 0.323242 0.30191 0.223828
1 0.495216 0.398828 0.358444 0.317187
1 0.887207 0.569141 0.225586 0.25
0 0.499084 0.571094 0.222168 0.215625
0 0.576843 0.607813 0.203125 0.148438
0 0.790283 0.739062 0.326904 0.276563
1 0.738312 0.791406 0.330872 0.292188
1 0.112373 0.929688 0.224747 0.140625
0 0.541138 0.0994141 0.357056 0.198828
1 0.106522 0.928906 0.0896606 0.0921875
0 0.955322 0.184766 0.0634766 0.0628906
1 0.845825 0.88125 0.0825195 0.078125
1 0.0970993 0.928906 0.0763702 0.075
0 0.963257 0.180664 0.0571289 0.0578125
1 0.119415 0.932813 0.0714111 0.078125
0 0.945801 0.184766 0.0618896 0.0589844
1 0.533997 0.544531 0.0872803 0.096875
1 0.518524 0.550391 0.118225 0.109375
0 0.670471 0.289062 0.0491943 0.0429688
1 0.955322 0.18418 0.0666504 0.0617188
1 0.105431 0.914062 0.0779572 0.075
1 1 0 0 0
1 0.754578 0.720312 0.0714111 0.0609375
1 0.105133 0.927344 0.0944214 0.090625
0 0.956909 0.182422 0.0634766 0.0628906
1 0.847412 0.879687 0.0841064 0.08125
0 0.945007 0.181836 0.0587158 0.0597656
1 0.168015 0.728516 0.0924377 0.084375
0 0.737122 0.966797 0.0793457 0.0664062
0 0.740692 0.975781 0.0817261 0.0484375
1 0.106298 0.915625 0.0829659 0.08125
0 0.0310936 0.649219 0.0392761 0.0460938
0 0.754578 0.974219 0.092041 0.0515625
0 0.106497 0.921875 0.094471 0.09375
1 0.958496 0.183398 0.0634766 0.0625
0 0.902954 0.126953 0.0523682 0.0558594
0 0.499878 0.500781 0.0412598 0.05
0 0.752991 0.715625 0.0825195 0.0703125
0 0.779968 0.976562 0.0714111 0.046875
0 0.726807 0.978906 0.0666504 0.0421875
1 0.529236 0.541797 0.104736 0.122656
0 0.935486 0.177734 0.0571289 0.0523437
1 0.104042 0.928125 0.0954132 0.09375
0 0.952148 0.185547 0.0603027 0.0609375
1 0.844238 0.878125 0.0841064 0.084375
0 0.963257 0.180664 0.0571289 0.0617188
0 0.735535 0.969531 0.072998 0.0609375
0 0.951355 0.176221 0.0666504 0.0694336
0 0.209076 0.0484863 0.0563354 0.055957
0 0.956909 0.207031 0.0698242 0.05625
0 0.78096 0.976172 0.0662537 0.0476562
0 0.956909 0.183936 0.0603027 0.0602539
1 0.104538 0.925 0.0971985 0.09375
0 0.946594 0.180859 0.0634766 0.0652344
1 0.518921 0.544531 0.112671 0.103125
1 0.53598 0.547266 0.113464 0.117969
1 0.387207 0.829687 0.12616 0.103125
1 0.107018 0.677344 0.135086 0.125
0 0.75061 0.974609 0.106323 0.0507812
0 1 0.193555 0 0.0648438
0 0.736328 0.966406 0.0809326 0.0671875
1 0.103968 0.925 0.100323 0.096875
0 0.958496 0.183252 0.0603027 0.0616211
1 0.764893 0.720312 0.0587158 0.0578125
1 0.847412 0.875 0.0761719 0.075
1 0.756165 0.716406 0.0793457 0.065625
1 0.541931 0.535156 0.055542 0.0546875
1 0.768066 0.726562 0.0491943 0.04375
1 0.958496 0.184424 0.0603027 0.0584961
0 0.952148 0.19082 0.0571289 0.0574219
1 0.53717 0.528516 0.0587158 0.059375
0 0.945801 0.183203 0.0682373 0.0632813
0 0.952942 0.183203 0.0571289 0.05625
1 0.104836 0.927344 0.0934296 0.090625
0 0.96167 0.178906 0.0539551 0.0558594
0 0.952148 0.174609 0.0539551 0.0484375
0 0.958496 0.171289 0.055542 0.0476562
1 0.952148 0.181445 0.0571289 0.0546875
0 0.955322 0.187305 0.0571289 0.05625
1 0.105951 0.928906 0.095562 0.0953125
0 0.962463 0.180859 0.0539551 0.0578125
0 0.902161 0.131445 0.0460205 0.0458984
0 0.956909 0.184033 0.0603027 0.0616211
1 0.104315 0.927344 0.0972481 0.0953125
0 0.951355 0.174414 0.0587158 0.0527344
0 0.947388 0.186328 0.0634766 0.0597656
1 0.955322 0.183154 0.0603027 0.0618164
1 0.104116 0.929688 0.0928841 0.090625
0 0.955322 0.1875 0.0603027 0.0570313
1 0.550659 0.460938 0.0793457 0.08125
1 0.53241 0.411719 0.0491943 0.0554687
1 0.475281 0.337109 0.0634766 0.0570313
0 0.963257 0.18125 0.0571289 0.059375
1 0.543121 0.76875 0.0936279 0.0875
1 0.106125 0.929688 0.0918427 0.0890625
0 0.955322 0.186133 0.0571289 0.05625
0 0.963257 0.180908 0.0539551 0.0561523
1 0.10434 0.929688 0.0936279 0.090625
0 0.952148 0.185498 0.0650635 0.0625977
0 0.963257 0.179346 0.0634766 0.0670898
1 0.106943 0.928125 0.0943718 0.0953125
0 0.953735 0.186133 0.0618896 0.0597656
0 0.963257 0.180811 0.0587158 0.0586914
1 0.104141 0.928125 0.0979919 0.0953125
0 0.954529 0.186133 0.0571289 0.0550781
1 0.763306 0.722656 0.0491943 0.0484375
1 0.0116291 1 0.0232582 0
1 0.265015 0.017334 0.0587158 0.034668
1 0.0189686 1 0.0379372 0
0 0.953735 0.187109 0.0571289 0.0554687
1 0.104538 0.926562 0.092041 0.09375
0 0.96167 0.182227 0.0571289 0.0546875
1 0.953735 0.185937 0.0571289 0.05625
1 1 0.0741699 0 0.107715
1 1 0.0387695 0 0.0775391
1 1 0.0499512 0 0.0999023
1 0.103645 0.925 0.096405 0.096875
0 0.953735 0.186523 0.0603027 0.0585938
1 0.105728 0.927344 0.0999756 0.0984375
0 0.955322 0.185352 0.0634766 0.0625
0 0.964844 0.179688 0.0603027 0.0613281
1 0.104563 0.929688 0.0963554 0.096875
0 0.956116 0.186133 0.0587158 0.0574219
0 0.946594 0.184717 0.0587158 0.0563477
0 0.96405 0.182422 0.0571289 0.0570313
0 0.953735 0.184766 0.0603027 0.059375
1 0.10424 0.928125 0.0960083 0.09375
0 0.906128 0.12832 0.0412598 0.0472656
0 0.913269 0.132227 0.0444336 0.05
1 0.105232 0.929688 0.0952148 0.090625
0 0.956909 0.186133 0.0603027 0.0585938
1 0.107117 0.926562 0.0991821 0.096875
0 0.955322 0.186523 0.0603027 0.0574219
0 0.953735 0.173633 0.0618896 0.0472656
0 0.963257 0.182812 0.0603027 0.0578125
1 0.10424 0.926562 0.0989838 0.0953125
0 0.954529 0.186328 0.0587158 0.0589844
0 0.945801 0.183936 0.0634766 0.0579102
0 0.906128 0.124219 0.0444336 0.0539063
0 0.76767 0.730859 0.0420532 0.0390625
0 0.960876 0.180664 0.0618896 0.059375
1 0.104637 0.928125 0.0938263 0.090625
0 0.955322 0.186914 0.0603027 0.0589844
0 0.718872 0.710938 0.0507812 0.0453125
1 0.5578 0.0216064 0.0785522 0.0432129
1 0.106026 0.926562 0.0968018 0.09375
0 0.955322 0.186328 0.0603027 0.0578125
0 0.910889 0.128809 0.0444336 0.0535156
1 0.104315 0.926562 0.0968513 0.09375
0 0.953735 0.187061 0.0571289 0.0555664
1 0.104141 0.928125 0.0952148 0.09375
0 0.956116 0.186133 0.0587158 0.0574219
0 0.142723 0.288672 0.038681 0.0328125
1 0.79187 0.480078 0.0650635 0.0617188
0 0.907715 0.129688 0.0396729 0.04375
0 0.609375 0.137305 0.0412598 0.0324219
0 0.290405 0.289062 0.0404663 0.03125
0 0.956116 0.185205 0.0603027 0.0584961
1 0.106621 0.926562 0.0954132 0.096875
1 0.105108 0.926562 0.0936775 0.090625
0 0.955322 0.184961 0.0571289 0.0589844
0 0.901367 0.130566 0.0476074 0.0498047
1 0.105927 0.926562 0.0956116 0.096875
0 0.954529 0.186377 0.0587158 0.0569336
1 0.105232 0.925 0.0962067 0.09375
0 0.956909 0.184961 0.0571289 0.05625
0 0.905334 0.12793 0.0444336 0.046875
0 0.956116 0.185937 0.0587158 0.0574219
1 0.107141 0.925 0.0971489 0.096875
0 0.956909 0.204492 0.0539551 0.0441406
1 0.0233078 0.454688 0.0466156 0.107813
1 0.104637 0.924219 0.0954132 0.09375
0 0.955322 0.186133 0.0571289 0.05625
1 0.103769 0.926562 0.0939751 0.09375
0 0.955322 0.186768 0.0603027 0.0577148
0 0.955322 0.185498 0.0571289 0.0563477
1 0.104538 0.926562 0.0936279 0.09375
0 0.955322 0.186133 0.0603027 0.0570313
1 0.107315 0.926562 0.0954132 0.0953125
1 0.102976 0.927344 0.0963554 0.09375
0 0.956116 0.186328 0.0603027 0.0574219
0 0.955322 0.185889 0.0603027 0.0586914
1 0.103125 0.928906 0.0972481 0.096875
1 0 0.953906 0 0.0921875
1 0.104935 0.926562 0.094223 0.09375
0 0.954529 0.185547 0.0587158 0.0570313
1 0.104166 0.926562 0.0947685 0.09375
0 0.956116 0.186328 0.0571289 0.0570313
0 0.956909 0.186328 0.0603027 0.0570313
1 0.102579 0.927344 0.0951653 0.0953125
0 0.136772 0.290039 0.0432434 0.0375
1 0.10553 0.928125 0.0968018 0.09375
0 0.955322 0.186719 0.0571289 0.0574219
1 0.105034 0.926562 0.0997772 0.096875
0 0.956116 0.186133 0.0603027 0.0578125
1 0.105431 0.927344 0.0938263 0.0921875
0 0.956116 0.18418 0.0603027 0.059375
1 0.360229 0.561328 0.0856934 0.0851562
1 0.105356 0.926562 0.0947685 0.096875
0 0.956116 0.184766 0.0587158 0.0578125
0 0.910889 0.132812 0.0476074 0.0496094
1 0.357056 0.551953 0.0904541 0.0929687
1 0.104712 0.926562 0.0968513 0.096875
0 0.955322 0.186328 0.0603027 0.0605469
1 0.103918 0.926562 0.0960579 0.0953125
0 0.955322 0.186133 0.0571289 0.0578125
0 0.910095 0.133887 0.0491943 0.0523437
1 0.105753 0.928125 0.0947685 0.09375
0 0.956909 0.185547 0.0603027 0.0570313
1 0.104935 0.926562 0.0940247 0.09375
0 0.956909 0.186279 0.0603027 0.0586914
1 0.105431 0.925781 0.0956116 0.0953125
0 0.956909 0.1875 0.0587158 0.0574219
0 0.905334 0.130078 0.0476074 0.0535156
0 0.134193 0.290625 0.038681 0.0382813
1 0.105827 0.927344 0.0930328 0.09375
0 0.956116 0.186914 0.0618896 0.059375
0 0.714111 0.8375 0.0380859 0.0375
1 0.105555 0.926562 0.0959587 0.09375
0 0.956909 0.188867 0.0603027 0.0585938
1 0.363007 0.561719 0.0761719 0.075
0 0.361816 0.558984 0.0761719 0.075
1 0.104315 0.928125 0.0960579 0.09375
0 0.955322 0.186133 0.0587158 0.0566406
1 0.104761 0.921875 0.0943718 0.09375
0 0.956909 0.186523 0.0571289 0.0578125
0 0.955322 0.186523 0.0571289 0.05625
1 0.103447 0.926562 0.096405 0.096875
0 0.956909 0.186523 0.0571289 0.0566406
1 0.104439 0.926562 0.0975952 0.096875
1 0.103968 0.926562 0.0971489 0.096875
0 0.956909 0.1875 0.0587158 0.0570313
0 0.956909 0.187305 0.0603027 0.0589844
1 0.104935 0.923437 0.0948181 0.09375
1 0.955322 0.186719 0.0603027 0.0589844
1 0.103249 0.922656 0.0940247 0.0921875
0 0.955322 0.1875 0.0618896 0.0585938
0 0.953735 0.186279 0.0603027 0.0586914
1 0.104141 0.925 0.0952148 0.09375
0 0.901367 0.128125 0.0539551 0.0546875
0 0.955322 0.186133 0.0603027 0.059375
1 0.105331 0.926562 0.0975952 0.096875
1 0.105232 0.925 0.0962067 0.0953125
0 0.956909 0.185986 0.0634766 0.0608398
0 0.358047 0.0446777 0.0543518 0.0539063
1 0.104637 0.925 0.094223 0.09375
0 0.956116 0.186133 0.0618896 0.0601562
1 0.104315 0.926562 0.0952644 0.096875
0 0.955322 0.187891 0.0571289 0.0570313
1 0.106298 0.928906 0.0916939 0.0921875
0 0.958496 0.1875 0.0603027 0.0589844
1 0.104637 0.927344 0.0970001 0.0953125
0 0.954529 0.188281 0.0618896 0.0617188
0 0.956909 0.186914 0.0603027 0.0589844
1 0.103745 0.924219 0.0962067 0.096875
0 0.956909 0.188281 0.0571289 0.0570313
1 0.103546 0.924219 0.0968018 0.096875
0 0.902954 0.13125 0.0507812 0.0519531
1 0.104736 0.928125 0.0944214 0.09375
0 0.956909 0.187109 0.0603027 0.0585938
1 0.105356 0.928125 0.0915947 0.090625
0 0.956116 0.187891 0.0603027 0.0582031
1 0.108803 0.925781 0.0934296 0.09375
0 0.956116 0.185156 0.0603027 0.0585938
0 0.355469 1 0.0595093 0
0 0.342972 1 0.0595093 0
0 0.367767 1 0.0595093 0
0 0.330276 1 0.0591125 0
0 0.405853 1 0.0610962 0
0 0.418945 1 0.0618896 0
0 0.432434 1 0.06427 0
0 0.380463 1 0.0595093 0
1 0.104439 0.923437 0.0966034 0.09375
0 0.956116 0.186523 0.0587158 0.0585938
0 0.956909 0.187305 0.0603027 0.0570313
1 0.103968 0.929688 0.0939751 0.09375
0 0.956909 0.188232 0.0571289 0.0571289
1 0.106125 0.928125 0.0956116 0.09375
0 0.956909 0.187891 0.0571289 0.0558594
1 0.104315 0.928125 0.0956612 0.09375
0 0.947388 0.185352 0.0539551 0.0574219
1 0.104836 0.925 0.096405 0.09375
0 0.956909 0.1875 0.0603027 0.0574219
0 0.958496 0.187891 0.0603027 0.0570313
1 0.106695 0.924219 0.0920906 0.09375
0 0.955322 0.188281 0.0603027 0.0566406
1 0.103571 0.925 0.0931816 0.096875
1 0.108704 0.926562 0.0916443 0.0953125
0 0.955322 0.187695 0.0603027 0.0585938
1 0.10553 0.923437 0.094223 0.096875
0 0.956116 0.187891 0.0603027 0.0585938
1 0.104935 0.928906 0.0960083 0.096875
0 0.954529 0.185937 0.0603027 0.0585938
1 0.10791 0.928125 0.0892639 0.090625
0 0.954529 0.185596 0.0603027 0.0584961
1 0.106125 0.924219 0.0948181 0.0953125
0 0.955322 0.186133 0.0603027 0.059375
0 0.955322 0.187891 0.0587158 0.0582031
1 0.104959 0.926562 0.0923882 0.09375
1 0.10791 0.926562 0.0926361 0.09375
0 0.955322 0.187695 0.0587158 0.0570313
1 0.105728 0.928125 0.092041 0.09375
0 0.953735 0.186133 0.0603027 0.059375
0 0.953735 0.188477 0.0603027 0.059375
1 0.104042 0.922656 0.0924377 0.09375
0 0.954529 0.188086 0.0571289 0.05625
1 0.104935 0.925 0.0936279 0.09375
0 0.955322 0.189795 0.0603027 0.0571289
1 0.105158 0.924219 0.095562 0.0984375
0 0.955322 0.188721 0.0571289 0.0569336
1 0.106894 0.932813 0.0897102 0.090625
0 0.955322 0.189063 0.0603027 0.0574219
1 0.105629 0.926562 0.0902557 0.096875
0 0.955322 0.186328 0.0603027 0.0585938
1 0.106918 0.925781 0.0952148 0.0953125
1 0.10615 0.928125 0.0939751 0.0953125
0 0.955322 0.187109 0.0603027 0.0585938
0 0.955322 0.188623 0.0587158 0.0571289
1 0.104761 0.930469 0.0919914 0.09375
1 0.105728 0.929688 0.0922394 0.09375
0 0.955322 0.187158 0.0571289 0.0569336
1 0.104637 0.929688 0.0934296 0.09375
0 0.955322 0.188232 0.0571289 0.0571289
0 0.955322 0.188281 0.0603027 0.0585938
1 0.104042 0.928125 0.0910492 0.09375
0 0.955322 0.188672 0.0571289 0.0574219
1 0.104761 0.925 0.0951653 0.096875
0 0.955322 0.187451 0.0603027 0.0571289
1 0.105356 0.923437 0.0923882 0.09375
0 0.955322 0.189453 0.0571289 0.05625
1 0.103521 0.927344 0.0920906 0.0921875
0 0.955322 0.189111 0.0587158 0.0577148
1 0.102579 0.927344 0.0935783 0.0921875
0 0.955322 0.187305 0.0603027 0.0585938
1 0.102654 0.925 0.0914459 0.090625
0 0.953735 0.188281 0.0571289 0.0570313
1 0.10553 0.925781 0.0916443 0.09375
0 0.903748 0.129297 0.0507812 0.0519531
0 0.953735 0.189844 0.0587158 0.0574219
1 0.103373 0.926562 0.0927849 0.0921875
1 0.103348 0.925 0.0934296 0.09375
0 0.955322 0.192236 0.0587158 0.0569336
1 0.102579 0.926562 0.0947685 0.09375
0 0.954529 0.191016 0.0587158 0.0582031
1 0.104836 0.925 0.0930328 0.09375
0 0.953735 0.189453 0.0587158 0.0589844
1 0.108084 0.925781 0.0920906 0.09375
0 0.955322 0.189795 0.0603027 0.0579102
0 0.955322 0.188623 0.0603027 0.0579102
1 0.107489 0.927344 0.0909004 0.0921875
1 0.106894 0.925 0.0928841 0.09375
0 0.955322 0.1875 0.0603027 0.0589844
1 0.10615 0.926562 0.0915947 0.09375
0 0.953735 0.187695 0.0603027 0.0585938
1 0.10434 0.926562 0.0912476 0.09375
0 0.955322 0.187549 0.0603027 0.0584961
1 0.104439 0.925 0.0916443 0.09375
0 0.954529 0.187305 0.0603027 0.059375
1 0.106522 0.929688 0.0924377 0.09375
0 0.955322 0.188232 0.0603027 0.0586914
0 0.903748 0.129688 0.0444336 0.0417969
1 0.103174 0.929688 0.0904045 0.09375
0 0.954529 0.188477 0.0587158 0.0582031
0 0.955322 0.187842 0.0603027 0.0586914
1 0.1061 0.926562 0.0920906 0.09375
0 0.955322 0.189063 0.0603027 0.059375
1 0.105555 0.925781 0.0947685 0.0953125
1 0.103918 0.928125 0.0920906 0.09375
0 0.956909 0.188477 0.0603027 0.0578125
1 0.10424 0.926562 0.0924377 0.0921875
0 0.955322 0.191602 0.0587158 0.0585938
1 0.104513 0.925 0.0920906 0.09375
0 0.955322 0.188232 0.0603027 0.0594727
1 0.104935 0.925 0.0928345 0.09375
0 0.956116 0.189648 0.0587158 0.0597656
0 0.369751 1 0.0666504 0
0 0.420532 1 0.0666504 0
0 0.357452 1 0.0666504 0
0 0.382347 1 0.0668488 0
0 0.40744 1 0.0666504 0
0 0.345154 1 0.0674438 0
0 0.332855 1 0.068634 0
0 0.434021 1 0.0682373 0
0 0.395042 1 0.0668488 0
0 0.44751 1 0.0698242 0
0 0.484802 1 0.072998 0
0 0.498291 1 0.074585 0
0 0.32135 1 0.0698242 0
0 0.524475 1 0.0793457 0
1 0.10424 0.926562 0.0940247 0.09375
0 0.955322 0.187842 0.0603027 0.0586914
1 0.105158 0.926562 0.0931816 0.09375
0 0.955322 0.188721 0.0603027 0.0600586
0 0.955322 0.188623 0.0603027 0.0610352
1 0.103769 0.921875 0.0919914 0.096875
0 0.955322 0.188232 0.0603027 0.0586914
1 0.100471 0.920313 0.0966034 0.09375
1 0.106224 0.923437 0.0930328 0.096875
0 0.955322 0.191064 0.0603027 0.0600586
1 0.102381 0.925 0.0927849 0.09375
0 0.955322 0.186279 0.0603027 0.0594727
0 0.955322 0.186523 0.0603027 0.059375
1 0.10186 0.920313 0.0940247 0.09375
0 0.955322 0.187158 0.0603027 0.0592773
1 0.103521 0.925 0.0924873 0.096875
1 0.107513 0.925 0.0928345 0.096875
0 0.955322 0.187939 0.0603027 0.0577148
1 0.104563 0.926562 0.0935783 0.09375
0 0.954529 0.186523 0.0603027 0.0589844
1 0.106745 0.926562 0.0943718 0.09375
0 0.954529 0.188672 0.0587158 0.0585938
1 0.105431 0.925781 0.0940247 0.09375
0 0.954529 0.189453 0.0603027 0.059375
1 0.10672 0.928125 0.0936279 0.09375
0 0.956116 0.188477 0.0587158 0.0582031
0 0.955322 0.187891 0.0603027 0.0589844
1 0.103745 0.926562 0.0940247 0.0921875
0 0.953735 0.187939 0.0603027 0.0592773
1 0.104637 0.926562 0.0932312 0.09375
0 0.40744 1 0.0698242 0
0 0.954529 0.187891 0.0587158 0.0578125
1 0.104736 0.926562 0.0940247 0.09375
1 0.103546 0.926562 0.0954132 0.09375
0 0.953735 0.188721 0.0603027 0.0584961
1 0.107737 0.925781 0.0919914 0.09375
0 0.953735 0.189844 0.0603027 0.059375
1 0.105431 0.923437 0.0922394 0.09375
0 0.953735 0.187061 0.0603027 0.0594727
1 0.39901 0.366211 0.101761 0.0933594
1 0.109125 0.925 0.0919914 0.09375
0 0.955322 0.189063 0.0603027 0.0601562
1 0.10791 0.925 0.0928345 0.09375
0 0.952148 0.188086 0.0603027 0.0605469
1 0.107092 0.925781 0.0924873 0.0921875
0 0.953735 0.187549 0.0603027 0.0584961
1 0.105827 0.926562 0.0926361 0.09375
0 0.953735 0.187061 0.0603027 0.0586914
1 0.105133 0.926562 0.0946198 0.09375
0 0.952148 0.187158 0.0603027 0.0600586
0 0.952942 0.187109 0.0603027 0.0597656
1 0.106918 0.925781 0.0934296 0.09375
0 0.405457 1 0.0666504 0
0 0.392761 1 0.0666504 0
0 0.380165 1 0.0680389 0
1 0.106323 0.928125 0.0914459 0.090625
0 0.952148 0.186523 0.0603027 0.0574219
1 0.107216 0.926562 0.0924377 0.09375
0 0.953735 0.187695 0.0571289 0.0570313
0 0.407043 1 0.0650635 0
0 0.394745 1 0.0650635 0
0 0.381653 1 0.0666504 0
0 0.419739 1 0.0666504 0
0 0.368561 1 0.0682373 0
1 0.105555 0.923437 0.0943718 0.09375
0 0.952942 0.186719 0.0587158 0.0570313
1 0.105951 0.925 0.0935783 0.09375
0 0.952148 0.187305 0.0587158 0.0566406
1 0.106621 0.924219 0.0932312 0.09375
0 0.952942 0.188477 0.0587158 0.0582031
1 0.107712 0.925 0.0924377 0.09375
0 0.952148 0.187549 0.0603027 0.0592773
1 0.106125 0.923437 0.0932312 0.0921875
0 0.952148 0.186914 0.0603027 0.0582031
0 0.952148 0.18667 0.0603027 0.0586914
1 0.106224 0.925 0.0946198 0.09375
0 0.952148 0.1875 0.0587158 0.0585938
1 0.105703 0.925 0.0940742 0.09375
1 0.109795 0.926562 0.0938263 0.09375
0 0.953735 0.187939 0.0603027 0.0592773
0 0.404564 1 0.0668488 0
0 0.392365 1 0.0674438 0
0 0.416962 1 0.0682373 0
0 0.379669 1 0.0690308 0
1 0.106894 0.923437 0.0940742 0.09375
0 0.953735 0.186914 0.0603027 0.0585938
1 0.105232 0.925 0.0946198 0.09375
0 0.952942 0.187158 0.0603027 0.0592773
0 0.404266 1 0.06427 0
0 0.392365 1 0.06427 0
0 0.379967 1 0.0652618 0
0 0.416565 1 0.0666504 0
0 0.366577 1 0.0666504 0
1 0.105951 0.925 0.0935783 0.09375
0 0.953735 0.186768 0.0603027 0.0584961
1 0.1061 0.924219 0.094471 0.09375
0 0.954529 0.187109 0.0587158 0.0578125
1 0.10672 0.924219 0.0934296 0.09375
0 0.953735 0.186914 0.0571289 0.0570313
1 0.10729 0.925781 0.0936775 0.09375
0 0.954529 0.187305 0.0587158 0.0578125
1 0.106918 0.925 0.0934296 0.09375
0 0.955322 0.188867 0.0603027 0.0589844
1 0.105232 0.923437 0.094223 0.09375
0 0.954529 0.188721 0.0587158 0.0584961
1 0.107687 0.923437 0.0936775 0.09375
0 0.953735 0.189648 0.0603027 0.0582031
1 0.107811 0.925 0.0934296 0.09375
0 0.953735 0.186768 0.0587158 0.0577148
1 0.10615 0.923437 0.0939751 0.09375
0 0.953735 0.187549 0.0603027 0.0592773
0 0.404663 1 0.0650635 0
1 0.106546 0.923437 0.0939751 0.09375
0 0.953735 0.1875 0.0603027 0.0582031
1 0.105703 0.925781 0.0936775 0.09375
0 0.953735 0.1875 0.0571289 0.0574219
1 0.107513 0.925781 0.094223 0.09375
0 0.953735 0.187891 0.0603027 0.0589844
1 0.106125 0.925 0.0948181 0.09375
0 0.953735 0.1875 0.0603027 0.0585938
1 0.104563 0.925 0.0947685 0.09375
0 0.953735 0.187695 0.0587158 0.0582031
1 0.10672 0.925 0.0940247 0.09375
0 0.953735 0.187695 0.0603027 0.0589844
1 0.10729 0.925781 0.0936775 0.09375
0 0.953735 0.187109 0.0603027 0.0597656
1 0.107216 0.925 0.0934296 0.09375
0 0.952942 0.1875 0.0603027 0.059375
1 0.106745 0.926562 0.0939751 0.09375
0 0.954529 0.188086 0.0603027 0.0589844
1 0.105331 0.925781 0.0944214 0.09375
0 0.953735 0.1875 0.0603027 0.059375
1 0.105307 0.926562 0.0940742 0.09375
0 0.953735 0.187549 0.0603027 0.0592773
1 0.106422 0.926562 0.0938263 0.09375
0 0.953735 0.187305 0.0603027 0.0597656
1 0.106323 0.925 0.0940247 0.09375
0 0.953735 0.187695 0.0603027 0.059375
1 0.106522 0.925 0.0934296 0.0921875
0 0.952942 0.187109 0.0603027 0.059375
1 0.107216 0.926562 0.0934296 0.09375
0 0.952148 0.187891 0.0603027 0.0585938
1 0.107935 0.925 0.0935783 0.09375
0 0.953735 0.187695 0.0603027 0.0589844
1 0.107489 0.925 0.0932808 0.09375
0 0.953735 0.187305 0.0603027 0.0589844
1 0.107018 0.926562 0.0934296 0.09375
0 0.955322 0.188086 0.0603027 0.0585938
1 0.108406 0.925 0.0938263 0.09375
0 0.954529 0.188086 0.0587158 0.0582031
1 0.10729 0.926562 0.0932808 0.09375
0 0.953735 0.187695 0.0603027 0.0585938
1 0.107117 0.925 0.0928345 0.09375
0 0.953735 0.18833 0.0603027 0.0584961
1 0.107117 0.925 0.0928345 0.09375
0 0.953735 0.187695 0.0587158 0.0578125
1 0.107141 0.925 0.0927849 0.09375
0 0.952148 0.187695 0.0603027 0.0585938
1 0.10729 0.925 0.0928841 0.09375
0 0.953735 0.187939 0.0603027 0.0584961
1 0.106695 0.925781 0.0928841 0.0921875
0 0.952942 0.188086 0.0587158 0.0582031
1 0.107216 0.925781 0.0928345 0.0921875
0 0.952942 0.188086 0.0587158 0.0582031
1 0.106918 0.925 0.0932312 0.09375
0 0.953735 0.187891 0.0603027 0.0589844
1 0.106422 0.925 0.0932312 0.09375
0 0.953735 0.187891 0.0603027 0.0585938
1 0.106819 0.925 0.0930328 0.09375
0 0.953735 0.187891 0.0603027 0.0585938
1 0.107018 0.925 0.0930328 0.09375
0 0.953735 0.187842 0.0603027 0.0586914
1 0.104637 0.924219 0.0954132 0.09375
0 0.955322 0.185303 0.0618896 0.0614258
0 0.962463 0.179639 0.0650635 0.0610352
