1 0.0901566 0.323828 0.106918 0.103906
0 0.834717 0.161719 0.0666504 0.0675781
0 0.461693 0.223242 0.344559 0.234766
1 0.490753 0.23125 0.307861 0.217969
0 0.169403 0.153125 0.338806 0.30625
0 0.284901 0.0417969 0.328392 0.0835937
0 0.1698 0.0717773 0.3396 0.143555
0 0.82988 0.885156 0.34024 0.192188
0 0.174561 0.160449 0.332855 0.281055
0 0.142227 0.589063 0.282867 0.425
0 0.354874 0.0243652 0.321747 0.0487305
0 0.230846 0.0390625 0.289711 0.078125
0 0.282074 0.233008 0.564148 0.393359
0 0.221375 0.390625 0.442749 0.557813
0 0.875504 0.875 0.248993 0.21875
0 0.297596 0.0283203 0.299034 0.0566406
0 0.307068 0.118457 0.367371 0.20293
0 0.831268 0.685156 0.337463 0.332812
1 0.887207 0.0623535 0.225586 0.124707
0 0.529335 0.238281 0.326706 0.278125
0 0.178726 0.0467773 0.346344 0.0935547
0 0.25708 0.782031 0.372925 0.217187
0 0.393555 0.253906 0.441162 0.330469
0 0.659363 0.265039 0.363403 0.365234
1 0.530426 0.283203 0.341187 0.339063
0 0.965759 0.879297 0.0684814 0.241406
1 0.904663 0.140723 0.190674 0.281445
0 0.450287 0.181201 0.372131 0.200098
1 0.313217 0.758594 0.268585 0.240625
1 0.272751 0.203906 0.505035 0.348437
0 0.692688 0.297656 0.360229 0.471875
0 0.42807 0.0230469 0.462585 0.0460938
0 0.257427 0.129492 0.275429 0.225391
1 0.714508 0.263867 0.392761 0.446484
0 0.178825 0.426562 0.357651 0.628125
1 0.896729 0.306055 0.206543 0.382422
0 0.236053 0.105664 0.284058 0.211328
0 0.791077 0.736328 0.388794 0.413281
0 0.313217 0.758594 0.268585 0.240625
0 0.827576 0.3625 0.322144 0.420312
0 0.680786 0.73125 0.274536 0.264062
0 0.233078 0.822656 0.362213 0.209375
1 0.969727 0.0501953 0.0605469 0.100391
0 0.897522 0.297461 0.204956 0.387891
0 0.500771 0.408984 0.35527 0.514844
0 0.816589 0.648828 0.366821 0.439844
0 0.142326 0.0880859 0.284653 0.176172
1 0.0763702 0.861719 0.15274 0.276563
0 0.320953 0.354492 0.587158 0.487109
1 0.0759735 0.149512 0.151947 0.299023
0 0.418846 0.190234 0.379471 0.252734
1 0.659363 0.265039 0.363403 0.365234
0 0.184677 0.85 0.358643 0.173438
0 0.81897 0.0764648 0.362061 0.15293
0 0.969727 0.0501953 0.0605469 0.100391
1 0.176048 0.225 0.352097 0.305469
1 0.966553 0.748438 0.0668945 0.4375
0 0.286835 0.84375 0.492737 0.1875
0 0.834045 0.928125 0.331909 0.14375
1 0.97052 0.0710938 0.05896 0.142188
0 0.753784 0.360547 0.234863 0.379687
0 0.251129 0.589844 0.502258 0.557813
1 0.813217 0.710547 0.373566 0.392969
1 0.376099 0.766406 0.391174 0.25625
1 0.203125 0.91875 0.40625 0.1625
0 0.216019 0.250732 0.432037 0.272754
1 0.963379 0.641797 0.0732422 0.414844
1 0.388893 0.710156 0.402878 0.29375
1 0.1698 0.0717773 0.3396 0.143555
1 0.97052 0.204492 0.05896 0.332422
0 0.653015 0.757812 0.347534 0.25625
0 0.811111 0.760938 0.358246 0.265625
0 0.514954 0.0240234 0.396729 0.0480469
0 0.12368 0.150879 0.24736 0.301758
0 0.428864 0.0958984 0.393555 0.191797
0 0.96814 0.803125 0.0637207 0.375
0 0.0763702 0.861719 0.15274 0.276563
0 0.710144 0.0692871 0.503052 0.138574
1 0.962189 0.707031 0.0756226 0.320312
0 0.0716095 0.132617 0.143219 0.265234
0 0.599854 0.0274658 0.379272 0.0549316
0 0.147385 0.186523 0.294769 0.373047
1 0.393555 0.253906 0.441162 0.330469
0 0.783142 0.377344 0.331665 0.46875
1 0.122589 0.875781 0.245178 0.246875
1 0.178726 0.0467773 0.346344 0.0935547
0 0.632385 0.0388672 0.487183 0.0777344
0 0.887207 0.0623535 0.225586 0.124707
1 0.654602 0.745313 0.347534 0.278125
1 0.0847015 0.826953 0.169403 0.346094
1 0.239426 0.882031 0.452667 0.2
1 0.230846 0.0390625 0.289711 0.078125
0 0.411011 0.141797 0.38562 0.232812
0 0.160179 0.261523 0.320358 0.479297
0 0.176048 0.225 0.352097 0.305469
0 0.872925 0.727344 0.25415 0.489062
0 0.937195 0.90625 0.12561 0.1875
0 0.199158 0.307227 0.398315 0.373828
0 0.533104 0.447754 0.381058 0.65293
0 0.813812 0.537109 0.372375 0.603906
0 0.247559 0.663281 0.44751 0.496875
1 0.972107 0.109473 0.0557861 0.212305
1 0.815674 0.366406 0.34436 0.446875
1 0.81897 0.0764648 0.362061 0.15293
0 0.373123 0.453516 0.452667 0.669531
1 0.500771 0.408984 0.35527 0.514844
1 0.521202 0.695312 0.433426 0.35625
1 0.0936279 0.776563 0.187256 0.446875
1 0.229706 0.849219 0.389587 0.170312
0 0.820755 0.246289 0.35849 0.492578
1 0.700623 0.332812 0.347534 0.459375
1 0.955444 0.304297 0.0891113 0.394531
0 0.0758247 0.36543 0.151649 0.730859
0 0.388893 0.710156 0.402878 0.29375
1 0.937195 0.90625 0.12561 0.1875
1 0.169403 0.153125 0.338806 0.30625
0 0.942749 0.354883 0.114502 0.443359
0 0.821945 0.451953 0.35611 0.592188
0 0.203918 0.903906 0.407837 0.192188
0 0.291397 0.526465 0.404266 0.561133
1 0.960999 0.489746 0.0780029 0.625195
1 0.142227 0.589063 0.282867 0.425
0 0.129532 0.87168 0.259064 0.256641
0 0.97052 0.204492 0.05896 0.332422
0 0.154625 0.512109 0.30925 0.602344
0 0.817978 0.820508 0.364044 0.330859
1 0.142326 0.0880859 0.284653 0.176172
1 0.838806 0.330469 0.322388 0.425
1 0.533104 0.447754 0.381058 0.65293
1 0.753784 0.360547 0.234863 0.379687
1 0.507416 0.542969 0.371338 0.311719
1 0.865387 0.924609 0.269226 0.150781
1 0.113291 0.310352 0.161022 0.146484
1 0.160179 0.261523 0.320358 0.479297
1 0.320953 0.354492 0.587158 0.487109
1 0.817062 0.345703 0.273346 0.380469
0 0.198761 0.698828 0.397522 0.432031
1 0.284901 0.0417969 0.328392 0.0835937
1 0.487976 0.185352 0.327698 0.205859
0 0.0936279 0.776563 0.187256 0.446875
1 0.831467 0.896875 0.337067 0.185937
0 0.72522 0.311377 0.269775 0.374902
1 0.16375 0.451172 0.327499 0.683594
1 0.226929 0.773438 0.42688 0.346875
1 0.10186 0.705078 0.20372 0.589844
0 0.904663 0.140723 0.190674 0.281445
1 0.147385 0.186523 0.294769 0.373047
0 0.70697 0.180859 0.376099 0.308984
1 0.418846 0.190234 0.379471 0.252734
1 0.0889664 0.546094 0.177933 0.814062
1 0.388 0.660547 0.418945 0.325781
0 0.376099 0.766406 0.391174 0.25625
0 0.16861 0.884375 0.337219 0.215625
1 0.965759 0.879297 0.0684814 0.241406
1 0.354874 0.0243652 0.321747 0.0487305
1 0.950684 0.369141 0.0986328 0.525781
0 0.507416 0.542969 0.371338 0.311719
1 0.878082 0.904688 0.243835 0.175
1 0.72522 0.311377 0.269775 0.374902
0 0.237839 0.792188 0.386017 0.307813
0 0.0847015 0.826953 0.169403 0.346094
1 0.821747 0.909375 0.356506 0.18125
0 0.638733 0.179053 0.372925 0.310645
1 0.582397 0.615625 0.401489 0.20625
0 0.689911 0.673437 0.27533 0.271875
1 0.174561 0.160449 0.332855 0.281055
0 0.878876 0.40791 0.242249 0.60918
0 0.395241 0.459375 0.429855 0.5
1 0.297596 0.0283203 0.299034 0.0566406
1 0.0783539 0.252148 0.156708 0.504297
0 0.0888672 0.252148 0.177734 0.504297
0 0.766205 0.26582 0.46759 0.482422
0 0.271362 0.326562 0.542725 0.470313
0 0.955444 0.304297 0.0891113 0.394531
1 0.881256 0.370703 0.237488 0.514063
1 0.827698 0.419531 0.344604 0.567969
1 0.153336 0.503906 0.306671 0.826563
1 0.584381 0.546875 0.430847 0.332812
1 0.689911 0.673437 0.27533 0.271875
0 0.460999 0.118652 0.614136 0.237305
1 0.877686 0.225977 0.244629 0.419922
0 0.837097 0.751562 0.280884 0.232812
1 0.25708 0.782031 0.372925 0.217187
1 0.0758247 0.36543 0.151649 0.730859
1 0.82254 0.54375 0.354919 0.614062
1 0.590332 0.675781 0.428467 0.304688
0 0.584877 0.743359 0.461594 0.416406
0 0.945923 0.394141 0.108154 0.632031
0 0.972107 0.109473 0.0557861 0.212305
1 0.524078 0.199365 0.316589 0.255957
1 0.138062 0.567187 0.276123 0.575
0 0.0889664 0.546094 0.177933 0.814062
0 0.963379 0.641797 0.0732422 0.414844
1 0.632385 0.0388672 0.487183 0.0777344
1 0.227722 0.658594 0.445129 0.5125
1 0.438087 0.742578 0.452072 0.417969
0 0.821747 0.909375 0.356506 0.18125
1 0.236053 0.105664 0.284058 0.211328
1 0.655396 0.671094 0.357056 0.359375
1 0.766205 0.26582 0.46759 0.482422
0 0.425987 0.551562 0.379471 0.326562
1 0.539154 0.750781 0.481628 0.448438
1 0.194 0.85332 0.353882 0.237109
1 0.42807 0.0230469 0.462585 0.0460938
0 0.0901566 0.186133 0.180313 0.372266
1 0.307068 0.118457 0.367371 0.20293
1 0.710144 0.0692871 0.503052 0.138574
1 0.257427 0.129492 0.275429 0.225391
0 0.0981903 0.241016 0.186859 0.292188
0 0.684753 0.402344 0.350708 0.690625
0 0.962189 0.707031 0.0756226 0.320312
0 0.10186 0.705078 0.20372 0.589844
0 0.239426 0.882031 0.452667 0.2
1 0.727203 0.907422 0.410217 0.185156
0 0.877686 0.225977 0.244629 0.419922
0 0.727203 0.907422 0.410217 0.185156
1 0.820755 0.246289 0.35849 0.492578
0 0.481529 0.177539 0.430252 0.3
1 0.102554 0.317969 0.19162 0.467187
0 0.153336 0.503906 0.306671 0.826563
0 0.162758 0.697656 0.325516 0.582812
1 0.514954 0.0240234 0.396729 0.0480469
1 0.12368 0.150879 0.24736 0.301758
0 0.765808 0.175488 0.468384 0.350977
1 0.373123 0.453516 0.452667 0.669531
0 0.606201 0.432031 0.490356 0.792188
1 0.872925 0.727344 0.25415 0.489062
1 0.862411 0.428809 0.275177 0.720508
0 0.960999 0.489746 0.0780029 0.625195
0 0.438087 0.742578 0.452072 0.417969
1 0.599854 0.0274658 0.379272 0.0549316
0 0.283264 0.44834 0.295166 0.37207
0 0.582397 0.615625 0.401489 0.20625
1 0.425987 0.551562 0.379471 0.326562
0 0.97052 0.0710938 0.05896 0.142188
0 0.232037 0.446191 0.397621 0.568555
1 0.188049 0.528125 0.376099 0.6
0 0.878082 0.564941 0.243835 0.64668
0 0.167618 0.788281 0.335236 0.392188
1 0.303497 0.892578 0.606995 0.214844
0 0.715698 0.89375 0.418945 0.2
0 0.605804 0.776563 0.448303 0.290625
0 0.380859 0.913281 0.523682 0.173438
0 0.436005 0.6 0.430847 0.36875
0 0.463776 0.513281 0.421326 0.757812
1 0.251129 0.589844 0.502258 0.557813
1 0.817978 0.820508 0.364044 0.330859
0 0.118523 0.844531 0.237045 0.304688
0 0.687927 0.119922 0.369751 0.239844
0 0.716095 0.854492 0.372131 0.231641
1 0.816589 0.865625 0.366821 0.196875
1 0.715698 0.89375 0.418945 0.2
1 0.150658 0.551953 0.301315 0.896094
1 0.639526 0.632422 0.396729 0.267188
0 0.485992 0.697656 0.42926 0.3625
1 0.860626 0.694531 0.278748 0.321875
0 0.135483 0.650391 0.270966 0.519531
0 0.353088 0.55166 0.46814 0.604492
1 0.837097 0.751562 0.280884 0.232812
1 0.582397 0.533984 0.450684 0.496094
0 0.590332 0.675781 0.428467 0.304688
0 0.584381 0.546875 0.430847 0.332812
1 0.795837 0.63125 0.390381 0.426562
1 0.382545 0.104883 0.379074 0.209766
0 0.102554 0.317969 0.19162 0.467187
1 0.16861 0.884375 0.337219 0.215625
0 0.757355 0.131836 0.467346 0.263672
1 0.107513 0.276953 0.215027 0.553906
1 0.853683 0.663672 0.292633 0.452344
1 0.605804 0.776563 0.448303 0.290625
0 0.242004 0.453516 0.484009 0.761719
0 0.388 0.660547 0.418945 0.325781
1 0.436005 0.6 0.430847 0.36875
0 0.293579 0.428906 0.587158 0.857813
1 0.353088 0.55166 0.46814 0.604492
1 0.306274 0.892969 0.612549 0.214062
1 0.411011 0.141797 0.38562 0.232812
1 0.105034 0.255273 0.205704 0.341016
1 0.395241 0.459375 0.429855 0.5
1 0.751801 0.790625 0.372131 0.367188
1 0.199158 0.307227 0.398315 0.373828
1 0.125267 0.73125 0.250534 0.528125
1 0.380859 0.913281 0.523682 0.173438
1 0.606201 0.432031 0.490356 0.792188
1 0.162758 0.697656 0.325516 0.582812
1 0.811111 0.760938 0.358246 0.265625
0 0.751801 0.790625 0.372131 0.367188
0 0.639526 0.632422 0.396729 0.267188
0 0.862213 0.735156 0.275574 0.34375
0 0.259262 0.917969 0.497894 0.164062
0 0.565041 0.914453 0.544113 0.171094
1 0.488869 0.776563 0.445724 0.326562
1 0.878082 0.564941 0.243835 0.64668
1 0.316986 0.851758 0.500671 0.296484
1 0.70697 0.180859 0.376099 0.308984
1 0.291397 0.526465 0.404266 0.561133
1 0.723633 0.630078 0.428467 0.421094
0 0.125267 0.73125 0.250534 0.528125
1 0.354279 0.823828 0.416565 0.352344
0 0.61969 0.549609 0.439575 0.433594
1 0.0916691 0.326562 0.1031 0.101562
0 0.83313 0.159375 0.0634766 0.0679687
1 0.0761967 0.312109 0.142773 0.138281
0 0.68634 0.0933594 0.0523682 0.0421875
0 0.722839 0.0359863 0.0396729 0.0401367
1 0.0728989 0.325 0.11644 0.101562
0 0.693878 0.0953125 0.0452271 0.0382813
0 0.829956 0.150781 0.0793457 0.0644531
1 0.863281 0.457422 0.158691 0.175781
1 0.0947189 0.716797 0.15889 0.174219
1 0.0777836 0.730078 0.154675 0.166406
1 0.0871811 0.696094 0.140244 0.139062
0 0.737915 0.816992 0.380859 0.300391
0 0.165039 0.916016 0.330078 0.167969
0 0.490753 0.712891 0.581604 0.328906
0 0.600647 0.763672 0.455444 0.296094
0 0.415375 0.675391 0.399109 0.252344
0 0.652618 0.79043 0.426086 0.303516
0 0.799805 0.832812 0.377686 0.33125
1 0.165039 0.916016 0.330078 0.167969
0 0.469727 0.689453 0.471313 0.291406
0 0.316391 0.669141 0.420135 0.289844
0 0.172974 0.726172 0.345947 0.214844
0 0.106819 0.924609 0.213638 0.150781
0 0.102554 0.121973 0.205109 0.243945
0 0.590332 0.17832 0.449097 0.356641
0 0.209473 0.727734 0.418945 0.191406
0 0.176544 0.789062 0.353088 0.301562
0 0.191818 0.982031 0.383636 0.0359375
0 0.216217 0.705469 0.421326 0.285937
0 0.652618 0.224805 0.476868 0.279297
0 0.889587 0.914453 0.220825 0.171094
0 0.237293 0.967578 0.386314 0.0648438
0 0.296158 0.206445 0.462982 0.412891
1 0.652618 0.224805 0.476868 0.279297
0 0.149765 0.81875 0.29953 0.3625
0 0.799606 0.225781 0.362213 0.235547
0 0.118027 0.871094 0.236053 0.257812
0 0.318771 0.738672 0.470917 0.249219
0 0.876892 0.216211 0.246216 0.330078
1 0.889587 0.914453 0.220825 0.171094
0 0.133102 0.894531 0.266205 0.210938
0 0.479248 0.172949 0.441956 0.345898
1 0.582397 0.216602 0.434814 0.290234
0 0.674438 0.0914062 0.036499 0.0410156
1 0.848801 0.392578 0.187653 0.296875
0 0.965759 0.143066 0.0684814 0.286133
0 0.507416 0.688281 0.416565 0.378125
0 0.39286 0.188281 0.461594 0.376563
0 0.841858 0.218799 0.166626 0.228809
0 0.210068 0.190039 0.420135 0.380078
0 0.229706 0.978906 0.459412 0.0421875
0 0.582397 0.216602 0.434814 0.290234
0 0.84198 0.835156 0.31604 0.329688
1 0.133102 0.894531 0.266205 0.210938
0 0.369751 0.91875 0.533203 0.1625
0 0.123184 0.143652 0.246368 0.287305
0 0.614532 0.748047 0.475281 0.450781
0 0.918549 0.910156 0.162903 0.179688
0 0.156906 0.163477 0.313812 0.326953
0 0.918549 0.580469 0.162903 0.398438
0 0.15889 0.849219 0.31778 0.301562
0 0.20253 0.911719 0.40506 0.176563
1 0.102554 0.121973 0.205109 0.243945
0 0.132607 0.100879 0.265213 0.201758
0 0.861221 0.223633 0.277557 0.436328
0 0.411011 0.752344 0.480835 0.314063
0 0.715698 0.853906 0.44751 0.292188
1 0.176941 0.98125 0.353882 0.0375
1 0.0482025 0.243555 0.096405 0.0785156
0 0.250732 0.952344 0.21106 0.0953125
1 0.20253 0.911719 0.40506 0.176563
0 0.836823 0.915625 0.326355 0.16875
1 0.799606 0.225781 0.362213 0.235547
0 0.937195 0.663281 0.12561 0.339063
0 0.547485 0.742188 0.425293 0.275
1 0.250732 0.952344 0.21106 0.0953125
0 0.464569 0.212744 0.399109 0.302637
0 0.964172 0.896875 0.0716553 0.20625
0 0.486786 0.891797 0.584778 0.216406
0 0.932434 0.525391 0.135132 0.400781
0 0.872131 0.166797 0.255737 0.333594
0 0.0928345 0.292188 0.185669 0.125
0 0.141632 0.272461 0.283264 0.173828
0 0.934814 0.730469 0.130371 0.398438
0 0.820435 0.154883 0.0761719 0.0839844
1 0.123878 0.725 0.229507 0.178125
0 0.0954132 0.149512 0.190826 0.299023
0 0.110786 0.280469 0.221573 0.173438
0 0.857452 0.584375 0.285095 0.332812
1 0.521301 0.721094 0.526855 0.373437
1 0.743073 0.815625 0.373718 0.321875
0 0.179123 0.884766 0.358246 0.230469
0 0.860825 0.88125 0.278351 0.2375
0 0.706177 0.178516 0.491943 0.357031
1 0.229706 0.978906 0.459412 0.0421875
1 0.862213 0.928125 0.275574 0.14375
1 0.469727 0.689453 0.471313 0.291406
1 0.593506 0.742578 0.474487 0.336719
1 0.84198 0.835156 0.31604 0.329688
0 0.207092 0.945703 0.200745 0.108594
0 0.537964 0.915625 0.518921 0.16875
0 0.137665 0.267188 0.27533 0.254687
1 0.652618 0.79043 0.426086 0.303516
1 0.658173 0.176563 0.483215 0.353125
0 0.180611 0.241016 0.361221 0.482031
1 0.876892 0.216211 0.246216 0.330078
1 0.0951157 0.281836 0.190231 0.163281
0 0.858643 0.659375 0.282715 0.332812
0 0.264618 0.657031 0.42688 0.378125
1 0.841858 0.218799 0.166626 0.228809
0 0.827301 0.384277 0.345398 0.44707
1 0.106819 0.924609 0.213638 0.150781
1 0.0954132 0.149512 0.190826 0.299023
0 0.856262 0.451953 0.287476 0.345313
0 0.959015 0.434766 0.0819702 0.425781
0 0.857452 0.74375 0.285095 0.360938
1 0.237293 0.967578 0.386314 0.0648438
0 0.829956 0.169629 0.0761719 0.0685547
1 0.156906 0.163477 0.313812 0.326953
0 0.432831 0.216602 0.430054 0.383203
1 0.464569 0.212744 0.399109 0.302637
0 0.197918 0.230664 0.374611 0.385547
0 0.702209 0.281641 0.441162 0.358594
0 0.172974 0.443359 0.345947 0.417969
0 0.953064 0.507422 0.0938721 0.357031
0 0.42807 0.639063 0.436401 0.409375
0 0.0860901 0.907031 0.17218 0.185937
0 0.211655 0.0459961 0.393951 0.0919922
0 0.0807343 0.289062 0.161469 0.153125
0 0.83226 0.721094 0.33548 0.476562
1 0.207092 0.945703 0.200745 0.108594
0 0.963776 0.314063 0.0724487 0.503125
1 0.702209 0.281641 0.441162 0.358594
1 0.853485 0.50625 0.29303 0.323438
1 0.857452 0.584375 0.285095 0.332812
0 0.087677 0.682031 0.175354 0.41875
0 0.788498 0.280664 0.27652 0.358984
0 0.835434 0.457422 0.329132 0.478906
1 0.860825 0.88125 0.278351 0.2375
0 0.237045 0.919141 0.474091 0.161719
1 0.761719 0.437891 0.157104 0.141406
1 0.432831 0.216602 0.430054 0.383203
0 0.880737 0.272461 0.234863 0.459766
0 0.834442 0.56875 0.331116 0.464063
1 0.858643 0.659375 0.282715 0.332812
1 0.415375 0.675391 0.399109 0.252344
1 0.614532 0.748047 0.475281 0.450781
1 0.118027 0.871094 0.236053 0.257812
0 0.862213 0.928125 0.275574 0.14375
1 0.123184 0.143652 0.246368 0.287305
1 0.345749 0.228906 0.470123 0.457812
1 0.834442 0.56875 0.331116 0.464063
1 0.507416 0.688281 0.416565 0.378125
0 0.259064 0.817383 0.460205 0.333984
0 0.937988 0.810156 0.124023 0.379687
1 0.788498 0.280664 0.27652 0.358984
1 0.137665 0.267188 0.27533 0.254687
0 0.137466 0.461816 0.274933 0.441992
0 0.0900574 0.586035 0.180115 0.42793
0 0.480835 0.623828 0.449097 0.469531
1 0.240219 0.730469 0.474884 0.2
1 0.318771 0.738672 0.470917 0.249219
1 0.799805 0.832812 0.377686 0.33125
0 0.340195 0.907031 0.343964 0.185937
0 0.291 0.0446289 0.395538 0.0892578
1 0.872131 0.166797 0.255737 0.333594
1 0.159882 0.227344 0.319763 0.454688
0 0.769653 0.380371 0.214233 0.300195
0 0.787903 0.603906 0.401489 0.38125
0 0.912598 0.180273 0.174805 0.360547
1 0.880737 0.272461 0.234863 0.459766
1 0.82373 0.293945 0.352539 0.469141
0 0.84317 0.292969 0.31366 0.515625
1 0.838608 0.39209 0.322784 0.50332
1 0.83226 0.721094 0.33548 0.476562
0 0.088768 0.881445 0.177536 0.237109
0 0.965759 0.261719 0.0684814 0.348437
1 0.86142 0.254297 0.277161 0.508594
1 0.172974 0.443359 0.345947 0.417969
0 0.604218 0.81543 0.386414 0.325391
0 0.636353 0.887305 0.482422 0.225391
0 0.145401 0.0453613 0.290802 0.0907227
0 0.888794 0.147656 0.222412 0.295312
0 0.76886 0.392578 0.263428 0.425
1 0.857452 0.74375 0.285095 0.360938
1 0.172974 0.726172 0.345947 0.214844
1 0.179123 0.884766 0.358246 0.230469
0 0.0878754 0.488379 0.175751 0.401367
1 0.137466 0.461816 0.274933 0.441992
0 0.0910492 0.775 0.182098 0.378125
0 0.81778 0.797461 0.364441 0.405078
0 0.15274 0.266406 0.305481 0.40625
1 0.272949 0.235742 0.414185 0.428516
0 0.881653 0.345898 0.236694 0.388672
1 0.0807343 0.289062 0.161469 0.153125
1 0.0928345 0.292188 0.185669 0.125
1 0.0883713 0.632812 0.176743 0.425
0 0.32373 0.636328 0.437988 0.435156
1 0.316391 0.669141 0.420135 0.289844
1 0.918549 0.910156 0.162903 0.179688
1 0.754578 0.171094 0.482422 0.342187
0 0.0958099 0.308008 0.19162 0.327734
1 0.760132 0.340234 0.253906 0.360156
0 0.0855942 0.416504 0.171188 0.412305
0 0.175949 0.375098 0.351898 0.445117
1 0.237045 0.919141 0.474091 0.161719
1 0.0959835 0.31875 0.112324 0.133594
1 0.210068 0.190039 0.420135 0.380078
1 0.0958099 0.308008 0.19162 0.327734
0 0.207142 0.342383 0.386314 0.440234
1 0.860825 0.410156 0.278351 0.395312
0 0.780365 0.728906 0.426086 0.484375
1 0.836823 0.915625 0.326355 0.16875
1 0.820435 0.852344 0.241211 0.189063
0 0.838684 0.288672 0.166626 0.421094
0 0.176048 0.563184 0.352097 0.464258
0 0.534889 0.588281 0.440964 0.476562
0 0.955444 0.850391 0.0891113 0.299219
1 0.088768 0.881445 0.177536 0.237109
1 0.513268 0.912891 0.54451 0.174219
0 0.10434 0.0730957 0.208679 0.146191
1 0.838684 0.288672 0.166626 0.421094
1 0.207142 0.342383 0.386314 0.440234
1 0.0890656 0.732813 0.178131 0.421875
0 0.744659 0.900781 0.475281 0.198437
1 0.197918 0.230664 0.374611 0.385547
0 0.74585 0.473047 0.393555 0.471875
0 0.699829 0.528906 0.40625 0.375
0 0.134094 0.779688 0.268188 0.334375
0 0.341782 0.258594 0.459015 0.460156
0 0.0979919 0.318359 0.195984 0.242188
0 0.799805 0.527734 0.384033 0.350781
0 0.700623 0.621094 0.412598 0.446875
1 0.0943222 0.835156 0.188644 0.329688
1 0.176544 0.789062 0.353088 0.301562
0 0.374512 0.797656 0.460205 0.340625
0 0.281677 0.292578 0.441162 0.485156
1 0.784729 0.326758 0.182495 0.408984
0 0.0943222 0.835156 0.188644 0.329688
0 0.392761 0.0519043 0.431641 0.103809
1 0.39286 0.188281 0.461594 0.376563
0 0.430054 0.460547 0.445923 0.477344
0 0.531219 0.483203 0.465759 0.483594
0 0.220978 0.5875 0.42926 0.417188
0 0.174362 0.647656 0.348724 0.4
1 0.790009 0.770703 0.419983 0.455469
1 0.314606 0.810938 0.438782 0.340625
0 0.258667 0.93125 0.278503 0.1375
1 0.141632 0.272461 0.283264 0.173828
1 0.0878754 0.488379 0.175751 0.401367
0 0.593903 0.532129 0.453064 0.482617
0 0.125168 0.656641 0.250336 0.458594
1 0.258667 0.93125 0.278503 0.1375
1 0.369751 0.91875 0.533203 0.1625
0 0.780289 0.909766 0.439423 0.180469
0 0.096405 0.22417 0.19281 0.371973
0 0.93045 0.288477 0.139099 0.341797
0 0.199951 0.475391 0.399902 0.421094
1 0.27533 0.284961 0.0928345 0.09375
1 0.530823 0.180273 0.448303 0.360547
0 0.519714 0.257373 0.418152 0.371191
1 0.589439 0.369141 0.484207 0.466406
0 0.68515 0.373437 0.456238 0.35625
1 0.175949 0.375098 0.351898 0.445117
1 0.937195 0.663281 0.12561 0.339063
1 0.42807 0.639063 0.436401 0.409375
0 0.114258 0.80918 0.228516 0.381641
0 0.514954 0.8625 0.506226 0.275
1 0.965759 0.143066 0.0684814 0.286133
0 0.139748 0.206641 0.279495 0.413281
1 0.769653 0.380371 0.214233 0.300195
1 0.0855942 0.416504 0.171188 0.412305
1 0.531219 0.483203 0.465759 0.483594
1 0.820953 0.469141 0.358093 0.435156
1 0.787903 0.603906 0.401489 0.38125
1 0.149765 0.81875 0.29953 0.3625
1 0.0860901 0.907031 0.17218 0.185937
1 0.964172 0.896875 0.0716553 0.20625
1 0.746246 0.938281 0.142029 0.123438
1 0.881653 0.345898 0.236694 0.388672
1 0.427673 0.527441 0.449097 0.507617
0 0.589439 0.667188 0.4366 0.496875
1 0.134094 0.779688 0.268188 0.334375
1 0.81778 0.797461 0.364441 0.405078
1 0.096405 0.22417 0.19281 0.371973
0 0.42569 0.297266 0.445129 0.467969
0 0.784729 0.326758 0.182495 0.408984
1 0.799805 0.527734 0.384033 0.350781
1 0.324326 0.603906 0.436798 0.451562
1 0.20491 0.682031 0.409821 0.3
0 0.647461 0.847266 0.445923 0.305469
1 0.590729 0.900781 0.513367 0.198437
1 0.132607 0.100879 0.265213 0.201758
0 0.48867 0.0479492 0.425491 0.0958984
0 0.788422 0.0989258 0.423157 0.197852
0 0.809448 0.180566 0.381104 0.361133
1 0.286041 0.351172 0.457825 0.472656
0 0.484009 0.412109 0.460205 0.453906
0 0.282471 0.484766 0.415771 0.388281
1 0.0924377 0.321875 0.0896606 0.0898438
0 0.829956 0.161523 0.0571289 0.0617188
0 0.836304 0.157031 0.0507812 0.0558594
1 0.0833378 0.32168 0.0697746 0.0773437
1 0.276718 0.292969 0.0932312 0.0984375
1 0.974487 0.632812 0.0510254 0.117188
1 0.0981655 0.330664 0.0758247 0.0792969
1 0.983215 0.620703 0.0335693 0.075
1 0.985596 0.610156 0.0288086 0.053125
1 0.978455 0.840625 0.0430908 0.075
1 0.981628 0.621875 0.0367432 0.115625
0 0.831543 0.176123 0.0507812 0.0446289
1 0.268982 0.939062 0.111084 0.096875
1 1 0.621484 0 0.0890625
1 0.959808 0.844531 0.0803833 0.090625
0 0.815674 0.641406 0.333252 0.357812
1 0.829956 0.161523 0.0571289 0.0617188
1 0.0678902 0.118945 0.0728989 0.0613281
1 0.957428 0.948438 0.085144 0.103125
0 0.733948 0.70625 0.276123 0.321875
0 0.780762 0.725 0.304688 0.326562
1 0.0522194 0.181055 0.104439 0.147656
1 0.486786 0.129297 0.10791 0.111328
0 0.751404 0.664062 0.312622 0.371875
0 0.103546 0.932031 0.207092 0.135937
0 0.768066 0.759766 0.258667 0.286719
1 0.815674 0.641406 0.333252 0.357812
0 0.751404 0.521875 0.309448 0.352344
1 0.733948 0.70625 0.276123 0.321875
0 0.72879 0.748438 0.249939 0.298438
0 0.0584679 0.942969 0.116936 0.114063
1 0.839478 0.533594 0.111084 0.1
1 0.751404 0.664062 0.312622 0.371875
1 0.72879 0.748438 0.249939 0.298438
1 0.860031 0.151367 0.279938 0.302734
0 0.865784 0.245117 0.268433 0.446484
1 0.0298538 0.0394531 0.0597076 0.0789063
0 0.799805 0.182031 0.331665 0.360938
0 0.843445 0.253711 0.265015 0.419141
0 0.810715 0.539844 0.352692 0.364062
0 0.0250683 0.0757812 0.0501366 0.151562
1 0.756958 0.560156 0.306274 0.320312
1 0.780762 0.725 0.304688 0.326562
0 0.817581 0.769141 0.364838 0.327344
0 0.7034 0.478516 0.373718 0.334375
1 0.768066 0.759766 0.258667 0.286719
0 0.860031 0.151367 0.279938 0.302734
0 0.135681 0.928125 0.271362 0.14375
0 0.83313 0.147852 0.072998 0.0523437
0 0.868759 0.8375 0.262482 0.325
1 0.103546 0.932031 0.207092 0.135937
0 0.953461 0.0620117 0.0930786 0.124023
1 0.827499 0.80957 0.345001 0.368359
1 0.799805 0.182031 0.331665 0.360938
0 0.827499 0.80957 0.345001 0.368359
1 0.843445 0.253711 0.265015 0.419141
0 0.854477 0.320508 0.291046 0.441797
0 0.848328 0.640625 0.303345 0.329688
0 0.0957108 0.919531 0.191422 0.160938
1 0.865784 0.245117 0.268433 0.446484
0 0.052269 0.0450195 0.104538 0.0900391
0 0.117432 0.127051 0.234863 0.254102
0 0.595192 0.158594 0.453659 0.317187
0 0.549072 0.161719 0.384827 0.323438
0 0.636749 0.170508 0.357849 0.341016
0 0.7034 0.175781 0.335632 0.350781
0 0.779175 0.248779 0.231689 0.386816
1 0.157501 0.701172 0.315002 0.311719
1 0.952271 0.583984 0.095459 0.155469
0 0.698639 0.442969 0.440369 0.383594
0 0.822144 0.702734 0.355713 0.411719
0 0.965759 0.60625 0.0684814 0.295312
0 0.146194 0.620313 0.292389 0.382812
1 0.170395 0.645312 0.34079 0.353125
0 0.138161 0.728906 0.276321 0.351562
0 0.115746 0.448047 0.231491 0.307813
0 0.885223 0.562109 0.229553 0.363281
1 0.714905 0.508984 0.320557 0.358594
0 0.564545 0.216602 0.327698 0.329297
1 0.0250683 0.0757812 0.0501366 0.151562
0 0.103943 0.271094 0.207886 0.225
0 0.11515 0.552344 0.230301 0.326562
0 0.958221 0.921094 0.0835571 0.157813
1 0.135681 0.928125 0.271362 0.14375
0 0.344757 0.040918 0.269775 0.0818359
0 0.699829 0.175195 0.457031 0.350391
0 0.432037 0.119141 0.38562 0.238281
0 0.827499 0.123047 0.345001 0.246094
1 0.868759 0.8375 0.262482 0.325
0 0.295116 0.0388672 0.267494 0.0777344
0 0.394249 0.0434082 0.273148 0.0868164
0 0.116341 0.379004 0.232681 0.25918
1 0.159088 0.757031 0.318176 0.351562
0 0.332855 0.115527 0.361023 0.231055
1 0.827499 0.123047 0.345001 0.246094
0 0.933624 0.689844 0.132751 0.30625
1 0.817581 0.769141 0.364838 0.327344
0 0.110291 0.192383 0.220581 0.301953
1 0.0957108 0.919531 0.191422 0.160938
0 0.533104 0.129688 0.409622 0.259375
1 0.953461 0.0620117 0.0930786 0.124023
0 0.239277 0.10957 0.319664 0.219141
0 0.536476 0.257471 0.413986 0.327246
0 0.964966 0.519141 0.0700684 0.339844
0 0.871536 0.660156 0.256927 0.321875
1 0.0584679 0.942969 0.116936 0.114063
0 0.180164 0.110059 0.322044 0.220117
1 0.770844 0.492871 0.370544 0.342383
1 0.885223 0.562109 0.229553 0.363281
1 0.869553 0.789062 0.260895 0.390625
0 0.145996 0.814844 0.291992 0.354688
0 0.447411 0.0461914 0.279495 0.0923828
0 0.0396729 0.133984 0.0793457 0.267969
0 0.836426 0.182715 0.327148 0.36543
0 0.497894 0.197656 0.353088 0.327344
0 0.638733 0.218164 0.272156 0.308984
0 0.130226 0.229736 0.260452 0.327246
0 0.865189 0.458691 0.269623 0.356055
1 0.115646 0.610547 0.231293 0.339844
0 0.869553 0.789062 0.260895 0.390625
0 0.135681 0.288867 0.271362 0.201172
0 0.918945 0.728516 0.162109 0.292969
0 0.938782 0.877148 0.122437 0.245703
0 0.135284 0.155664 0.270569 0.311328
1 0.779175 0.248779 0.231689 0.386816
1 0.810715 0.539844 0.352692 0.364062
1 0.11515 0.552344 0.230301 0.326562
0 0.507912 0.919141 0.328293 0.161719
0 0.571289 0.919531 0.322144 0.160938
0 0.909821 0.828906 0.180359 0.267188
0 0.629211 0.919531 0.338013 0.160938
0 0.206348 0.036377 0.240318 0.0727539
1 0.836426 0.182715 0.327148 0.36543
0 0.123184 0.248047 0.246368 0.243359
0 0.597473 0.341211 0.360229 0.260547
0 0.149666 0.554297 0.299332 0.371875
0 0.447113 0.917969 0.350708 0.164062
0 0.687927 0.922656 0.342773 0.154687
0 0.738708 0.241455 0.306274 0.351465
0 0.641907 0.324609 0.347534 0.333594
0 0.956238 0.903125 0.0875244 0.19375
1 0.344757 0.040918 0.269775 0.0818359
0 0.501465 0.0469727 0.271362 0.0939453
0 0.793259 0.110547 0.38443 0.221094
1 0.650238 0.167773 0.459412 0.335547
0 0.681183 0.376953 0.373718 0.335156
1 0.113663 0.496191 0.227325 0.316992
0 0.109894 0.875977 0.219788 0.248047
1 0.295116 0.0388672 0.267494 0.0777344
0 0.918152 0.280078 0.163696 0.369531
0 0.616913 0.283008 0.376892 0.354297
0 0.880661 0.336523 0.238678 0.414453
0 0.0583687 0.934766 0.116737 0.130469
1 0.394249 0.0434082 0.273148 0.0868164
0 0.633972 0.130762 0.393555 0.261523
1 0.915771 0.143555 0.168457 0.287109
0 0.899109 0.214502 0.201782 0.327246
0 0.696655 0.221924 0.293579 0.320996
0 0.86618 0.394434 0.267639 0.375195
1 0.964172 0.566406 0.0716553 0.33125
1 0.871536 0.660156 0.256927 0.321875
0 0.0682373 0.0370361 0.136475 0.0740723
0 0.156708 0.0355957 0.242004 0.0711914
1 0.752991 0.158203 0.450684 0.316406
0 0.959808 0.157324 0.0803833 0.314648
0 0.553139 0.308789 0.402878 0.330078
0 0.963379 0.463672 0.0732422 0.338281
0 0.143318 0.389062 0.286636 0.305469
0 0.834442 0.493066 0.331116 0.338867
0 0.718079 0.553516 0.32373 0.342187
0 0.14064 0.84375 0.281281 0.3125
0 0.55304 0.0469238 0.265015 0.0938477
0 0.915771 0.143555 0.168457 0.287109
1 0.549072 0.161719 0.384827 0.323438
1 0.865189 0.458691 0.269623 0.356055
0 0.822739 0.567285 0.354523 0.418555
1 0.145996 0.814844 0.291992 0.354688
0 0.605408 0.0467773 0.260254 0.0935547
1 0.7034 0.175781 0.335632 0.350781
1 0.497894 0.197656 0.353088 0.327344
0 0.910217 0.773438 0.179565 0.342187
0 0.12011 0.898438 0.240219 0.175
0 0.651825 0.0458984 0.268982 0.0917969
1 0.698639 0.442969 0.440369 0.383594
1 0.799606 0.835547 0.320953 0.328906
1 0.541138 0.145117 0.438782 0.290234
0 0.967743 0.208545 0.0645142 0.261816
0 0.144012 0.483496 0.288025 0.351758
1 0.149666 0.554297 0.299332 0.371875
1 0.958221 0.921094 0.0835571 0.157813
0 0.112274 0.0351074 0.224548 0.0702148
0 0.700226 0.044043 0.272156 0.0880859
1 0.933624 0.689844 0.132751 0.30625
1 0.109894 0.875977 0.219788 0.248047
1 0.12011 0.898438 0.240219 0.175
1 0.447411 0.0461914 0.279495 0.0923828
1 0.0396729 0.133984 0.0793457 0.267969
0 0.84198 0.425781 0.31604 0.434375
0 0.789612 0.459766 0.420776 0.414844
0 0.779968 0.921094 0.338013 0.157813
0 0.754181 0.0445801 0.268982 0.0891602
1 0.636749 0.170508 0.357849 0.341016
0 0.829163 0.313281 0.255493 0.410156
1 0.107712 0.301953 0.215424 0.194531
1 0.964172 0.639063 0.0716553 0.267188
0 0.791992 0.136914 0.416016 0.273828
1 0.848328 0.640625 0.303345 0.329688
0 0.117233 0.665625 0.234467 0.339063
1 0.822144 0.702734 0.355713 0.411719
0 0.11763 0.766406 0.23526 0.342187
0 0.192413 0.749609 0.384827 0.347656
1 0.191818 0.803906 0.365387 0.365625
1 0.909821 0.828906 0.180359 0.267188
0 0.359634 0.919922 0.343964 0.160156
1 0.959808 0.157324 0.0803833 0.314648
0 0.192413 0.688281 0.36499 0.307813
1 0.206348 0.036377 0.240318 0.0727539
1 0.11763 0.766406 0.23526 0.342187
1 0.14064 0.84375 0.281281 0.3125
1 0.938782 0.877148 0.122437 0.245703
1 0.956238 0.903125 0.0875244 0.19375
1 0.507912 0.919141 0.328293 0.161719
1 0.629211 0.919531 0.338013 0.160938
1 0.144012 0.135937 0.288025 0.271875
1 0.854477 0.320508 0.291046 0.441797
1 0.918945 0.728516 0.162109 0.292969
0 0.882446 0.891406 0.235107 0.217187
1 0.571289 0.919531 0.322144 0.160938
1 0.687927 0.922656 0.342773 0.154687
1 0.870346 0.0602051 0.259308 0.12041
1 0.432037 0.119141 0.38562 0.238281
0 0.0647163 0.160352 0.129433 0.287109
0 0.153534 0.13125 0.307068 0.2625
1 0.963379 0.463672 0.0732422 0.338281
1 0.116341 0.379004 0.232681 0.25918
0 0.907043 0.955469 0.185913 0.0890625
1 0.501465 0.0469727 0.271362 0.0939453
0 0.957428 0.403223 0.085144 0.354492
0 0.829956 0.920703 0.336426 0.158594
1 0.332855 0.115527 0.361023 0.231055
1 0.967743 0.208545 0.0645142 0.261816
0 0.677612 0.303516 0.411011 0.404687
0 0.959412 0.336328 0.0811768 0.39375
1 0.86618 0.394434 0.267639 0.375195
0 0.582298 0.413965 0.428665 0.35332
1 0.910217 0.773438 0.179565 0.342187
1 0.447113 0.917969 0.350708 0.164062
0 0.0759239 0.905469 0.151848 0.189063
1 0.107117 0.233789 0.214233 0.280859
0 0.191818 0.803906 0.365387 0.365625
1 0.70459 0.774219 0.3396 0.335938
0 0.883041 0.915625 0.233917 0.16875
0 0.258072 0.922656 0.371735 0.154687
1 0.052269 0.0450195 0.104538 0.0900391
1 0.156708 0.0355957 0.242004 0.0711914
1 0.239277 0.10957 0.319664 0.219141
0 0.844955 0.367578 0.310089 0.366406
0 0.206894 0.922656 0.363007 0.154687
0 0.820435 0.159082 0.0539551 0.0599609
1 0.55304 0.0469238 0.265015 0.0938477
0 0.809128 0.0540039 0.305084 0.108008
0 0.870346 0.0602051 0.259308 0.12041
1 0.180164 0.110059 0.322044 0.220117
1 0.564545 0.216602 0.327698 0.329297
1 0.239624 0.741797 0.388794 0.342969
1 0.112076 0.146973 0.224152 0.293945
1 0.738708 0.241455 0.306274 0.351465
1 0.700226 0.044043 0.272156 0.0880859
0 0.30072 0.130078 0.360229 0.260156
0 0.733948 0.367383 0.422119 0.381641
1 0.681183 0.376953 0.373718 0.335156
0 0.707764 0.641406 0.315796 0.376563
0 0.860626 0.924219 0.278748 0.151562
1 0.0591621 0.949609 0.118324 0.100781
1 0.112274 0.0351074 0.224548 0.0702148
1 0.605408 0.0467773 0.260254 0.0935547
1 0.651825 0.0458984 0.268982 0.0917969
1 0.754181 0.0445801 0.268982 0.0891602
1 0.239277 0.82793 0.368065 0.344141
1 0.133102 0.18833 0.266205 0.346777
1 0.880661 0.336523 0.238678 0.414453
1 0.957428 0.403223 0.085144 0.354492
1 0.597473 0.341211 0.360229 0.260547
0 0.818375 0.413184 0.363251 0.412695
1 0.143318 0.389062 0.286636 0.305469
1 0.834442 0.493066 0.331116 0.338867
1 0.716095 0.587109 0.32135 0.353906
0 0.101265 0.825 0.20253 0.3375
0 0.799606 0.835547 0.320953 0.328906
1 0.779968 0.921094 0.338013 0.157813
1 0.84198 0.425781 0.31604 0.434375
1 0.088768 0.0358887 0.177536 0.0717773
1 0.583191 0.121484 0.40625 0.242969
1 0.447609 0.247852 0.407639 0.383984
1 0.837219 0.590625 0.325562 0.40625
1 0.882446 0.891406 0.235107 0.217187
0 0.0459213 0.295752 0.0918427 0.269434
0 0.0438385 0.340625 0.087677 0.257812
1 0.242798 0.680078 0.351501 0.299219
1 0.638733 0.218164 0.272156 0.308984
1 0.0918427 0.327148 0.0991821 0.0945313
0 0.83313 0.161914 0.0603027 0.065625
0 0.822021 0.15498 0.0777588 0.0728516
0 0.83313 0.181689 0.0634766 0.0514648
1 0.0963802 0.346484 0.0833626 0.0632813
0 0.249542 0.317969 0.100769 0.0910156
1 0.103645 0.325195 0.0755768 0.0761719
0 0.260849 0.324609 0.0805359 0.0757812
1 0.761322 0.451172 0.180115 0.147656
1 0.141037 0.882031 0.133301 0.134375
1 0.0848999 0.335352 0.0809326 0.0777344
1 0.796829 0.32168 0.17099 0.206641
0 0.876694 0.544531 0.246613 0.284375
0 0.878281 0.450879 0.243439 0.299805
0 0.879868 0.617188 0.240265 0.225
0 0.878876 0.39834 0.242249 0.293945
0 0.879272 0.346875 0.241455 0.295312
0 0.226334 0.284375 0.357452 0.248437
0 0.631592 0.826367 0.314209 0.219141
0 0.266998 0.311719 0.0864868 0.08125
0 0.0595589 0.957031 0.119118 0.0859375
0 0.879868 0.293164 0.240265 0.291016
0 0.881851 0.685156 0.236298 0.292188
0 0.174561 0.345508 0.349121 0.285547
0 0.634369 0.773828 0.276917 0.236719
0 0.582397 0.826563 0.32373 0.24375
1 0.582397 0.826563 0.32373 0.24375
0 0.0989838 0.909375 0.197968 0.18125
1 0.732361 0.457715 0.182495 0.16582
0 0.882843 0.433984 0.234314 0.430469
0 0.227127 0.378516 0.385223 0.355469
0 0.828491 0.183203 0.343018 0.366406
0 0.884628 0.278516 0.230743 0.415625
0 0.228119 0.237109 0.355469 0.285156
0 0.88205 0.778906 0.235901 0.26875
0 0.88205 0.832812 0.235901 0.276563
0 0.880264 0.243555 0.239471 0.275391
0 0.881653 0.529297 0.236694 0.404687
0 0.662537 0.174902 0.388794 0.349805
0 0.70697 0.647656 0.103149 0.0953125
0 0.152145 0.266846 0.297943 0.197559
1 0.631592 0.826367 0.314209 0.219141
0 0.121994 0.938281 0.243988 0.123438
0 0.603027 0.722656 0.306274 0.257812
0 0.662933 0.738672 0.335632 0.269531
0 0.115448 0.879492 0.230896 0.241016
0 0.161072 0.942187 0.322144 0.115625
0 0.135086 0.132617 0.270172 0.265234
0 0.20253 0.421484 0.362213 0.3375
0 0.365387 0.717969 0.307861 0.214062
0 0.627228 0.869531 0.364197 0.260938
0 0.139252 0.905078 0.278503 0.189844
0 0.823334 0.169238 0.353333 0.338477
0 0.374908 0.766797 0.36261 0.244531
0 0.918152 0.0524414 0.163696 0.104883
0 0.543518 0.771875 0.329285 0.254687
1 0.487976 0.81875 0.350708 0.265625
0 0.761322 0.174805 0.399109 0.349609
0 0.739105 0.276172 0.40387 0.367969
1 0.627228 0.869531 0.364197 0.260938
0 0.881653 0.191602 0.236694 0.303906
0 0.432037 0.71875 0.313416 0.242188
0 0.209076 0.95 0.335632 0.1
0 0.0336227 0.0535156 0.0672455 0.107031
0 0.543915 0.160156 0.400696 0.320312
0 0.153236 0.423828 0.306473 0.315625
1 0.876694 0.544531 0.246613 0.284375
0 0.307514 0.769141 0.350609 0.239844
0 0.487976 0.81875 0.350708 0.265625
0 0.201736 0.192188 0.34198 0.263672
0 0.886215 0.6 0.22757 0.309375
0 0.621277 0.6875 0.393555 0.276563
0 0.882843 0.805273 0.234314 0.389453
0 0.726013 0.947656 0.34436 0.104687
0 0.299976 0.272461 0.343468 0.341797
0 0.420433 0.280664 0.379471 0.346484
1 0.882843 0.433984 0.234314 0.430469
0 0.189438 0.903906 0.300323 0.192188
0 0.309448 0.329883 0.349121 0.323828
0 0.16851 0.863086 0.332657 0.273828
0 0.817261 0.212158 0.0904541 0.0967773
0 0.825195 0.200049 0.0825195 0.0780273
0 0.895142 0.151074 0.209717 0.302148
0 0.695068 0.901563 0.360229 0.196875
0 0.343567 0.292188 0.345154 0.345313
0 0.78981 0.324414 0.42038 0.396484
0 0.881256 0.712891 0.237488 0.436719
1 0.161072 0.942187 0.322144 0.115625
0 0.655396 0.264062 0.387207 0.36875
0 0.478455 0.291406 0.417358 0.398438
1 0.883636 0.327734 0.232727 0.430469
0 0.436302 0.333984 0.392166 0.3125
0 0.256733 0.452734 0.376793 0.373437
1 0.879868 0.617188 0.240265 0.225
0 0.436401 0.678125 0.338806 0.234375
0 0.438782 0.765625 0.346741 0.246875
0 0.678802 0.951563 0.346741 0.096875
1 0.828491 0.183203 0.343018 0.366406
1 0.881653 0.529297 0.236694 0.404687
1 0.591919 0.774609 0.305481 0.246094
0 0.686737 0.783008 0.313416 0.262109
1 0.0595589 0.957031 0.119118 0.0859375
0 0.772827 0.934766 0.338013 0.130469
0 0.434814 0.460156 0.0825195 0.078125
0 0.85527 0.381934 0.289459 0.345508
1 0.234913 0.901172 0.337914 0.197656
1 0.209076 0.95 0.335632 0.1
0 0.323929 0.950391 0.345551 0.0992187
0 0.476471 0.147754 0.392761 0.295508
0 0.203323 0.131738 0.347931 0.263477
0 0.271362 0.185107 0.305481 0.246191
0 0.815796 0.275977 0.368408 0.379297
0 0.698242 0.324023 0.415771 0.394141
0 0.807739 0.428125 0.380859 0.375
1 0.878281 0.450879 0.243439 0.299805
0 0.153831 0.509375 0.307663 0.333594
0 0.496704 0.573047 0.422913 0.371094
0 0.586365 0.574609 0.457031 0.377344
0 0.108704 0.820117 0.217407 0.316016
0 0.197571 0.572656 0.395142 0.385938
0 0.814209 0.809375 0.371582 0.35625
0 0.0835114 0.943359 0.167023 0.113281
0 0.058815 0.0697754 0.11763 0.139551
0 0.594299 0.310937 0.42688 0.407813
0 0.141335 0.358594 0.282669 0.332812
0 0.551552 0.682031 0.377487 0.273438
0 0.253162 0.825 0.363304 0.25
1 0.580017 0.861719 0.355469 0.270312
0 0.427277 0.94375 0.356262 0.1125
1 0.662537 0.174902 0.388794 0.349805
0 0.442848 0.527344 0.428268 0.36875
0 0.281677 0.559766 0.442749 0.400781
0 0.222366 0.665625 0.437592 0.378125
1 0.881851 0.685156 0.236298 0.292188
0 0.547882 0.724219 0.32135 0.279687
0 0.247162 0.775 0.330078 0.239063
0 0.200546 0.823438 0.32135 0.221875
0 0.433327 0.829492 0.367966 0.297266
0 0.749023 0.903125 0.334839 0.19375
1 0.878876 0.39834 0.242249 0.293945
0 0.197968 0.509277 0.374512 0.362695
0 0.3881 0.678125 0.304489 0.214062
0 0.88324 0.896875 0.233521 0.20625
1 0.695068 0.901563 0.360229 0.196875
0 0.525963 0.951563 0.349319 0.096875
0 0.579224 0.957031 0.350708 0.0859375
0 0.137466 0.0744141 0.274933 0.148828
1 0.165436 0.13125 0.330872 0.2625
0 0.245625 0.129102 0.395836 0.258203
0 0.58329 0.248437 0.421921 0.354688
0 0.304638 0.40625 0.370644 0.383594
0 0.440369 0.407715 0.394348 0.35957
0 0.696259 0.431641 0.416565 0.377344
0 0.383141 0.562402 0.458817 0.38457
0 0.319317 0.829883 0.384926 0.293359
0 0.725616 0.832031 0.334045 0.220313
1 0.429657 0.857813 0.357849 0.284375
0 0.580017 0.861719 0.355469 0.270312
0 0.0764198 0.0217285 0.15284 0.043457
1 0.918152 0.0524414 0.163696 0.104883
0 0.656982 0.380371 0.411011 0.343945
0 0.755768 0.379297 0.397522 0.35625
0 0.345749 0.603906 0.416168 0.271875
0 0.845032 0.153516 0.0809326 0.075
1 0.761322 0.174805 0.399109 0.349609
0 0.264172 0.131055 0.311134 0.262109
0 0.467743 0.199658 0.388 0.278809
1 0.879868 0.293164 0.240265 0.291016
1 0.879272 0.346875 0.241455 0.295312
1 0.227127 0.378516 0.385223 0.355469
0 0.803101 0.575391 0.393799 0.375781
0 0.321697 0.644141 0.405556 0.308594
0 0.687927 0.719922 0.42688 0.314844
1 0.88205 0.778906 0.235901 0.26875
0 0.889587 0.939062 0.220825 0.121875
1 0.121994 0.938281 0.243988 0.123438
0 0.811707 0.926562 0.336426 0.146875
1 0.823334 0.169238 0.353333 0.338477
0 0.827499 0.529297 0.345001 0.371094
0 0.687531 0.578125 0.459412 0.376563
0 0.10553 0.629687 0.21106 0.309375
0 0.734741 0.863477 0.380859 0.273047
1 0.0336227 0.0535156 0.0672455 0.107031
0 0.364792 0.135547 0.385223 0.271094
0 0.701416 0.224414 0.387207 0.349609
1 0.880264 0.243555 0.239471 0.275391
0 0.329483 0.189063 0.312225 0.254687
1 0.174561 0.345508 0.349121 0.285547
0 0.339996 0.471973 0.422119 0.373242
0 0.140739 0.557813 0.281479 0.348437
0 0.779297 0.679297 0.441406 0.378906
1 0.88205 0.832812 0.235901 0.276563
0 0.0760727 0.909766 0.152145 0.180469
1 0.139252 0.905078 0.278503 0.189844
1 0.726013 0.947656 0.34436 0.104687
0 0.0788994 0.0964844 0.157799 0.192969
0 0.525169 0.221484 0.409622 0.296875
0 0.741486 0.491016 0.434021 0.377344
0 0.64032 0.537598 0.452271 0.37168
0 0.496803 0.595312 0.39653 0.251563
0 0.142624 0.8375 0.285248 0.246875
0 0.0941238 0.0649414 0.188248 0.129883
0 0.169601 0.224609 0.339203 0.276172
0 0.0772133 0.262695 0.154427 0.185547
1 0.226334 0.284375 0.357452 0.248437
0 0.554626 0.353711 0.410217 0.335547
0 0.495911 0.474316 0.432434 0.393555
0 0.539452 0.533984 0.439774 0.374219
0 0.102257 0.576563 0.204514 0.321875
0 0.592316 0.589844 0.421326 0.246875
0 0.147781 0.642187 0.295563 0.367188
0 0.106918 0.728906 0.213837 0.317187
0 0.496704 0.723047 0.318176 0.263281
0 0.276073 0.860156 0.373817 0.279687
0 0.381752 0.861133 0.364792 0.277734
0 0.801193 0.904688 0.295563 0.190625
1 0.323929 0.950391 0.345551 0.0992187
1 0.776794 0.421777 0.150757 0.211133
0 0.801315 0.533984 0.397369 0.341406
0 0.830673 0.757812 0.338654 0.354688
0 0.72641 0.785937 0.395935 0.35
1 0.493927 0.764453 0.331665 0.242969
0 0.0512772 0.941016 0.102554 0.117969
0 0.785721 0.220264 0.405853 0.34541
0 0.103645 0.323828 0.207291 0.21875
0 0.591919 0.42959 0.422119 0.379883
0 0.651031 0.608594 0.426086 0.284375
1 0.886215 0.6 0.22757 0.309375
1 0.0989838 0.909375 0.197968 0.18125
0 0.286835 0.900391 0.358643 0.199219
0 0.0526657 0.034082 0.105331 0.0681641
1 0.895142 0.151074 0.209717 0.302148
0 0.26918 0.742188 0.437592 0.307813
0 0.88562 0.880469 0.22876 0.239063
1 0.427277 0.94375 0.356262 0.1125
0 0.326904 0.127148 0.311829 0.254297
1 0.152145 0.266846 0.297943 0.197559
1 0.20253 0.421484 0.362213 0.3375
0 0.745056 0.630469 0.444336 0.345313
0 0.838806 0.609766 0.322388 0.258594
0 0.391869 0.659766 0.398514 0.330469
0 0.0689316 0.921094 0.137863 0.157813
0 0.641113 0.900781 0.371338 0.198437
1 0.678802 0.951563 0.346741 0.096875
0 0.202679 0.0878906 0.327797 0.175781
1 0.881653 0.191602 0.236694 0.303906
1 0.882645 0.22168 0.234711 0.409766
0 0.445526 0.599219 0.359436 0.215625
1 0.662933 0.738672 0.335632 0.269531
1 0.386414 0.903906 0.367371 0.192188
0 0.886612 0.902344 0.226776 0.195312
1 0.772827 0.934766 0.338013 0.130469
0 0.31897 0.695703 0.460205 0.396094
0 0.544312 0.673437 0.444336 0.35
0 0.145897 0.742188 0.291794 0.346875
0 0.224747 0.777344 0.371735 0.328125
1 0.153236 0.423828 0.306473 0.315625
0 0.484009 0.658203 0.427673 0.325781
0 0.384926 0.128125 0.339401 0.25625
0 0.479347 0.142383 0.342575 0.2625
1 0.697449 0.271289 0.395142 0.369141
0 0.0723038 0.225 0.144608 0.209375
0 0.829086 0.328906 0.341827 0.402344
0 0.829285 0.398828 0.341431 0.385156
0 0.130325 0.474121 0.260651 0.293945
1 0.153831 0.509375 0.307663 0.333594
0 0.16256 0.809961 0.325119 0.380078
0 0.837692 0.907031 0.263824 0.185937
1 0.525963 0.951563 0.349319 0.096875
0 0.103348 0.0251465 0.206696 0.050293
0 0.25703 0.0992187 0.332558 0.198437
0 0.832855 0.241016 0.33429 0.358594
0 0.123581 0.174121 0.247162 0.25918
1 0.88562 0.670313 0.22876 0.417188
0 0.610962 0.686719 0.464966 0.384375
1 0.603027 0.722656 0.306274 0.257812
0 0.834244 0.817187 0.331512 0.353125
0 0.386414 0.903906 0.367371 0.192188
0 0.122192 0.245117 0.244385 0.216406
1 0.85527 0.381934 0.289459 0.345508
0 0.200745 0.708984 0.401489 0.407031
1 0.579224 0.957031 0.350708 0.0859375
0 0.545998 0.164258 0.361618 0.277344
0 0.491547 0.586719 0.333252 0.173438
1 0.882843 0.805273 0.234314 0.389453
0 0.79425 0.814258 0.341187 0.290234
1 0.115448 0.879492 0.230896 0.241016
1 0.749023 0.903125 0.334839 0.19375
1 0.543915 0.160156 0.400696 0.320312
1 0.203323 0.131738 0.347931 0.263477
1 0.161964 0.576563 0.323929 0.395312
0 0.834244 0.651172 0.331512 0.303906
1 0.88324 0.896875 0.233521 0.20625
0 0.823608 0.871875 0.34436 0.25625
1 0.641113 0.900781 0.371338 0.198437
1 0.889587 0.939062 0.220825 0.121875
0 0.310986 0.110547 0.333351 0.221094
0 0.605408 0.196875 0.38562 0.325781
1 0.228119 0.237109 0.355469 0.285156
1 0.256733 0.452734 0.376793 0.373437
1 0.0942478 0.323633 0.0888176 0.0902344
0 0.83313 0.15957 0.0539551 0.0550781
0 0.828369 0.164844 0.0507812 0.0519531
0 0.64032 0.657422 0.0539551 0.0460938
1 0.0869083 0.966797 0.0618401 0.0664062
0 0.244583 0.655859 0.0543518 0.046875
0 0.83313 0.178711 0.0539551 0.0390625
1 0.082222 0.322461 0.0626831 0.075
1 0.27771 0.289062 0.0904541 0.090625
1 0.955444 0.947266 0.0891113 0.105469
0 0.260452 0.657031 0.0702209 0.0554687
1 0.829956 0.15957 0.0539551 0.0542969
1 0.972504 0.949219 0.0549927 0.101562
0 0.242798 0.652344 0.0412598 0.0421875
1 0.957825 0.875 0.0843506 0.11875
0 0.723236 0.0351562 0.0388794 0.0418945
0 0.189041 0.0568359 0.04245 0.0330078
0 0.634766 0.658594 0.0380859 0.0375
0 0.844238 0.164258 0.072998 0.0671875
1 0.734741 1 0.104736 0
0 0.882248 0.428125 0.235504 0.402344
0 0.643494 0.524219 0.0404663 0.0484375
0 0.0896606 0.713672 0.179321 0.236719
0 0.0946198 0.757422 0.18924 0.232031
0 0.883636 0.328857 0.232727 0.390723
0 0.703796 0.683984 0.320557 0.278906
0 0.622864 0.660547 0.0499878 0.0382813
0 0.111382 0.126367 0.222763 0.252734
0 0.882446 0.230664 0.235107 0.316797
0 0.82373 0.175879 0.352539 0.351758
0 0.53479 0.32207 0.345154 0.256641
0 0.88324 0.524609 0.233521 0.403906
0 0.806946 0.410156 0.349121 0.360938
0 0.13945 0.792969 0.0487976 0.0375
0 0.54203 0.273828 0.347336 0.261719
0 0.240814 0.291016 0.348328 0.277344
0 0.592712 0.339063 0.360229 0.274219
0 0.721649 0.525 0.283264 0.229687
0 0.899902 0.930469 0.200195 0.139062
0 0.656982 0.490625 0.280884 0.266406
0 0.154724 0.776367 0.309448 0.266016
1 0.882248 0.428125 0.235504 0.402344
0 0.737122 0.575 0.309448 0.23125
0 0.703796 0.728125 0.307861 0.275
0 0.041954 0.950781 0.0839081 0.0984375
0 0.0550461 0.0392578 0.110092 0.0785156
0 0.890778 0.142676 0.218445 0.285352
0 0.652222 0.286279 0.404663 0.394629
0 0.795044 0.302344 0.36499 0.349219
0 0.60144 0.280664 0.372925 0.258203
0 0.0370941 0.0485352 0.0741882 0.0970703
0 0.502357 0.258545 0.318771 0.365723
0 0.814087 0.329297 0.350708 0.250781
0 0.500275 0.630469 0.340393 0.284375
0 0.885223 0.826367 0.229553 0.269141
0 0.627625 0.479004 0.279297 0.210742
0 0.818848 0.153711 0.0539551 0.0558594
0 0.66333 0.119336 0.403076 0.238672
0 0.716492 0.11543 0.38562 0.230859
0 0.610962 0.170117 0.265015 0.167578
1 0.884827 0.280469 0.230347 0.385938
0 0.571289 0.266992 0.358643 0.376953
0 0.832657 0.292578 0.334686 0.311719
0 0.742279 0.399609 0.351501 0.341406
0 0.0703201 0.371875 0.14064 0.197656
0 0.549965 0.392188 0.390182 0.33125
0 0.610168 0.412109 0.42688 0.372656
0 0.779175 0.564844 0.285645 0.173438
0 0.445129 0.678906 0.330078 0.270312
0 0.800323 0.128711 0.399353 0.257422
0 0.83226 0.407715 0.33548 0.333008
0 0.670868 0.375391 0.375305 0.325781
0 0.124374 0.432422 0.248749 0.242969
0 0.425293 0.453516 0.352295 0.347656
0 0.0731964 0.435547 0.146393 0.176563
0 0.53241 0.484375 0.29834 0.264844
0 0.883438 0.773438 0.233124 0.2625
0 0.0343666 0.118262 0.0687332 0.236523
0 0.731171 0.157227 0.292786 0.170703
0 0.368958 0.243359 0.272156 0.315625
0 0.732758 0.301367 0.364197 0.359766
0 0.830475 0.351172 0.33905 0.350781
0 0.0917435 0.275391 0.183487 0.202344
0 0.401489 0.297461 0.299927 0.276172
0 0.852295 0.35625 0.29541 0.271875
0 0.230301 0.396875 0.36142 0.370313
0 0.411011 0.385156 0.308655 0.342969
0 0.847931 0.420703 0.304138 0.355469
1 0.88324 0.524609 0.233521 0.403906
0 0.769257 0.535937 0.278503 0.240625
0 0.0879745 0.602734 0.175949 0.225
0 0.0839577 0.676172 0.167915 0.203906
0 0.889587 0.905469 0.220825 0.189063
0 0.504639 0.162109 0.233276 0.142188
0 0.55304 0.162695 0.244385 0.144922
0 0.686737 0.187695 0.283264 0.199219
0 0.188843 0.270654 0.279297 0.234473
0 0.125763 0.511328 0.251526 0.290625
0 0.887207 0.571094 0.225586 0.282813
0 0.0684853 0.630469 0.136971 0.198437
0 0.450783 0.635938 0.363205 0.309375
0 0.825714 0.870703 0.348572 0.258594
0 0.913391 0.048877 0.173218 0.0977539
0 0.754578 0.207764 0.333252 0.250098
0 0.831665 0.286719 0.33667 0.372656
0 0.446716 0.244971 0.307861 0.342871
0 0.875702 0.441504 0.248596 0.26543
0 0.0822716 0.494141 0.164543 0.195312
0 0.128143 0.576563 0.256287 0.3375
0 0.697449 0.632422 0.338013 0.278906
0 0.0573273 0.755469 0.114655 0.24375
0 0.0932312 0.82207 0.186462 0.230859
0 0.155121 0.673828 0.310242 0.261719
0 0.57843 0.939062 0.34436 0.121875
0 0.815872 0.20957 0.348724 0.258984
0 0.684753 0.301953 0.395142 0.242969
0 0.758148 0.322461 0.357849 0.227734
0 0.682373 0.427734 0.404663 0.36875
0 0.230053 0.551172 0.395241 0.407031
0 0.719269 0.518359 0.303894 0.335938
0 0.0914459 0.553906 0.182892 0.203125
0 0.109299 0.650781 0.218597 0.296875
0 0.153137 0.721875 0.306274 0.3
1 0.885223 0.826367 0.229553 0.269141
0 0.890381 0.889844 0.219238 0.220313
0 0.140045 0.942187 0.28009 0.115625
1 0.87439 1 0.104736 0
0 0.795837 0.154199 0.341187 0.186523
0 0.110886 0.225586 0.221771 0.266797
0 0.31163 0.542969 0.357452 0.38125
0 0.468933 0.488281 0.290405 0.271094
0 0.0418549 0.8 0.0837097 0.234375
0 0.891571 0.875 0.216858 0.25
0 0.684753 0.933594 0.347534 0.132812
0 0.606598 0.120703 0.388 0.241406
0 0.878082 0.181836 0.243835 0.236719
0 0.670471 0.16123 0.238037 0.154883
0 0.453957 0.163086 0.241013 0.147656
0 0.38443 0.327539 0.372131 0.326953
0 0.876694 0.388965 0.246613 0.26582
0 0.191025 0.354883 0.296356 0.290234
0 0.594299 0.47666 0.296753 0.245117
0 0.79425 0.535937 0.355469 0.360938
0 0.888 0.622656 0.223999 0.329688
0 0.351501 0.278906 0.328491 0.365625
0 0.544312 0.433594 0.353882 0.275781
0 0.0812302 0.582031 0.16246 0.290625
0 0.551453 0.620313 0.330078 0.242188
0 0.88205 0.729688 0.235901 0.251563
1 0.952271 0.885938 0.095459 0.115625
1 0.890778 0.142676 0.218445 0.285352
0 0.541138 0.117578 0.315796 0.235156
0 0.87709 0.223486 0.245819 0.224121
0 0.103943 0.15 0.207886 0.2125
0 0.876694 0.287109 0.246613 0.261719
0 0.876495 0.339063 0.247009 0.264062
0 0.295216 0.326953 0.371239 0.319531
0 0.0647659 0.323242 0.129532 0.175391
0 0.199158 0.439746 0.350708 0.326758
0 0.0777092 0.530469 0.155418 0.284375
0 0.880264 0.683594 0.239471 0.25625
0 0.0585175 0.675 0.117035 0.195312
0 0.887802 0.741406 0.224396 0.395312
0 0.190628 0.727734 0.332062 0.288281
0 0.284454 0.722656 0.319763 0.240625
0 0.343964 0.719531 0.333252 0.245312
0 0.739502 0.938672 0.345947 0.122656
0 0.0269899 0.337305 0.0420284 0.0472656
0 0.878281 0.617969 0.243439 0.217187
0 0.495117 0.672656 0.308655 0.259375
0 0.0569305 0.266016 0.113861 0.164844
0 0.374908 0.538281 0.309448 0.34375
1 0.656982 0.490625 0.280884 0.266406
0 0.830673 0.550781 0.338654 0.376563
0 0.818375 0.567969 0.363251 0.379687
0 0.0874786 0.641406 0.174957 0.234375
1 0.0839577 0.676172 0.167915 0.203906
0 0.750214 0.78125 0.305481 0.267188
0 0.82988 0.835938 0.34024 0.228125
0 0.833649 0.945703 0.332703 0.108594
0 0.055542 0.0744629 0.111084 0.148926
0 0.218399 0.122852 0.297943 0.245703
0 0.406944 0.165527 0.244583 0.160352
0 0.327648 0.412598 0.396828 0.362305
0 0.073494 0.481348 0.146988 0.276367
0 0.819962 0.503516 0.360077 0.339844
0 0.482422 0.436328 0.330872 0.275781
0 0.605408 0.434766 0.347534 0.275781
0 0.416466 0.510547 0.298538 0.310156
0 0.243393 0.773828 0.339996 0.253906
0 0.890182 0.825977 0.219635 0.348047
0 0.147186 0.827344 0.294373 0.279687
0 0.230499 0.945703 0.361023 0.108594
0 0.171188 0.0734375 0.100372 0.0933594
0 0.856461 0.11543 0.287079 0.230859
0 0.516937 0.147754 0.186462 0.164258
0 0.209076 0.171777 0.282867 0.168945
0 0.191818 0.514746 0.3638 0.348633
0 0.217606 0.557422 0.396332 0.3
0 0.178528 0.6375 0.357056 0.328125
1 0.703796 0.683984 0.320557 0.278906
1 0.883438 0.773438 0.233124 0.2625
1 0.703796 0.728125 0.307861 0.275
0 0.114952 0.357812 0.229904 0.264844
0 0.277115 0.495313 0.412994 0.370313
0 0.381554 0.497656 0.39534 0.359375
0 0.822021 0.553125 0.244385 0.214062
1 0.500275 0.630469 0.340393 0.284375
1 0.154724 0.776367 0.309448 0.266016
0 0.436401 0.944531 0.364197 0.110937
0 0.0968018 0.327539 0.0991821 0.0933594
0 0.826706 0.476562 0.346588 0.270312
0 0.485596 0.525 0.328491 0.276563
0 0.542725 0.525 0.311035 0.248437
1 0.887207 0.571094 0.225586 0.282813
0 0.494423 0.580469 0.323532 0.260938
0 0.0957108 0.93125 0.191422 0.1375
0 0.84317 0.23125 0.31366 0.308594
1 0.806946 0.410156 0.349121 0.360938
0 0.660156 0.43916 0.307861 0.254492
0 0.182495 0.59375 0.355469 0.278906
1 0.0585175 0.675 0.117035 0.195312
0 0.397125 0.709766 0.335632 0.241406
1 0.890381 0.889844 0.219238 0.220313
1 0.899902 0.930469 0.200195 0.139062
0 0.283859 0.946484 0.360626 0.107031
0 0.369354 0.167773 0.247559 0.179688
0 0.055542 0.210596 0.111084 0.190527
0 0.0641708 0.422266 0.128342 0.2625
1 0.627625 0.479004 0.279297 0.210742
1 0.888 0.622656 0.223999 0.329688
0 0.0357056 0.850781 0.0714111 0.228125
0 0.0924377 0.9 0.184875 0.175
1 0.041954 0.950781 0.0839081 0.0984375
0 0.886612 0.961328 0.226776 0.0773437
1 0.125763 0.511328 0.251526 0.290625
0 0.651031 0.626172 0.330872 0.255469
0 0.814209 0.725391 0.371582 0.352344
1 0.0896606 0.713672 0.179321 0.236719
0 0.848724 0.904688 0.302551 0.190625
1 0.111382 0.126367 0.222763 0.252734
0 0.321152 0.128906 0.259857 0.227344
0 0.476868 0.143457 0.192017 0.183008
0 0.841782 0.15957 0.316437 0.208984
1 0.0874786 0.641406 0.174957 0.234375
0 0.858246 0.959375 0.283508 0.08125
0 0.0546989 0.374902 0.109398 0.273633
0 0.284851 0.535547 0.303894 0.274219
1 0.721649 0.525 0.283264 0.229687
1 0.445129 0.678906 0.330078 0.270312
0 0.0570793 0.713281 0.114159 0.175
0 0.66095 0.705469 0.307861 0.307813
1 0.913391 0.048877 0.173218 0.0977539
0 0.0458221 0.318945 0.0916443 0.263672
1 0.124374 0.432422 0.248749 0.242969
0 0.818054 0.565625 0.253906 0.151562
1 0.0684853 0.630469 0.136971 0.198437
0 0.745056 0.82832 0.29834 0.258984
0 0.415871 0.128418 0.263229 0.224023
1 0.128143 0.576563 0.256287 0.3375
0 0.825516 0.601562 0.348969 0.217187
1 0.109299 0.650781 0.218597 0.296875
0 0.216019 0.567187 0.313019 0.20625
0 0.689117 0.583594 0.332458 0.271875
0 0.19281 0.821875 0.329285 0.276563
0 0.0368958 0.156543 0.0737915 0.24082
1 0.878082 0.181836 0.243835 0.236719
0 0.0555916 0.155835 0.111183 0.162549
0 0.194397 0.235352 0.338806 0.299609
1 0.53241 0.484375 0.29834 0.264844
0 0.589539 0.579687 0.315796 0.253125
0 0.785324 0.642969 0.34317 0.326562
0 0.55304 0.667969 0.317383 0.251563
0 0.703796 0.82207 0.301514 0.305859
1 0.891571 0.875 0.216858 0.25
0 0.873123 0.976562 0.253754 0.046875
0 0.0398712 0.262891 0.0797424 0.260938
1 0.0703201 0.371875 0.14064 0.197656
1 0.0731964 0.435547 0.146393 0.176563
0 0.70816 0.450391 0.313416 0.246875
0 0.627228 0.653906 0.0785522 0.0546875
1 0.82373 0.175879 0.352539 0.351758
0 0.242996 0.166016 0.219391 0.155078
1 0.652222 0.286279 0.404663 0.394629
1 0.832657 0.292578 0.334686 0.311719
1 0.814087 0.329297 0.350708 0.250781
1 0.742279 0.399609 0.351501 0.341406
1 0.719269 0.518359 0.303894 0.335938
0 0.587158 0.516797 0.304688 0.221875
1 0.769257 0.535937 0.278503 0.240625
1 0.0879745 0.602734 0.175949 0.225
0 0.824402 0.671484 0.290405 0.278906
0 0.836029 0.874609 0.327942 0.250781
1 0.889587 0.905469 0.220825 0.189063
1 1 0 0 0
0 0.0391769 0.204492 0.0783539 0.228906
1 0.87709 0.223486 0.245819 0.224121
1 0.779175 0.564844 0.285645 0.173438
1 0.450783 0.635938 0.363205 0.309375
1 0.88205 0.729688 0.235901 0.251563
1 0.0943222 0.326953 0.092041 0.0921875
0 0.83313 0.162305 0.0634766 0.0632813
1 0.496704 0.414844 0.0856934 0.078125
1 0.816467 0.218164 0.0888672 0.107422
1 0.503448 0.409375 0.0722046 0.0617188
1 0.430054 0.508594 0.0682373 0.0703125
1 0.106522 0.331836 0.0714111 0.0777344
1 0.820435 0.203516 0.0856934 0.0738281
0 0.831543 0.181592 0.072998 0.0461914
1 0.956635 0.946094 0.086731 0.107813
1 0.83075 0.161719 0.0650635 0.0613281
1 0.49115 0.425 0.0975952 0.0953125
1 0.387604 0.136914 0.0436401 0.0433594
1 0.178131 0.775781 0.0797424 0.0796875
1 0.307861 0.227344 0.125366 0.126563
1 1 0 0 0
0 0.817261 0.152148 0.0539551 0.0582031
1 0.360825 0.992969 0.115448 0.0140625
1 0.0928097 0.326562 0.0964546 0.0960938
0 0.836304 0.1625 0.0603027 0.0621094
0 0.828369 0.157031 0.0539551 0.0511719
1 0.955841 0.949219 0.0883179 0.101562
1 0.305878 0.163867 0.129333 0.121875
0 0.829163 0.166016 0.055542 0.0554687
1 0.948303 0.558203 0.103394 0.126563
1 0.83551 0.162402 0.0618896 0.0623047
0 0.83551 0.183984 0.074585 0.0496094
0 0.836304 0.148145 0.0539551 0.0527344
0 0.819641 0.220361 0.0999756 0.107715
1 0.94989 0.865625 0.10022 0.13125
1 0.560974 0.0905273 0.117432 0.123633
1 0.952667 0.975 0.0946655 0.05
1 0.838684 0.737891 0.157104 0.161719
1 0.300323 0.229883 0.124573 0.11875
1 0.280289 0.285352 0.0916443 0.0859375
0 0.821228 0.206299 0.0809326 0.0959961
1 0.0922394 0.326172 0.0960083 0.0945313
0 0.83313 0.162109 0.0634766 0.0628906
0 0.833923 0.183398 0.074585 0.0546875
1 0.83075 0.161328 0.0650635 0.0644531
1 0.955841 0.876562 0.0883179 0.140625
0 0.83313 0.161816 0.0603027 0.0619141
1 0.0928345 0.325391 0.0944214 0.0914062
1 0.433228 0.51875 0.115845 0.1125
0 0.834717 0.186377 0.0793457 0.0616211
1 0.0918674 0.328711 0.095562 0.0941406
0 0.833923 0.161719 0.0603027 0.0625
1 0.832336 0.161523 0.0618896 0.0601562
0 0.826782 0.166406 0.0523682 0.0578125
0 0.83551 0.178711 0.0634766 0.0507812
1 0.277115 0.673828 0.0392761 0.0382813
0 0.275726 0.675 0.0412598 0.0375
1 0.695862 0.0877197 0.0618896 0.0526855
1 0.10791 0.907031 0.0464172 0.05
1 0.377686 0.733594 0.755371 0.532812
1 0.353088 0.586719 0.0392761 0.0375
1 0.092041 0.327539 0.0926361 0.0925781
0 0.829956 0.160254 0.0571289 0.0583984
0 0.837097 0.144629 0.0491943 0.0427734
0 0.831543 0.173828 0.0571289 0.0585938
1 0.092041 0.329883 0.0971985 0.0964844
0 0.83313 0.163379 0.0603027 0.0595703
0 0.834717 0.177344 0.0603027 0.0527344
1 0.558594 0.103296 0.120605 0.104346
0 0.844238 0.161426 0.0634766 0.0646484
1 0.953857 0.350586 0.0922852 0.104297
1 0.0918179 0.326758 0.0964546 0.0945313
0 0.832336 0.159766 0.0618896 0.0628906
0 0.834717 0.14375 0.0539551 0.0472656
1 0.831543 0.161328 0.0634766 0.0625
0 0.823608 0.144922 0.0571289 0.0453125
1 0.0915451 0.328906 0.0936279 0.0929687
0 0.833923 0.163379 0.0603027 0.0607422
0 0.826782 0.15791 0.0539551 0.0541016
0 0.251526 0.320117 0.0801392 0.0832031
0 0.722839 0.650391 0.0571289 0.0617188
1 0.0926361 0.330078 0.0944214 0.0921875
0 0.83313 0.161133 0.0603027 0.0605469
0 0.845032 0.159863 0.0587158 0.0599609
0 0.825989 0.166992 0.0539551 0.05625
1 0.832336 0.162109 0.0603027 0.0601562
1 0.0916443 0.327734 0.0956116 0.0933594
0 0.83313 0.161328 0.0634766 0.0625
1 0.829163 0.158105 0.0618896 0.0611328
1 0.0940247 0.328516 0.0940247 0.0960938
0 0.831543 0.161621 0.0603027 0.0591797
1 0.976868 0.832812 0.0462646 0.1
1 0.2365 0.199951 0.139549 0.136035
1 0.831543 0.161523 0.0603027 0.0589844
1 0.962585 0.841406 0.0748291 0.090625
1 0.0912476 0.328906 0.0991821 0.0960938
0 0.832336 0.162402 0.0587158 0.0580078
0 0.842651 0.160352 0.0666504 0.0628906
1 0.0124226 1 0.0248451 0
0 0.831543 0.179492 0.0571289 0.0460938
1 0.0924377 0.327734 0.0928345 0.09375
0 0.831543 0.163672 0.0587158 0.0566406
1 0.831543 0.162695 0.0587158 0.0585938
1 1 0.969531 0 0.0609375
1 1 0.0380859 0 0.0761719
1 0.0907516 0.326172 0.0946198 0.09375
0 0.829956 0.163184 0.0571289 0.0576172
0 0.829163 0.175391 0.0507812 0.0523437
0 0.242996 0.321094 0.0892639 0.0945313
1 0.0926361 0.32793 0.0970001 0.0964844
0 0.834717 0.162988 0.0634766 0.0630859
0 0.798218 0.940625 0.0380859 0.0375
0 0.826782 0.158789 0.0571289 0.0589844
1 0.0910244 0.32832 0.098835 0.0980469
0 0.83313 0.162598 0.0587158 0.0591797
0 0.825989 0.158496 0.0523682 0.0541016
0 0.833923 0.179639 0.055542 0.0399414
0 0.825195 0.16875 0.0507812 0.0511719
0 0.831543 0.161914 0.0603027 0.0609375
1 0.0911484 0.328125 0.0958099 0.0953125
0 0.837891 0.157031 0.0587158 0.0546875
0 0.846619 0.158984 0.0618896 0.0609375
0 0.698242 0.0886719 0.0396729 0.0449219
0 0.690308 0.0917969 0.0436401 0.0402344
1 0.0928097 0.330078 0.0928841 0.0914062
0 0.83313 0.163086 0.0603027 0.0601562
1 0.0936279 0.32832 0.0962067 0.0949219
0 0.83313 0.163086 0.0618896 0.059375
0 0.845825 0.160156 0.0666504 0.0640625
1 0.0914459 0.326758 0.0954132 0.0933594
0 0.831543 0.163184 0.0634766 0.0619141
0 0.844238 0.158789 0.0666504 0.0652344
1 0.090826 0.325977 0.0924873 0.0941406
0 0.83313 0.163867 0.0603027 0.059375
1 0.0341187 0.0327148 0.0682373 0.0654297
0 0.83313 0.179883 0.0603027 0.05
1 0.832336 0.163086 0.0603027 0.059375
0 0.266998 0.671875 0.0539551 0.0453125
1 0.0925369 0.32793 0.0944214 0.0914062
0 0.832336 0.163281 0.0603027 0.0609375
1 0.0922394 0.328906 0.0922394 0.0914062
0 0.831543 0.163086 0.0634766 0.0605469
0 0.847412 0.160938 0.0650635 0.0652344
1 0.0811062 0.962891 0.0805855 0.0742188
1 0.0916195 0.328906 0.0924873 0.09375
0 0.832336 0.162402 0.0618896 0.0615234
0 0.845825 0.160156 0.0603027 0.0617188
1 0.0936279 0.327734 0.092041 0.0929687
0 0.83313 0.162012 0.0587158 0.0580078
1 0.0918427 0.327344 0.0928345 0.0914062
0 0.832336 0.162402 0.0603027 0.0619141
0 0.842651 0.157227 0.0634766 0.0675781
1 0.496704 0.421484 0.0952148 0.1
1 0.832336 0.162305 0.0587158 0.0605469
1 0.0925369 0.328125 0.0934296 0.0953125
0 0.831543 0.162891 0.0603027 0.0597656
0 0.278107 0.670313 0.0436401 0.040625
1 0.0897598 0.327344 0.0934296 0.0921875
0 0.83313 0.162012 0.0603027 0.0599609
0 0.842651 0.15957 0.0603027 0.0601562
1 0.0630798 0.942969 0.12616 0.114063
1 0.0936279 0.326953 0.0934296 0.0929687
0 0.834717 0.161328 0.0618896 0.0613281
1 0.0204811 0.95625 0.0409622 0.0875
0 0.834717 0.181592 0.055542 0.0469727
1 0.0918427 0.326562 0.092041 0.0902344
0 0.831543 0.161328 0.0603027 0.0585938
1 0.959015 0.944531 0.0819702 0.110937
0 0.834717 0.182617 0.0539551 0.0441406
1 0.0919418 0.326562 0.0938263 0.090625
0 0.831543 0.162695 0.0618896 0.0609375
0 0.83313 0.183154 0.0603027 0.0485352
1 0.83075 0.163574 0.0634766 0.0607422
0 0.831543 0.162695 0.0603027 0.0589844
1 0.0924129 0.327344 0.0964546 0.0929687
1 0.0953884 0.327344 0.0952644 0.0945313
0 0.831543 0.16377 0.0634766 0.0595703
1 0.0907516 0.327734 0.0938263 0.0914062
0 0.83313 0.16416 0.0634766 0.0603516
1 0.0910492 0.330469 0.0938263 0.09375
0 0.832336 0.161914 0.0603027 0.0597656
1 0 0.239844 0 0.096875
1 0 0.361328 0 0.114844
1 0.832336 0.161621 0.0587158 0.0595703
1 0 0.402734 0 0.104687
1 0 0.952344 0 0.0953125
1 0.0939255 0.327734 0.0934296 0.0929687
0 0.831543 0.16123 0.0603027 0.0580078
1 0.092041 0.327734 0.0938263 0.0945313
0 0.831543 0.162402 0.0603027 0.0587891
1 0.0906773 0.32793 0.0935783 0.0949219
0 0.833923 0.162207 0.0618896 0.0607422
1 0.83313 0.161816 0.0603027 0.0615234
0 0.83313 0.181592 0.0571289 0.0454102
1 0.092041 0.330859 0.0928345 0.0929687
0 0.831543 0.163281 0.0618896 0.0617188
1 0.831543 0.163184 0.0634766 0.0619141
1 0.0925369 0.326367 0.0970001 0.0949219
0 0.83313 0.161719 0.0618896 0.0613281
1 0.0315399 0.0336914 0.0630798 0.0673828
1 0.0922394 0.328125 0.0914459 0.0914062
0 0.833923 0.159961 0.0634766 0.0609375
1 0.0916443 0.328516 0.0924377 0.0921875
0 0.83313 0.161914 0.0618896 0.059375
1 0.092041 0.327344 0.092041 0.0929687
0 0.83313 0.163672 0.0603027 0.0597656
1 0.0914211 0.327734 0.0932808 0.0921875
0 0.832336 0.162891 0.0603027 0.0597656
0 0.27771 0.675781 0.0452271 0.0484375
1 0.0926361 0.330078 0.0946198 0.09375
0 0.833923 0.162695 0.0587158 0.0558594
1 0.0918427 0.329492 0.0914459 0.090625
0 0.83313 0.162891 0.0603027 0.0609375
1 0.0911484 0.327734 0.0930328 0.0953125
0 0.83313 0.162891 0.0603027 0.0582031
0 0.843445 0.160352 0.0618896 0.0625
1 0.093132 0.330078 0.0938263 0.0929687
0 0.83313 0.161914 0.0618896 0.0605469
1 0.0913467 0.329688 0.0918427 0.0945313
0 0.83313 0.164258 0.0603027 0.0589844
1 0.09095 0.328125 0.0930328 0.0921875
0 0.831543 0.1625 0.0634766 0.0609375
1 0.0913467 0.326172 0.0910492 0.0898438
0 0.831543 0.162891 0.0603027 0.0597656
0 0.842651 0.161914 0.0603027 0.0628906
0 0.837891 0.171094 0.0460205 0.0476562
0 0.831543 0.1625 0.0634766 0.0589844
1 0.0917435 0.329688 0.0930328 0.090625
0 0.842651 0.161719 0.0603027 0.0609375
0 0.831543 0.162891 0.0603027 0.0578125
1 0.0918179 0.327539 0.0936775 0.0921875
1 0.951477 0.946094 0.0970459 0.107813
1 0.0920658 0.328516 0.0939751 0.0914062
0 0.832336 0.164844 0.0603027 0.059375
1 0.0910492 0.325781 0.0932312 0.0921875
0 0.831543 0.163281 0.0634766 0.0597656
1 0.831543 0.163281 0.0634766 0.0617188
1 0.0900574 0.326172 0.0938263 0.0914062
0 0.832336 0.163379 0.0634766 0.0607422
1 0.0916195 0.327539 0.0940742 0.0925781
0 0.829956 0.165039 0.0634766 0.0621094
0 0.831543 0.1625 0.0618896 0.0605469
1 0.0918427 0.327734 0.0956116 0.0929687
1 0.0914211 0.325195 0.0940742 0.0941406
0 0.832336 0.162109 0.0634766 0.0621094
1 0.0914211 0.325 0.0912971 0.0910156
0 0.83313 0.162891 0.0666504 0.0640625
1 0.0918179 0.325781 0.0936775 0.09375
0 0.832336 0.165039 0.0603027 0.0597656
1 0.0910244 0.327734 0.0912971 0.09375
0 0.833923 0.16377 0.0618896 0.0607422
1 0.953064 0.946875 0.0938721 0.10625
1 0.0912724 0.323828 0.0959587 0.09375
0 0.831543 0.163086 0.0634766 0.0621094
1 0.0911484 0.325391 0.0952148 0.096875
0 0.83313 0.162695 0.0634766 0.0621094
1 0.0897598 0.327539 0.0960083 0.0941406
0 0.831543 0.164648 0.0603027 0.0589844
1 0.0912724 0.328516 0.0939751 0.0921875
0 0.83313 0.163281 0.0650635 0.0640625
1 0.0923386 0.329102 0.0938263 0.0933594
0 0.831543 0.163965 0.0618896 0.0615234
1 0.952271 0.944531 0.095459 0.110937
1 0.0934296 0.329297 0.0932312 0.090625
0 0.831543 0.161719 0.0634766 0.0632813
1 0.0905533 0.328906 0.0952148 0.0929687
0 0.83075 0.1625 0.0666504 0.0652344
0 0.831543 0.163477 0.0634766 0.0609375
1 0.0906773 0.332617 0.0951653 0.0933594
0 0.832336 0.164844 0.0618896 0.0609375
1 0.0908508 0.328125 0.0944214 0.09375
1 0.832336 0.164746 0.0618896 0.0607422
1 0.437195 0.0288086 0.109497 0.0576172
1 0.953857 0.946875 0.0922852 0.10625
1 0.0906525 0.328516 0.0936279 0.0914062
0 0.831543 0.164648 0.0618896 0.0613281
1 0.0920658 0.326953 0.095562 0.09375
0 0.832336 0.162695 0.0634766 0.0625
1 0.0915451 0.324219 0.0928345 0.0929687
0 0.83313 0.164258 0.0634766 0.0613281
0 0.829163 0.17041 0.0491943 0.0572266
0 0.83313 0.162891 0.0634766 0.0632813
1 0.0905533 0.323828 0.0956116 0.0921875
1 0.0912228 0.325781 0.0948677 0.0929687
0 0.831543 0.162891 0.0634766 0.0625
1 0.0906525 0.325391 0.0956116 0.0929687
0 0.83313 0.163867 0.0666504 0.0628906
0 0.83313 0.163477 0.0634766 0.0613281
1 0.0900574 0.325781 0.0956116 0.0953125
1 0.0939999 0.325586 0.0960579 0.0945313
0 0.831543 0.162891 0.0634766 0.0609375
1 0.093008 0.324609 0.0960579 0.0945313
0 0.831543 0.163281 0.0634766 0.0625
0 0.68634 0.91875 0.0436401 0.040625
0 0.837097 0.171191 0.0428467 0.0541016
0 0.828369 0.173828 0.0476074 0.0503906
1 0.0926609 0.324414 0.0959587 0.0941406
0 0.831543 0.164648 0.0634766 0.0628906
1 0.0913467 0.326172 0.0946198 0.09375
0 0.831543 0.164062 0.0634766 0.0621094
1 0.090826 0.327539 0.0952644 0.0910156
0 0.829956 0.163281 0.0650635 0.0625
0 0.829956 0.166211 0.0634766 0.0625
1 0.090826 0.327734 0.0920906 0.0945313
1 0.0920162 0.325391 0.0936775 0.0949219
0 0.83075 0.162891 0.0634766 0.0617188
0 0.837891 0.172461 0.0444336 0.0503906
0 0.829956 0.164062 0.0634766 0.0632813
1 0.0892639 0.323438 0.0958099 0.0929687
1 0.0900822 0.326172 0.095562 0.0945313
0 0.831543 0.162695 0.0618896 0.0617188
0 0.832336 0.161816 0.0618896 0.0615234
1 0.0904293 0.327148 0.0940742 0.09375
1 0.0380859 0.0323486 0.0761719 0.0646973
1 0.0900326 0.327734 0.0960579 0.0929687
0 0.83313 0.161719 0.0603027 0.0609375
1 0.0897598 0.327539 0.0958099 0.0933594
0 0.832336 0.163086 0.0618896 0.0605469
1 0.0910492 0.329297 0.0950165 0.0953125
0 0.831543 0.164453 0.0634766 0.0609375
1 0.0921402 0.325195 0.094223 0.0949219
0 0.832336 0.163086 0.0618896 0.0605469
1 0.0389786 0.0342773 0.0779572 0.0685547
1 0.0912476 0.326953 0.0952148 0.09375
0 0.831543 0.16416 0.0634766 0.0611328
1 0.0891647 0.325 0.0950165 0.09375
0 0.831543 0.163867 0.0603027 0.0605469
1 0.0374908 0.0350342 0.0749817 0.0700684
1 0.0886688 0.325586 0.0954132 0.0933594
0 0.831543 0.16377 0.0603027 0.0595703
1 0.0414085 0.0352783 0.0828171 0.0705566
0 0.83075 0.163477 0.0618896 0.0609375
1 0.0903549 0.325 0.0926361 0.0933594
0 0.827576 0.172949 0.0476074 0.0509766
1 0.0439377 0.0362793 0.0878754 0.0725586
0 0.836304 0.172363 0.0476074 0.0505859
1 0.0872555 0.326562 0.0912971 0.0914062
0 0.83313 0.164746 0.0603027 0.0595703
1 0.0890903 0.327344 0.0959587 0.09375
0 0.831543 0.163867 0.0603027 0.0609375
0 0.831543 0.160938 0.0603027 0.0613281
1 0.0902557 0.325781 0.0960083 0.0921875
1 0.0929337 0.326953 0.094223 0.0921875
0 0.831543 0.161133 0.0603027 0.0601562
1 0.618896 0.0382813 0.0983887 0.0765625
1 0.952271 0.944141 0.095459 0.111719
1 0.0894871 0.328906 0.0951653 0.0914062
0 0.831543 0.164062 0.0603027 0.0605469
1 0.0899582 0.326367 0.0946198 0.0933594
0 0.832336 0.164258 0.0618896 0.0597656
1 0.0908508 0.325 0.096405 0.0945313
0 0.831543 0.164648 0.0634766 0.0621094
1 0.0423508 0.0364502 0.0847015 0.0729004
1 0.0897598 0.323438 0.0960083 0.0929687
0 0.831543 0.163086 0.0634766 0.0613281
1 0.0346394 0.0352051 0.0692787 0.0704102
1 0.0892391 0.324609 0.0960579 0.09375
0 0.831543 0.163379 0.0634766 0.0626953
1 0.0417557 0.0367432 0.0835114 0.0734863
1 0.241608 0.375879 0.083313 0.0826172
1 0.0904789 0.326172 0.0939751 0.0914062
0 0.831543 0.1625 0.0634766 0.0613281
1 0.0908508 0.324805 0.0936279 0.0925781
0 0.831543 0.163281 0.0650635 0.0636719
1 0.953857 0.949219 0.0922852 0.101562
1 0.0878506 0.325 0.0909004 0.090625
0 0.831543 0.162695 0.0634766 0.0613281
0 0.826782 0.173145 0.0507812 0.0513672
0 0.826782 0.14707 0.0491943 0.0484375
1 0.0903549 0.324805 0.0930328 0.0925781
0 0.831543 0.161914 0.0603027 0.0597656
1 0.0910492 0.325586 0.0950165 0.0925781
0 0.831543 0.162891 0.0634766 0.0621094
1 0.0884705 0.32793 0.0938263 0.0910156
0 0.831543 0.162305 0.0634766 0.0625
0 0.825195 0.173633 0.0507812 0.053125
1 0.0899582 0.327344 0.0944214 0.0929687
0 0.831543 0.162305 0.0634766 0.0609375
1 0.0906525 0.327344 0.0936279 0.09375
0 0.831543 0.163086 0.0634766 0.0617188
1 0.0911484 0.326562 0.0950165 0.0945313
0 0.829956 0.163672 0.0634766 0.0621094
1 0.0903549 0.327734 0.0938263 0.0945313
0 0.831543 0.162305 0.0603027 0.0597656
1 0.0904541 0.325781 0.092041 0.0921875
0 0.831543 0.163281 0.0603027 0.0609375
1 0.0893631 0.325586 0.0938263 0.090625
0 0.831543 0.162207 0.0618896 0.0607422
1 0.090826 0.329102 0.0932808 0.0925781
0 0.831543 0.163086 0.0603027 0.0605469
1 0.955841 0.945312 0.0883179 0.109375
1 0.0898342 0.328516 0.0940742 0.0921875
0 0.831543 0.1625 0.0618896 0.0597656
1 0.959412 0.947656 0.0811768 0.104687
1 0.0933304 0.32793 0.0946198 0.0941406
0 0.831543 0.162988 0.0634766 0.0603516
1 0.0925369 0.326953 0.0958099 0.0945313
0 0.831543 0.164062 0.0634766 0.0609375
1 0.953461 0.946875 0.0930786 0.10625
1 0.0918427 0.325391 0.0950165 0.0941406
0 0.832336 0.163867 0.0618896 0.0597656
1 0.954651 0.947656 0.0906982 0.104687
1 0.0914707 0.327734 0.0959587 0.0945313
0 0.829956 0.164648 0.0603027 0.0605469
1 0.960205 0.95 0.0795898 0.1
1 0.0898342 0.327734 0.0936775 0.0929687
0 0.831543 0.161719 0.0603027 0.0601562
1 0.955444 0.946875 0.0891113 0.10625
1 0.0922146 0.324805 0.0952644 0.0925781
0 0.831543 0.162695 0.0634766 0.0609375
1 0.955841 0.947656 0.0883179 0.104687
1 0.0925369 0.329492 0.0956116 0.0957031
0 0.831543 0.162598 0.0618896 0.0599609
1 0.948303 0.996875 0.103394 0.00625
1 0.923584 0.996094 0.115845 0.0078125
1 0.0916443 0.32832 0.0954132 0.0933594
0 0.831543 0.163672 0.0603027 0.0589844
1 0.956238 0.946875 0.0875244 0.10625
1 0.94989 0.996094 0.10022 0.0078125
1 0.0926609 0.327344 0.0939751 0.0921875
0 0.829956 0.163086 0.0634766 0.0613281
1 0.958618 0.947656 0.0827637 0.104687
1 0.0934296 0.325586 0.0952148 0.0945313
0 0.829956 0.163672 0.0603027 0.0601562
1 0.956238 0.948828 0.0875244 0.102344
1 0.953064 0.499219 0.0938721 0.11875
1 0.0917435 0.326562 0.0944214 0.09375
0 0.83075 0.165039 0.0618896 0.0613281
1 0.955841 0.948828 0.0883179 0.102344
1 0.722046 0.861719 0.126953 0.126563
1 0.0940247 0.328125 0.0948181 0.09375
0 0.83075 0.163281 0.0618896 0.0601562
1 0.959808 0.950391 0.0803833 0.0992187
1 0.325912 0.594531 0.126556 0.1125
1 0.0932312 0.326562 0.0932312 0.0921875
0 0.829956 0.163477 0.0634766 0.0601562
1 0.0893631 0.326953 0.0946198 0.09375
0 0.829956 0.164258 0.0634766 0.0613281
1 0.092041 0.325977 0.0938263 0.0933594
0 0.829956 0.164453 0.0634766 0.0605469
1 0.0935287 0.326562 0.0938263 0.0929687
0 0.829956 0.163477 0.0618896 0.0609375
1 0.956635 0.946875 0.086731 0.10625
1 0.0915451 0.327539 0.0938263 0.0929687
0 0.829163 0.164648 0.0618896 0.0609375
1 0.952667 0.945312 0.0946655 0.109375
1 0.0365982 0.0346924 0.0731964 0.0693848
1 0.0916443 0.328125 0.0948181 0.0921875
0 0.831543 0.163867 0.0634766 0.0617188
1 0.178329 0.74375 0.10434 0.10625
1 0.0914459 0.328516 0.0944214 0.0929687
0 0.831543 0.164258 0.0634766 0.0617188
1 0.0913467 0.326172 0.0962067 0.0945313
0 0.831543 0.16416 0.0634766 0.0619141
1 0.0905533 0.327734 0.094223 0.09375
0 0.831543 0.163086 0.0618896 0.0605469
1 0.089859 0.32793 0.0932312 0.0933594
0 0.831543 0.162109 0.0634766 0.0613281
1 0.0907516 0.329102 0.0950165 0.0949219
0 0.829956 0.163086 0.0634766 0.0613281
1 0.0916443 0.327148 0.0936279 0.0929687
0 0.83075 0.163281 0.0634766 0.0617188
1 0.0908508 0.327344 0.0938263 0.0914062
0 0.829956 0.161523 0.0603027 0.0601562
1 0.0905533 0.327148 0.0936279 0.0933594
0 0.831543 0.162305 0.0603027 0.0601562
1 0.0912476 0.327344 0.0944214 0.09375
0 0.829956 0.161914 0.0634766 0.0609375
1 0.0910492 0.326953 0.0934296 0.0921875
0 0.829163 0.162598 0.0618896 0.0603516
1 0.0915451 0.326562 0.0938263 0.0921875
0 0.83075 0.1625 0.0618896 0.0605469
1 0.0917435 0.327148 0.0934296 0.0933594
0 0.829956 0.1625 0.0618896 0.0609375
1 0.0910244 0.326172 0.0928841 0.0925781
0 0.829956 0.161914 0.0634766 0.0609375
1 0.0915451 0.327734 0.0938263 0.09375
0 0.829956 0.1625 0.0634766 0.0613281
1 0.0416069 0.0348877 0.0832138 0.0697754
1 0.0912476 0.328906 0.0934296 0.0921875
0 0.829956 0.162695 0.0618896 0.0609375
1 0.0930328 0.328906 0.0948181 0.0945313
0 0.829956 0.162695 0.0634766 0.0613281
1 0.0923386 0.326953 0.0938263 0.0921875
0 0.829956 0.162012 0.0603027 0.0607422
1 0.0891647 0.329102 0.094223 0.0933594
0 0.829956 0.163477 0.0634766 0.0609375
1 0.0922394 0.329688 0.0936279 0.0921875
0 0.829956 0.162793 0.0618896 0.0603516
1 0.0913467 0.328125 0.0938263 0.0921875
0 0.829956 0.162598 0.0603027 0.0599609
1 0.0901566 0.329492 0.0934296 0.0933594
0 0.829956 0.162891 0.0603027 0.0597656
1 0.0908508 0.329297 0.0948181 0.0945313
0 0.829956 0.1625 0.0603027 0.0601562
1 0.092041 0.329102 0.0932312 0.0925781
0 0.829163 0.1625 0.0618896 0.0609375
1 0.0910492 0.32793 0.0944214 0.0933594
0 0.829163 0.162891 0.0618896 0.0605469
1 0.093008 0.32793 0.094471 0.0941406
0 0.829163 0.16377 0.0618896 0.0603516
1 0.0916195 0.328711 0.094471 0.0941406
0 0.829956 0.162305 0.0603027 0.0601562
1 0.0922642 0.328125 0.0947685 0.09375
0 0.829956 0.163086 0.0618896 0.0609375
1 0.0906277 0.327344 0.0948677 0.0953125
0 0.829956 0.162695 0.0603027 0.0597656
1 0.0903549 0.326953 0.0950165 0.0945313
0 0.829956 0.162207 0.0603027 0.0591797
1 0.0918427 0.326172 0.0960083 0.0945313
0 0.829956 0.162207 0.0603027 0.0603516
1 0.0916195 0.327344 0.0952644 0.0941406
0 0.829956 0.1625 0.0618896 0.0609375
1 0.0924625 0.325781 0.0947685 0.0921875
0 0.829956 0.162793 0.0618896 0.0603516
1 0.0928593 0.327344 0.0943718 0.09375
0 0.829956 0.162891 0.0634766 0.0605469
1 0.0924625 0.327344 0.0947685 0.0929687
0 0.83075 0.162305 0.0618896 0.0613281
1 0.0934048 0.326562 0.0936775 0.0921875
0 0.829956 0.162012 0.0618896 0.0603516
1 0.0927353 0.327734 0.0948181 0.0945313
0 0.829956 0.162305 0.0618896 0.0609375
1 0.0927353 0.326953 0.0946198 0.0929687
0 0.829956 0.162695 0.0634766 0.0605469
1 0.0925369 0.328125 0.0946198 0.09375
0 0.829956 0.163086 0.0618896 0.0605469
1 0.0934544 0.328516 0.0947685 0.09375
0 0.829956 0.1625 0.0603027 0.0605469
1 0.0922146 0.327734 0.094471 0.09375
0 0.829956 0.1625 0.0618896 0.0601562
1 0.093132 0.326953 0.094223 0.0929687
0 0.829956 0.161914 0.0618896 0.0605469
1 0.0928097 0.327539 0.0948677 0.0941406
0 0.829956 0.162793 0.0618896 0.0603516
1 0.0921402 0.329102 0.0950165 0.0941406
0 0.829956 0.162207 0.0603027 0.0603516
1 0.0922146 0.329297 0.0948677 0.0945313
0 0.829956 0.162109 0.0618896 0.0605469
1 0.0914459 0.329297 0.0944214 0.09375
0 0.829956 0.162891 0.0618896 0.0605469
1 0.0934296 0.327734 0.0944214 0.09375
0 0.829956 0.162305 0.0603027 0.0601562
1 0.0922642 0.328516 0.0943718 0.09375
0 0.829956 0.162109 0.0603027 0.0601562
1 0.0900326 0.329883 0.094471 0.0941406
0 0.829956 0.162207 0.0603027 0.0599609
1 0.0893631 0.329883 0.0946198 0.0941406
0 0.83075 0.162109 0.0603027 0.0597656
1 0.0902557 0.329297 0.0948181 0.09375
0 0.829956 0.162305 0.0603027 0.0601562
1 0.0904789 0.329102 0.0951653 0.0941406
0 0.829956 0.162305 0.0603027 0.0601562
1 0.0899582 0.329102 0.0950165 0.0941406
0 0.829956 0.162305 0.0603027 0.0601562
1 0.0902557 0.329102 0.0948181 0.0941406
0 0.829956 0.1625 0.0603027 0.0601562
1 0.0895615 0.329102 0.0950165 0.0941406
0 0.829956 0.1625 0.0603027 0.0601562
1 0.0892639 0.329297 0.0948181 0.09375
0 0.829956 0.162695 0.0603027 0.0601562
1 0.0896358 0.329297 0.0948677 0.09375
0 0.829956 0.162695 0.0603027 0.0601562
1 0.0897598 0.329102 0.0950165 0.0941406
0 0.829956 0.162695 0.0603027 0.0601562
1 0.0936279 0.326367 0.0946198 0.0902344
0 0.831543 0.161328 0.0603027 0.0585938
0 0.841858 0.167383 0.0603027 0.0617188
1 0.959015 0.944531 0.0819702 0.110937
0 0.260254 0.309375 0.0666504 0.0703125
0 0.834717 0.182617 0.0539551 0.0441406
0 0.83551 0.153662 0.055542 0.0512695
